,Person,Group,Item,Threshold,Response
0,Person_1,Group_2,Item_1,Threshold_1,0.0
1,Person_3,Group_2,Item_1,Threshold_1,1.0
2,Person_4,Group_1,Item_1,Threshold_1,0.0
3,Person_8,Group_2,Item_1,Threshold_1,0.0
4,Person_13,Group_1,Item_1,Threshold_1,1.0
5,Person_15,Group_1,Item_1,Threshold_1,0.0
6,Person_18,Group_1,Item_1,Threshold_1,0.0
7,Person_19,Group_1,Item_1,Threshold_1,0.0
8,Person_25,Group_2,Item_1,Threshold_1,1.0
9,Person_27,Group_1,Item_1,Threshold_1,1.0
10,Person_28,Group_1,Item_1,Threshold_1,1.0
11,Person_34,Group_2,Item_1,Threshold_1,1.0
12,Person_35,Group_1,Item_1,Threshold_1,1.0
13,Person_36,Group_1,Item_1,Threshold_1,0.0
14,Person_41,Group_2,Item_1,Threshold_1,1.0
15,Person_49,Group_1,Item_1,Threshold_1,0.0
16,Person_52,Group_2,Item_1,Threshold_1,0.0
17,Person_55,Group_2,Item_1,Threshold_1,1.0
18,Person_59,Group_2,Item_1,Threshold_1,1.0
19,Person_62,Group_2,Item_1,Threshold_1,0.0
20,Person_64,Group_1,Item_1,Threshold_1,1.0
21,Person_66,Group_1,Item_1,Threshold_1,1.0
22,Person_68,Group_2,Item_1,Threshold_1,0.0
23,Person_70,Group_1,Item_1,Threshold_1,1.0
24,Person_74,Group_1,Item_1,Threshold_1,0.0
25,Person_81,Group_2,Item_1,Threshold_1,0.0
26,Person_87,Group_1,Item_1,Threshold_1,0.0
27,Person_93,Group_1,Item_1,Threshold_1,1.0
28,Person_97,Group_2,Item_1,Threshold_1,1.0
29,Person_101,Group_2,Item_1,Threshold_1,1.0
30,Person_104,Group_2,Item_1,Threshold_1,0.0
31,Person_110,Group_1,Item_1,Threshold_1,0.0
32,Person_114,Group_2,Item_1,Threshold_1,0.0
33,Person_116,Group_1,Item_1,Threshold_1,0.0
34,Person_117,Group_2,Item_1,Threshold_1,1.0
35,Person_121,Group_2,Item_1,Threshold_1,1.0
36,Person_127,Group_2,Item_1,Threshold_1,1.0
37,Person_130,Group_1,Item_1,Threshold_1,1.0
38,Person_137,Group_2,Item_1,Threshold_1,0.0
39,Person_140,Group_2,Item_1,Threshold_1,0.0
40,Person_143,Group_2,Item_1,Threshold_1,0.0
41,Person_146,Group_1,Item_1,Threshold_1,0.0
42,Person_153,Group_2,Item_1,Threshold_1,1.0
43,Person_154,Group_2,Item_1,Threshold_1,0.0
44,Person_156,Group_1,Item_1,Threshold_1,0.0
45,Person_157,Group_1,Item_1,Threshold_1,0.0
46,Person_159,Group_1,Item_1,Threshold_1,0.0
47,Person_161,Group_2,Item_1,Threshold_1,1.0
48,Person_164,Group_2,Item_1,Threshold_1,0.0
49,Person_169,Group_2,Item_1,Threshold_1,0.0
50,Person_170,Group_2,Item_1,Threshold_1,0.0
51,Person_179,Group_1,Item_1,Threshold_1,0.0
52,Person_181,Group_1,Item_1,Threshold_1,0.0
53,Person_184,Group_2,Item_1,Threshold_1,1.0
54,Person_187,Group_2,Item_1,Threshold_1,0.0
55,Person_189,Group_2,Item_1,Threshold_1,1.0
56,Person_190,Group_1,Item_1,Threshold_1,0.0
57,Person_191,Group_1,Item_1,Threshold_1,1.0
58,Person_192,Group_1,Item_1,Threshold_1,0.0
59,Person_193,Group_2,Item_1,Threshold_1,0.0
60,Person_194,Group_1,Item_1,Threshold_1,0.0
61,Person_199,Group_2,Item_1,Threshold_1,0.0
62,Person_202,Group_2,Item_1,Threshold_1,0.0
63,Person_205,Group_2,Item_1,Threshold_1,0.0
64,Person_208,Group_1,Item_1,Threshold_1,1.0
65,Person_214,Group_1,Item_1,Threshold_1,1.0
66,Person_217,Group_2,Item_1,Threshold_1,0.0
67,Person_218,Group_1,Item_1,Threshold_1,1.0
68,Person_223,Group_2,Item_1,Threshold_1,1.0
69,Person_225,Group_1,Item_1,Threshold_1,1.0
70,Person_226,Group_2,Item_1,Threshold_1,0.0
71,Person_229,Group_1,Item_1,Threshold_1,1.0
72,Person_236,Group_2,Item_1,Threshold_1,1.0
73,Person_250,Group_2,Item_1,Threshold_1,1.0
74,Person_251,Group_1,Item_1,Threshold_1,0.0
75,Person_258,Group_1,Item_1,Threshold_1,1.0
76,Person_262,Group_2,Item_1,Threshold_1,1.0
77,Person_263,Group_2,Item_1,Threshold_1,0.0
78,Person_268,Group_1,Item_1,Threshold_1,0.0
79,Person_271,Group_2,Item_1,Threshold_1,0.0
80,Person_272,Group_2,Item_1,Threshold_1,1.0
81,Person_275,Group_2,Item_1,Threshold_1,0.0
82,Person_281,Group_1,Item_1,Threshold_1,1.0
83,Person_283,Group_1,Item_1,Threshold_1,1.0
84,Person_285,Group_1,Item_1,Threshold_1,0.0
85,Person_288,Group_2,Item_1,Threshold_1,0.0
86,Person_293,Group_1,Item_1,Threshold_1,0.0
87,Person_294,Group_2,Item_1,Threshold_1,1.0
88,Person_295,Group_2,Item_1,Threshold_1,0.0
89,Person_307,Group_1,Item_1,Threshold_1,1.0
90,Person_309,Group_2,Item_1,Threshold_1,1.0
91,Person_312,Group_2,Item_1,Threshold_1,1.0
92,Person_313,Group_1,Item_1,Threshold_1,1.0
93,Person_318,Group_2,Item_1,Threshold_1,0.0
94,Person_319,Group_1,Item_1,Threshold_1,0.0
95,Person_320,Group_1,Item_1,Threshold_1,0.0
96,Person_321,Group_1,Item_1,Threshold_1,1.0
97,Person_322,Group_2,Item_1,Threshold_1,0.0
98,Person_325,Group_1,Item_1,Threshold_1,0.0
99,Person_328,Group_1,Item_1,Threshold_1,0.0
100,Person_331,Group_2,Item_1,Threshold_1,0.0
101,Person_333,Group_2,Item_1,Threshold_1,0.0
102,Person_334,Group_2,Item_1,Threshold_1,0.0
103,Person_342,Group_2,Item_1,Threshold_1,0.0
104,Person_344,Group_1,Item_1,Threshold_1,0.0
105,Person_348,Group_2,Item_1,Threshold_1,0.0
106,Person_349,Group_2,Item_1,Threshold_1,0.0
107,Person_350,Group_1,Item_1,Threshold_1,1.0
108,Person_352,Group_2,Item_1,Threshold_1,0.0
109,Person_356,Group_2,Item_1,Threshold_1,0.0
110,Person_357,Group_1,Item_1,Threshold_1,1.0
111,Person_358,Group_1,Item_1,Threshold_1,0.0
112,Person_360,Group_1,Item_1,Threshold_1,0.0
113,Person_362,Group_2,Item_1,Threshold_1,0.0
114,Person_367,Group_2,Item_1,Threshold_1,0.0
115,Person_374,Group_2,Item_1,Threshold_1,1.0
116,Person_376,Group_2,Item_1,Threshold_1,1.0
117,Person_377,Group_1,Item_1,Threshold_1,0.0
118,Person_378,Group_1,Item_1,Threshold_1,1.0
119,Person_383,Group_2,Item_1,Threshold_1,0.0
120,Person_390,Group_2,Item_1,Threshold_1,1.0
121,Person_392,Group_1,Item_1,Threshold_1,0.0
122,Person_394,Group_1,Item_1,Threshold_1,0.0
123,Person_401,Group_2,Item_1,Threshold_1,1.0
124,Person_405,Group_2,Item_1,Threshold_1,1.0
125,Person_409,Group_2,Item_1,Threshold_1,0.0
126,Person_412,Group_1,Item_1,Threshold_1,0.0
127,Person_414,Group_1,Item_1,Threshold_1,1.0
128,Person_415,Group_1,Item_1,Threshold_1,1.0
129,Person_419,Group_1,Item_1,Threshold_1,0.0
130,Person_420,Group_2,Item_1,Threshold_1,0.0
131,Person_424,Group_1,Item_1,Threshold_1,0.0
132,Person_425,Group_1,Item_1,Threshold_1,0.0
133,Person_426,Group_1,Item_1,Threshold_1,0.0
134,Person_430,Group_1,Item_1,Threshold_1,1.0
135,Person_431,Group_1,Item_1,Threshold_1,0.0
136,Person_432,Group_1,Item_1,Threshold_1,1.0
137,Person_438,Group_2,Item_1,Threshold_1,0.0
138,Person_449,Group_2,Item_1,Threshold_1,1.0
139,Person_450,Group_1,Item_1,Threshold_1,1.0
140,Person_452,Group_1,Item_1,Threshold_1,1.0
141,Person_458,Group_1,Item_1,Threshold_1,1.0
142,Person_460,Group_2,Item_1,Threshold_1,1.0
143,Person_464,Group_2,Item_1,Threshold_1,1.0
144,Person_470,Group_1,Item_1,Threshold_1,0.0
145,Person_473,Group_1,Item_1,Threshold_1,0.0
146,Person_474,Group_1,Item_1,Threshold_1,0.0
147,Person_475,Group_2,Item_1,Threshold_1,0.0
148,Person_478,Group_2,Item_1,Threshold_1,1.0
149,Person_480,Group_1,Item_1,Threshold_1,0.0
150,Person_481,Group_1,Item_1,Threshold_1,0.0
151,Person_488,Group_2,Item_1,Threshold_1,1.0
152,Person_492,Group_2,Item_1,Threshold_1,0.0
153,Person_494,Group_1,Item_1,Threshold_1,1.0
154,Person_501,Group_1,Item_1,Threshold_1,1.0
155,Person_507,Group_2,Item_1,Threshold_1,0.0
156,Person_508,Group_2,Item_1,Threshold_1,0.0
157,Person_509,Group_2,Item_1,Threshold_1,1.0
158,Person_516,Group_1,Item_1,Threshold_1,1.0
159,Person_517,Group_1,Item_1,Threshold_1,0.0
160,Person_522,Group_1,Item_1,Threshold_1,1.0
161,Person_529,Group_1,Item_1,Threshold_1,0.0
162,Person_532,Group_1,Item_1,Threshold_1,0.0
163,Person_533,Group_2,Item_1,Threshold_1,1.0
164,Person_535,Group_2,Item_1,Threshold_1,1.0
165,Person_538,Group_1,Item_1,Threshold_1,0.0
166,Person_547,Group_1,Item_1,Threshold_1,1.0
167,Person_548,Group_1,Item_1,Threshold_1,0.0
168,Person_549,Group_1,Item_1,Threshold_1,1.0
169,Person_550,Group_1,Item_1,Threshold_1,0.0
170,Person_552,Group_2,Item_1,Threshold_1,0.0
171,Person_553,Group_2,Item_1,Threshold_1,0.0
172,Person_560,Group_1,Item_1,Threshold_1,0.0
173,Person_562,Group_1,Item_1,Threshold_1,0.0
174,Person_568,Group_2,Item_1,Threshold_1,0.0
175,Person_569,Group_1,Item_1,Threshold_1,0.0
176,Person_571,Group_1,Item_1,Threshold_1,1.0
177,Person_572,Group_1,Item_1,Threshold_1,1.0
178,Person_573,Group_2,Item_1,Threshold_1,1.0
179,Person_576,Group_1,Item_1,Threshold_1,1.0
180,Person_579,Group_1,Item_1,Threshold_1,1.0
181,Person_581,Group_1,Item_1,Threshold_1,0.0
182,Person_582,Group_2,Item_1,Threshold_1,0.0
183,Person_583,Group_2,Item_1,Threshold_1,0.0
184,Person_584,Group_1,Item_1,Threshold_1,0.0
185,Person_590,Group_2,Item_1,Threshold_1,1.0
186,Person_594,Group_1,Item_1,Threshold_1,0.0
187,Person_597,Group_2,Item_1,Threshold_1,1.0
188,Person_598,Group_2,Item_1,Threshold_1,0.0
189,Person_604,Group_1,Item_1,Threshold_1,1.0
190,Person_608,Group_1,Item_1,Threshold_1,0.0
191,Person_609,Group_1,Item_1,Threshold_1,1.0
192,Person_610,Group_2,Item_1,Threshold_1,1.0
193,Person_612,Group_1,Item_1,Threshold_1,1.0
194,Person_618,Group_2,Item_1,Threshold_1,0.0
195,Person_620,Group_2,Item_1,Threshold_1,0.0
196,Person_626,Group_2,Item_1,Threshold_1,0.0
197,Person_627,Group_2,Item_1,Threshold_1,1.0
198,Person_634,Group_2,Item_1,Threshold_1,1.0
199,Person_640,Group_1,Item_1,Threshold_1,0.0
200,Person_642,Group_1,Item_1,Threshold_1,0.0
201,Person_645,Group_1,Item_1,Threshold_1,1.0
202,Person_655,Group_2,Item_1,Threshold_1,1.0
203,Person_656,Group_1,Item_1,Threshold_1,0.0
204,Person_657,Group_2,Item_1,Threshold_1,1.0
205,Person_658,Group_2,Item_1,Threshold_1,1.0
206,Person_661,Group_1,Item_1,Threshold_1,0.0
207,Person_663,Group_2,Item_1,Threshold_1,0.0
208,Person_665,Group_1,Item_1,Threshold_1,0.0
209,Person_666,Group_1,Item_1,Threshold_1,0.0
210,Person_667,Group_2,Item_1,Threshold_1,1.0
211,Person_668,Group_2,Item_1,Threshold_1,0.0
212,Person_673,Group_1,Item_1,Threshold_1,0.0
213,Person_675,Group_1,Item_1,Threshold_1,1.0
214,Person_677,Group_1,Item_1,Threshold_1,1.0
215,Person_679,Group_2,Item_1,Threshold_1,1.0
216,Person_680,Group_2,Item_1,Threshold_1,0.0
217,Person_681,Group_1,Item_1,Threshold_1,1.0
218,Person_682,Group_1,Item_1,Threshold_1,0.0
219,Person_688,Group_1,Item_1,Threshold_1,1.0
220,Person_700,Group_1,Item_1,Threshold_1,1.0
221,Person_702,Group_1,Item_1,Threshold_1,0.0
222,Person_706,Group_1,Item_1,Threshold_1,0.0
223,Person_708,Group_1,Item_1,Threshold_1,1.0
224,Person_712,Group_2,Item_1,Threshold_1,0.0
225,Person_715,Group_1,Item_1,Threshold_1,0.0
226,Person_716,Group_2,Item_1,Threshold_1,0.0
227,Person_717,Group_2,Item_1,Threshold_1,1.0
228,Person_720,Group_2,Item_1,Threshold_1,0.0
229,Person_721,Group_1,Item_1,Threshold_1,1.0
230,Person_729,Group_1,Item_1,Threshold_1,0.0
231,Person_730,Group_1,Item_1,Threshold_1,0.0
232,Person_749,Group_2,Item_1,Threshold_1,1.0
233,Person_750,Group_1,Item_1,Threshold_1,0.0
234,Person_752,Group_2,Item_1,Threshold_1,0.0
235,Person_753,Group_2,Item_1,Threshold_1,0.0
236,Person_754,Group_2,Item_1,Threshold_1,1.0
237,Person_755,Group_2,Item_1,Threshold_1,0.0
238,Person_756,Group_1,Item_1,Threshold_1,0.0
239,Person_758,Group_1,Item_1,Threshold_1,1.0
240,Person_760,Group_1,Item_1,Threshold_1,0.0
241,Person_767,Group_1,Item_1,Threshold_1,0.0
242,Person_770,Group_1,Item_1,Threshold_1,1.0
243,Person_774,Group_2,Item_1,Threshold_1,0.0
244,Person_775,Group_1,Item_1,Threshold_1,0.0
245,Person_779,Group_2,Item_1,Threshold_1,0.0
246,Person_780,Group_1,Item_1,Threshold_1,0.0
247,Person_783,Group_1,Item_1,Threshold_1,1.0
248,Person_785,Group_2,Item_1,Threshold_1,0.0
249,Person_787,Group_2,Item_1,Threshold_1,0.0
250,Person_788,Group_1,Item_1,Threshold_1,0.0
251,Person_789,Group_2,Item_1,Threshold_1,1.0
252,Person_790,Group_1,Item_1,Threshold_1,0.0
253,Person_793,Group_2,Item_1,Threshold_1,1.0
254,Person_803,Group_2,Item_1,Threshold_1,1.0
255,Person_808,Group_2,Item_1,Threshold_1,1.0
256,Person_810,Group_1,Item_1,Threshold_1,1.0
257,Person_812,Group_2,Item_1,Threshold_1,0.0
258,Person_816,Group_2,Item_1,Threshold_1,0.0
259,Person_826,Group_2,Item_1,Threshold_1,0.0
260,Person_827,Group_1,Item_1,Threshold_1,1.0
261,Person_832,Group_2,Item_1,Threshold_1,0.0
262,Person_837,Group_2,Item_1,Threshold_1,0.0
263,Person_839,Group_2,Item_1,Threshold_1,1.0
264,Person_843,Group_2,Item_1,Threshold_1,0.0
265,Person_844,Group_1,Item_1,Threshold_1,1.0
266,Person_846,Group_1,Item_1,Threshold_1,0.0
267,Person_849,Group_2,Item_1,Threshold_1,1.0
268,Person_856,Group_2,Item_1,Threshold_1,0.0
269,Person_857,Group_1,Item_1,Threshold_1,0.0
270,Person_858,Group_2,Item_1,Threshold_1,0.0
271,Person_859,Group_2,Item_1,Threshold_1,0.0
272,Person_862,Group_1,Item_1,Threshold_1,0.0
273,Person_865,Group_2,Item_1,Threshold_1,0.0
274,Person_867,Group_1,Item_1,Threshold_1,0.0
275,Person_868,Group_1,Item_1,Threshold_1,0.0
276,Person_869,Group_2,Item_1,Threshold_1,0.0
277,Person_873,Group_2,Item_1,Threshold_1,1.0
278,Person_875,Group_2,Item_1,Threshold_1,1.0
279,Person_880,Group_1,Item_1,Threshold_1,0.0
280,Person_881,Group_2,Item_1,Threshold_1,0.0
281,Person_882,Group_2,Item_1,Threshold_1,1.0
282,Person_883,Group_1,Item_1,Threshold_1,0.0
283,Person_886,Group_1,Item_1,Threshold_1,0.0
284,Person_888,Group_2,Item_1,Threshold_1,1.0
285,Person_891,Group_2,Item_1,Threshold_1,0.0
286,Person_893,Group_1,Item_1,Threshold_1,1.0
287,Person_896,Group_2,Item_1,Threshold_1,0.0
288,Person_902,Group_1,Item_1,Threshold_1,0.0
289,Person_903,Group_2,Item_1,Threshold_1,1.0
290,Person_907,Group_2,Item_1,Threshold_1,0.0
291,Person_912,Group_1,Item_1,Threshold_1,0.0
292,Person_914,Group_1,Item_1,Threshold_1,0.0
293,Person_915,Group_1,Item_1,Threshold_1,1.0
294,Person_917,Group_1,Item_1,Threshold_1,1.0
295,Person_923,Group_2,Item_1,Threshold_1,0.0
296,Person_924,Group_2,Item_1,Threshold_1,0.0
297,Person_925,Group_2,Item_1,Threshold_1,0.0
298,Person_932,Group_1,Item_1,Threshold_1,0.0
299,Person_934,Group_1,Item_1,Threshold_1,0.0
300,Person_935,Group_1,Item_1,Threshold_1,1.0
301,Person_947,Group_2,Item_1,Threshold_1,0.0
302,Person_950,Group_2,Item_1,Threshold_1,0.0
303,Person_951,Group_2,Item_1,Threshold_1,0.0
304,Person_953,Group_1,Item_1,Threshold_1,1.0
305,Person_954,Group_1,Item_1,Threshold_1,0.0
306,Person_956,Group_2,Item_1,Threshold_1,1.0
307,Person_957,Group_1,Item_1,Threshold_1,1.0
308,Person_959,Group_2,Item_1,Threshold_1,0.0
309,Person_961,Group_1,Item_1,Threshold_1,1.0
310,Person_964,Group_1,Item_1,Threshold_1,1.0
311,Person_967,Group_2,Item_1,Threshold_1,0.0
312,Person_969,Group_2,Item_1,Threshold_1,0.0
313,Person_972,Group_1,Item_1,Threshold_1,1.0
314,Person_973,Group_2,Item_1,Threshold_1,1.0
315,Person_974,Group_2,Item_1,Threshold_1,0.0
316,Person_978,Group_2,Item_1,Threshold_1,1.0
317,Person_984,Group_1,Item_1,Threshold_1,0.0
318,Person_985,Group_2,Item_1,Threshold_1,0.0
319,Person_986,Group_1,Item_1,Threshold_1,1.0
320,Person_991,Group_1,Item_1,Threshold_1,1.0
321,Person_992,Group_2,Item_1,Threshold_1,1.0
322,Person_999,Group_1,Item_1,Threshold_1,1.0
323,Person_1002,Group_1,Item_1,Threshold_1,1.0
324,Person_1006,Group_1,Item_1,Threshold_1,0.0
325,Person_1011,Group_2,Item_1,Threshold_1,0.0
326,Person_1012,Group_1,Item_1,Threshold_1,1.0
327,Person_1015,Group_1,Item_1,Threshold_1,0.0
328,Person_1016,Group_1,Item_1,Threshold_1,0.0
329,Person_1018,Group_1,Item_1,Threshold_1,0.0
330,Person_1019,Group_2,Item_1,Threshold_1,0.0
331,Person_1020,Group_1,Item_1,Threshold_1,1.0
332,Person_1022,Group_2,Item_1,Threshold_1,1.0
333,Person_1024,Group_2,Item_1,Threshold_1,0.0
334,Person_1025,Group_2,Item_1,Threshold_1,0.0
335,Person_1027,Group_2,Item_1,Threshold_1,0.0
336,Person_1029,Group_2,Item_1,Threshold_1,0.0
337,Person_1033,Group_2,Item_1,Threshold_1,0.0
338,Person_1036,Group_1,Item_1,Threshold_1,0.0
339,Person_1037,Group_1,Item_1,Threshold_1,0.0
340,Person_1040,Group_1,Item_1,Threshold_1,0.0
341,Person_1043,Group_2,Item_1,Threshold_1,0.0
342,Person_1044,Group_1,Item_1,Threshold_1,0.0
343,Person_1047,Group_1,Item_1,Threshold_1,1.0
344,Person_1052,Group_2,Item_1,Threshold_1,0.0
345,Person_1059,Group_1,Item_1,Threshold_1,0.0
346,Person_1062,Group_2,Item_1,Threshold_1,1.0
347,Person_1067,Group_1,Item_1,Threshold_1,0.0
348,Person_1072,Group_2,Item_1,Threshold_1,0.0
349,Person_1073,Group_1,Item_1,Threshold_1,1.0
350,Person_1076,Group_2,Item_1,Threshold_1,1.0
351,Person_1081,Group_1,Item_1,Threshold_1,0.0
352,Person_1087,Group_2,Item_1,Threshold_1,0.0
353,Person_1088,Group_2,Item_1,Threshold_1,1.0
354,Person_1091,Group_1,Item_1,Threshold_1,0.0
355,Person_1093,Group_1,Item_1,Threshold_1,1.0
356,Person_1095,Group_1,Item_1,Threshold_1,1.0
357,Person_1096,Group_1,Item_1,Threshold_1,1.0
358,Person_1098,Group_2,Item_1,Threshold_1,0.0
359,Person_1101,Group_1,Item_1,Threshold_1,0.0
360,Person_1102,Group_2,Item_1,Threshold_1,0.0
361,Person_1112,Group_1,Item_1,Threshold_1,1.0
362,Person_1113,Group_1,Item_1,Threshold_1,1.0
363,Person_1115,Group_1,Item_1,Threshold_1,1.0
364,Person_1116,Group_2,Item_1,Threshold_1,1.0
365,Person_1117,Group_1,Item_1,Threshold_1,0.0
366,Person_1120,Group_1,Item_1,Threshold_1,1.0
367,Person_1121,Group_2,Item_1,Threshold_1,0.0
368,Person_1123,Group_1,Item_1,Threshold_1,1.0
369,Person_1129,Group_2,Item_1,Threshold_1,1.0
370,Person_1130,Group_2,Item_1,Threshold_1,1.0
371,Person_1132,Group_1,Item_1,Threshold_1,0.0
372,Person_1136,Group_2,Item_1,Threshold_1,1.0
373,Person_1141,Group_2,Item_1,Threshold_1,0.0
374,Person_1142,Group_2,Item_1,Threshold_1,0.0
375,Person_1143,Group_2,Item_1,Threshold_1,1.0
376,Person_1149,Group_1,Item_1,Threshold_1,0.0
377,Person_1150,Group_1,Item_1,Threshold_1,1.0
378,Person_1153,Group_2,Item_1,Threshold_1,1.0
379,Person_1154,Group_1,Item_1,Threshold_1,1.0
380,Person_1158,Group_1,Item_1,Threshold_1,0.0
381,Person_1163,Group_2,Item_1,Threshold_1,1.0
382,Person_1165,Group_1,Item_1,Threshold_1,1.0
383,Person_1168,Group_1,Item_1,Threshold_1,0.0
384,Person_1169,Group_2,Item_1,Threshold_1,0.0
385,Person_1170,Group_1,Item_1,Threshold_1,0.0
386,Person_1171,Group_2,Item_1,Threshold_1,1.0
387,Person_1173,Group_2,Item_1,Threshold_1,0.0
388,Person_1176,Group_2,Item_1,Threshold_1,1.0
389,Person_1184,Group_1,Item_1,Threshold_1,1.0
390,Person_1188,Group_1,Item_1,Threshold_1,1.0
391,Person_1192,Group_1,Item_1,Threshold_1,0.0
392,Person_1193,Group_1,Item_1,Threshold_1,1.0
393,Person_1199,Group_2,Item_1,Threshold_1,1.0
394,Person_1200,Group_1,Item_1,Threshold_1,1.0
395,Person_1203,Group_1,Item_1,Threshold_1,0.0
396,Person_1207,Group_1,Item_1,Threshold_1,0.0
397,Person_1216,Group_1,Item_1,Threshold_1,0.0
398,Person_1217,Group_2,Item_1,Threshold_1,1.0
399,Person_1219,Group_2,Item_1,Threshold_1,1.0
400,Person_1227,Group_1,Item_1,Threshold_1,0.0
401,Person_1228,Group_1,Item_1,Threshold_1,0.0
402,Person_1232,Group_2,Item_1,Threshold_1,1.0
403,Person_1235,Group_1,Item_1,Threshold_1,1.0
404,Person_1241,Group_1,Item_1,Threshold_1,0.0
405,Person_1243,Group_1,Item_1,Threshold_1,0.0
406,Person_1249,Group_1,Item_1,Threshold_1,1.0
407,Person_1254,Group_2,Item_1,Threshold_1,0.0
408,Person_1258,Group_1,Item_1,Threshold_1,0.0
409,Person_1259,Group_1,Item_1,Threshold_1,0.0
410,Person_1262,Group_2,Item_1,Threshold_1,0.0
411,Person_1263,Group_1,Item_1,Threshold_1,1.0
412,Person_1267,Group_2,Item_1,Threshold_1,0.0
413,Person_1268,Group_2,Item_1,Threshold_1,1.0
414,Person_1275,Group_2,Item_1,Threshold_1,0.0
415,Person_1278,Group_2,Item_1,Threshold_1,1.0
416,Person_1279,Group_1,Item_1,Threshold_1,0.0
417,Person_1281,Group_1,Item_1,Threshold_1,0.0
418,Person_1284,Group_1,Item_1,Threshold_1,0.0
419,Person_1287,Group_2,Item_1,Threshold_1,0.0
420,Person_1288,Group_2,Item_1,Threshold_1,1.0
421,Person_1295,Group_1,Item_1,Threshold_1,0.0
422,Person_1301,Group_1,Item_1,Threshold_1,1.0
423,Person_1302,Group_2,Item_1,Threshold_1,1.0
424,Person_1303,Group_1,Item_1,Threshold_1,0.0
425,Person_1304,Group_1,Item_1,Threshold_1,0.0
426,Person_1308,Group_2,Item_1,Threshold_1,1.0
427,Person_1313,Group_2,Item_1,Threshold_1,0.0
428,Person_1318,Group_1,Item_1,Threshold_1,1.0
429,Person_1320,Group_2,Item_1,Threshold_1,0.0
430,Person_1335,Group_2,Item_1,Threshold_1,1.0
431,Person_1336,Group_2,Item_1,Threshold_1,1.0
432,Person_1338,Group_1,Item_1,Threshold_1,0.0
433,Person_1339,Group_2,Item_1,Threshold_1,0.0
434,Person_1341,Group_2,Item_1,Threshold_1,1.0
435,Person_1345,Group_2,Item_1,Threshold_1,1.0
436,Person_1350,Group_1,Item_1,Threshold_1,0.0
437,Person_1352,Group_2,Item_1,Threshold_1,1.0
438,Person_1356,Group_2,Item_1,Threshold_1,0.0
439,Person_1357,Group_2,Item_1,Threshold_1,0.0
440,Person_1365,Group_2,Item_1,Threshold_1,0.0
441,Person_1366,Group_1,Item_1,Threshold_1,0.0
442,Person_1367,Group_2,Item_1,Threshold_1,0.0
443,Person_1368,Group_1,Item_1,Threshold_1,1.0
444,Person_1369,Group_2,Item_1,Threshold_1,0.0
445,Person_1370,Group_2,Item_1,Threshold_1,1.0
446,Person_1371,Group_1,Item_1,Threshold_1,0.0
447,Person_1374,Group_1,Item_1,Threshold_1,0.0
448,Person_1387,Group_1,Item_1,Threshold_1,0.0
449,Person_1390,Group_2,Item_1,Threshold_1,0.0
450,Person_1392,Group_2,Item_1,Threshold_1,0.0
451,Person_1394,Group_2,Item_1,Threshold_1,0.0
452,Person_1396,Group_2,Item_1,Threshold_1,0.0
453,Person_1398,Group_1,Item_1,Threshold_1,0.0
454,Person_1399,Group_1,Item_1,Threshold_1,0.0
455,Person_1402,Group_2,Item_1,Threshold_1,0.0
456,Person_1403,Group_1,Item_1,Threshold_1,0.0
457,Person_1404,Group_1,Item_1,Threshold_1,0.0
458,Person_1408,Group_1,Item_1,Threshold_1,1.0
459,Person_1410,Group_1,Item_1,Threshold_1,1.0
460,Person_1412,Group_1,Item_1,Threshold_1,0.0
461,Person_1424,Group_2,Item_1,Threshold_1,0.0
462,Person_1425,Group_1,Item_1,Threshold_1,1.0
463,Person_1429,Group_1,Item_1,Threshold_1,1.0
464,Person_1430,Group_2,Item_1,Threshold_1,1.0
465,Person_1434,Group_2,Item_1,Threshold_1,1.0
466,Person_1435,Group_2,Item_1,Threshold_1,1.0
467,Person_1438,Group_1,Item_1,Threshold_1,0.0
468,Person_1439,Group_2,Item_1,Threshold_1,0.0
469,Person_1440,Group_1,Item_1,Threshold_1,1.0
470,Person_1447,Group_2,Item_1,Threshold_1,0.0
471,Person_1448,Group_2,Item_1,Threshold_1,1.0
472,Person_1449,Group_1,Item_1,Threshold_1,0.0
473,Person_1452,Group_1,Item_1,Threshold_1,1.0
474,Person_1453,Group_1,Item_1,Threshold_1,0.0
475,Person_1454,Group_1,Item_1,Threshold_1,0.0
476,Person_1456,Group_1,Item_1,Threshold_1,1.0
477,Person_1457,Group_1,Item_1,Threshold_1,0.0
478,Person_1459,Group_1,Item_1,Threshold_1,1.0
479,Person_1467,Group_1,Item_1,Threshold_1,0.0
480,Person_1470,Group_2,Item_1,Threshold_1,0.0
481,Person_1471,Group_2,Item_1,Threshold_1,0.0
482,Person_1476,Group_2,Item_1,Threshold_1,0.0
483,Person_1477,Group_2,Item_1,Threshold_1,0.0
484,Person_1487,Group_2,Item_1,Threshold_1,1.0
485,Person_1488,Group_2,Item_1,Threshold_1,0.0
486,Person_1492,Group_2,Item_1,Threshold_1,0.0
487,Person_1495,Group_1,Item_1,Threshold_1,0.0
488,Person_1497,Group_2,Item_1,Threshold_1,0.0
489,Person_1501,Group_2,Item_1,Threshold_1,0.0
490,Person_1507,Group_2,Item_1,Threshold_1,0.0
491,Person_1508,Group_2,Item_1,Threshold_1,0.0
492,Person_1509,Group_2,Item_1,Threshold_1,0.0
493,Person_1513,Group_2,Item_1,Threshold_1,0.0
494,Person_1515,Group_1,Item_1,Threshold_1,1.0
495,Person_1516,Group_2,Item_1,Threshold_1,1.0
496,Person_1518,Group_2,Item_1,Threshold_1,0.0
497,Person_1527,Group_2,Item_1,Threshold_1,0.0
498,Person_1528,Group_1,Item_1,Threshold_1,1.0
499,Person_1529,Group_2,Item_1,Threshold_1,0.0
500,Person_1531,Group_2,Item_1,Threshold_1,0.0
501,Person_1534,Group_1,Item_1,Threshold_1,0.0
502,Person_1535,Group_2,Item_1,Threshold_1,1.0
503,Person_1537,Group_2,Item_1,Threshold_1,0.0
504,Person_1538,Group_2,Item_1,Threshold_1,1.0
505,Person_1546,Group_1,Item_1,Threshold_1,0.0
506,Person_1548,Group_2,Item_1,Threshold_1,0.0
507,Person_1557,Group_1,Item_1,Threshold_1,1.0
508,Person_1558,Group_2,Item_1,Threshold_1,1.0
509,Person_1559,Group_1,Item_1,Threshold_1,1.0
510,Person_1561,Group_2,Item_1,Threshold_1,0.0
511,Person_1563,Group_2,Item_1,Threshold_1,1.0
512,Person_1566,Group_2,Item_1,Threshold_1,0.0
513,Person_1570,Group_1,Item_1,Threshold_1,0.0
514,Person_1575,Group_1,Item_1,Threshold_1,1.0
515,Person_1578,Group_2,Item_1,Threshold_1,0.0
516,Person_1581,Group_2,Item_1,Threshold_1,1.0
517,Person_1584,Group_1,Item_1,Threshold_1,1.0
518,Person_1587,Group_1,Item_1,Threshold_1,0.0
519,Person_1589,Group_1,Item_1,Threshold_1,0.0
520,Person_1591,Group_1,Item_1,Threshold_1,1.0
521,Person_1593,Group_2,Item_1,Threshold_1,0.0
522,Person_1599,Group_2,Item_1,Threshold_1,0.0
523,Person_1600,Group_2,Item_1,Threshold_1,0.0
524,Person_1601,Group_1,Item_1,Threshold_1,1.0
525,Person_1602,Group_1,Item_1,Threshold_1,0.0
526,Person_1605,Group_2,Item_1,Threshold_1,0.0
527,Person_1609,Group_2,Item_1,Threshold_1,0.0
528,Person_1615,Group_2,Item_1,Threshold_1,0.0
529,Person_1616,Group_2,Item_1,Threshold_1,0.0
530,Person_1618,Group_1,Item_1,Threshold_1,0.0
531,Person_1620,Group_1,Item_1,Threshold_1,1.0
532,Person_1621,Group_2,Item_1,Threshold_1,1.0
533,Person_1622,Group_1,Item_1,Threshold_1,1.0
534,Person_1626,Group_1,Item_1,Threshold_1,0.0
535,Person_1627,Group_2,Item_1,Threshold_1,0.0
536,Person_1629,Group_1,Item_1,Threshold_1,1.0
537,Person_1631,Group_2,Item_1,Threshold_1,0.0
538,Person_1632,Group_1,Item_1,Threshold_1,1.0
539,Person_3,Group_1,Item_1,Threshold_2,0.0
540,Person_7,Group_1,Item_1,Threshold_2,1.0
541,Person_13,Group_1,Item_1,Threshold_2,0.0
542,Person_14,Group_2,Item_1,Threshold_2,1.0
543,Person_16,Group_2,Item_1,Threshold_2,1.0
544,Person_17,Group_2,Item_1,Threshold_2,1.0
545,Person_25,Group_2,Item_1,Threshold_2,0.0
546,Person_26,Group_1,Item_1,Threshold_2,1.0
547,Person_27,Group_1,Item_1,Threshold_2,0.0
548,Person_28,Group_1,Item_1,Threshold_2,0.0
549,Person_30,Group_1,Item_1,Threshold_2,1.0
550,Person_31,Group_2,Item_1,Threshold_2,1.0
551,Person_34,Group_1,Item_1,Threshold_2,0.0
552,Person_35,Group_1,Item_1,Threshold_2,0.0
553,Person_39,Group_1,Item_1,Threshold_2,1.0
554,Person_40,Group_1,Item_1,Threshold_2,1.0
555,Person_41,Group_1,Item_1,Threshold_2,0.0
556,Person_44,Group_1,Item_1,Threshold_2,1.0
557,Person_54,Group_2,Item_1,Threshold_2,1.0
558,Person_55,Group_2,Item_1,Threshold_2,0.0
559,Person_58,Group_2,Item_1,Threshold_2,1.0
560,Person_59,Group_1,Item_1,Threshold_2,0.0
561,Person_64,Group_1,Item_1,Threshold_2,0.0
562,Person_66,Group_2,Item_1,Threshold_2,0.0
563,Person_67,Group_2,Item_1,Threshold_2,1.0
564,Person_70,Group_2,Item_1,Threshold_2,0.0
565,Person_72,Group_2,Item_1,Threshold_2,1.0
566,Person_93,Group_1,Item_1,Threshold_2,0.0
567,Person_97,Group_1,Item_1,Threshold_2,0.0
568,Person_98,Group_1,Item_1,Threshold_2,1.0
569,Person_101,Group_1,Item_1,Threshold_2,0.0
570,Person_105,Group_1,Item_1,Threshold_2,1.0
571,Person_115,Group_1,Item_1,Threshold_2,1.0
572,Person_117,Group_2,Item_1,Threshold_2,0.0
573,Person_121,Group_2,Item_1,Threshold_2,0.0
574,Person_127,Group_2,Item_1,Threshold_2,0.0
575,Person_128,Group_2,Item_1,Threshold_2,1.0
576,Person_130,Group_1,Item_1,Threshold_2,0.0
577,Person_132,Group_1,Item_1,Threshold_2,1.0
578,Person_138,Group_1,Item_1,Threshold_2,1.0
579,Person_153,Group_2,Item_1,Threshold_2,0.0
580,Person_158,Group_1,Item_1,Threshold_2,1.0
581,Person_161,Group_2,Item_1,Threshold_2,0.0
582,Person_163,Group_1,Item_1,Threshold_2,1.0
583,Person_172,Group_2,Item_1,Threshold_2,1.0
584,Person_178,Group_1,Item_1,Threshold_2,1.0
585,Person_180,Group_1,Item_1,Threshold_2,1.0
586,Person_184,Group_2,Item_1,Threshold_2,0.0
587,Person_185,Group_2,Item_1,Threshold_2,1.0
588,Person_188,Group_2,Item_1,Threshold_2,1.0
589,Person_189,Group_1,Item_1,Threshold_2,0.0
590,Person_191,Group_2,Item_1,Threshold_2,0.0
591,Person_208,Group_1,Item_1,Threshold_2,0.0
592,Person_214,Group_2,Item_1,Threshold_2,0.0
593,Person_218,Group_1,Item_1,Threshold_2,0.0
594,Person_220,Group_2,Item_1,Threshold_2,1.0
595,Person_223,Group_2,Item_1,Threshold_2,0.0
596,Person_225,Group_2,Item_1,Threshold_2,0.0
597,Person_228,Group_2,Item_1,Threshold_2,1.0
598,Person_229,Group_2,Item_1,Threshold_2,0.0
599,Person_230,Group_1,Item_1,Threshold_2,1.0
600,Person_231,Group_1,Item_1,Threshold_2,1.0
601,Person_232,Group_1,Item_1,Threshold_2,1.0
602,Person_233,Group_2,Item_1,Threshold_2,1.0
603,Person_236,Group_1,Item_1,Threshold_2,0.0
604,Person_240,Group_2,Item_1,Threshold_2,1.0
605,Person_241,Group_1,Item_1,Threshold_2,1.0
606,Person_250,Group_2,Item_1,Threshold_2,0.0
607,Person_258,Group_1,Item_1,Threshold_2,0.0
608,Person_261,Group_1,Item_1,Threshold_2,1.0
609,Person_262,Group_2,Item_1,Threshold_2,0.0
610,Person_272,Group_1,Item_1,Threshold_2,0.0
611,Person_274,Group_1,Item_1,Threshold_2,1.0
612,Person_281,Group_1,Item_1,Threshold_2,0.0
613,Person_283,Group_2,Item_1,Threshold_2,0.0
614,Person_294,Group_2,Item_1,Threshold_2,0.0
615,Person_304,Group_2,Item_1,Threshold_2,1.0
616,Person_307,Group_2,Item_1,Threshold_2,0.0
617,Person_309,Group_2,Item_1,Threshold_2,0.0
618,Person_312,Group_2,Item_1,Threshold_2,0.0
619,Person_313,Group_2,Item_1,Threshold_2,0.0
620,Person_316,Group_1,Item_1,Threshold_2,1.0
621,Person_321,Group_2,Item_1,Threshold_2,0.0
622,Person_326,Group_1,Item_1,Threshold_2,1.0
623,Person_329,Group_1,Item_1,Threshold_2,1.0
624,Person_337,Group_1,Item_1,Threshold_2,1.0
625,Person_338,Group_2,Item_1,Threshold_2,1.0
626,Person_340,Group_1,Item_1,Threshold_2,1.0
627,Person_350,Group_2,Item_1,Threshold_2,0.0
628,Person_351,Group_2,Item_1,Threshold_2,1.0
629,Person_357,Group_1,Item_1,Threshold_2,0.0
630,Person_361,Group_2,Item_1,Threshold_2,1.0
631,Person_369,Group_1,Item_1,Threshold_2,1.0
632,Person_370,Group_2,Item_1,Threshold_2,1.0
633,Person_374,Group_2,Item_1,Threshold_2,0.0
634,Person_375,Group_1,Item_1,Threshold_2,1.0
635,Person_376,Group_1,Item_1,Threshold_2,0.0
636,Person_378,Group_1,Item_1,Threshold_2,0.0
637,Person_379,Group_2,Item_1,Threshold_2,1.0
638,Person_386,Group_2,Item_1,Threshold_2,1.0
639,Person_390,Group_2,Item_1,Threshold_2,0.0
640,Person_391,Group_2,Item_1,Threshold_2,1.0
641,Person_393,Group_1,Item_1,Threshold_2,1.0
642,Person_396,Group_2,Item_1,Threshold_2,1.0
643,Person_398,Group_1,Item_1,Threshold_2,1.0
644,Person_401,Group_1,Item_1,Threshold_2,0.0
645,Person_402,Group_1,Item_1,Threshold_2,1.0
646,Person_404,Group_1,Item_1,Threshold_2,1.0
647,Person_405,Group_1,Item_1,Threshold_2,0.0
648,Person_414,Group_1,Item_1,Threshold_2,0.0
649,Person_415,Group_2,Item_1,Threshold_2,0.0
650,Person_421,Group_1,Item_1,Threshold_2,1.0
651,Person_428,Group_1,Item_1,Threshold_2,1.0
652,Person_430,Group_2,Item_1,Threshold_2,0.0
653,Person_432,Group_2,Item_1,Threshold_2,0.0
654,Person_435,Group_2,Item_1,Threshold_2,1.0
655,Person_436,Group_1,Item_1,Threshold_2,1.0
656,Person_444,Group_2,Item_1,Threshold_2,1.0
657,Person_446,Group_1,Item_1,Threshold_2,1.0
658,Person_447,Group_2,Item_1,Threshold_2,1.0
659,Person_449,Group_1,Item_1,Threshold_2,0.0
660,Person_450,Group_1,Item_1,Threshold_2,0.0
661,Person_452,Group_2,Item_1,Threshold_2,0.0
662,Person_453,Group_2,Item_1,Threshold_2,1.0
663,Person_457,Group_1,Item_1,Threshold_2,1.0
664,Person_458,Group_2,Item_1,Threshold_2,0.0
665,Person_460,Group_2,Item_1,Threshold_2,0.0
666,Person_464,Group_2,Item_1,Threshold_2,0.0
667,Person_467,Group_2,Item_1,Threshold_2,1.0
668,Person_468,Group_2,Item_1,Threshold_2,1.0
669,Person_469,Group_2,Item_1,Threshold_2,1.0
670,Person_478,Group_1,Item_1,Threshold_2,0.0
671,Person_485,Group_2,Item_1,Threshold_2,1.0
672,Person_487,Group_2,Item_1,Threshold_2,1.0
673,Person_488,Group_1,Item_1,Threshold_2,0.0
674,Person_491,Group_1,Item_1,Threshold_2,1.0
675,Person_494,Group_1,Item_1,Threshold_2,0.0
676,Person_501,Group_1,Item_1,Threshold_2,0.0
677,Person_509,Group_2,Item_1,Threshold_2,0.0
678,Person_514,Group_2,Item_1,Threshold_2,1.0
679,Person_516,Group_1,Item_1,Threshold_2,0.0
680,Person_518,Group_1,Item_1,Threshold_2,1.0
681,Person_522,Group_1,Item_1,Threshold_2,0.0
682,Person_528,Group_2,Item_1,Threshold_2,1.0
683,Person_531,Group_2,Item_1,Threshold_2,1.0
684,Person_533,Group_2,Item_1,Threshold_2,0.0
685,Person_534,Group_2,Item_1,Threshold_2,1.0
686,Person_535,Group_2,Item_1,Threshold_2,0.0
687,Person_539,Group_2,Item_1,Threshold_2,1.0
688,Person_547,Group_1,Item_1,Threshold_2,0.0
689,Person_549,Group_2,Item_1,Threshold_2,0.0
690,Person_564,Group_1,Item_1,Threshold_2,1.0
691,Person_566,Group_1,Item_1,Threshold_2,1.0
692,Person_571,Group_2,Item_1,Threshold_2,0.0
693,Person_572,Group_1,Item_1,Threshold_2,0.0
694,Person_573,Group_1,Item_1,Threshold_2,0.0
695,Person_576,Group_2,Item_1,Threshold_2,0.0
696,Person_578,Group_2,Item_1,Threshold_2,1.0
697,Person_579,Group_2,Item_1,Threshold_2,0.0
698,Person_586,Group_2,Item_1,Threshold_2,1.0
699,Person_587,Group_2,Item_1,Threshold_2,1.0
700,Person_588,Group_1,Item_1,Threshold_2,1.0
701,Person_590,Group_2,Item_1,Threshold_2,0.0
702,Person_595,Group_1,Item_1,Threshold_2,1.0
703,Person_597,Group_2,Item_1,Threshold_2,0.0
704,Person_604,Group_2,Item_1,Threshold_2,0.0
705,Person_606,Group_2,Item_1,Threshold_2,1.0
706,Person_609,Group_1,Item_1,Threshold_2,0.0
707,Person_610,Group_2,Item_1,Threshold_2,0.0
708,Person_612,Group_1,Item_1,Threshold_2,0.0
709,Person_622,Group_1,Item_1,Threshold_2,1.0
710,Person_627,Group_1,Item_1,Threshold_2,0.0
711,Person_634,Group_1,Item_1,Threshold_2,0.0
712,Person_635,Group_2,Item_1,Threshold_2,1.0
713,Person_645,Group_1,Item_1,Threshold_2,0.0
714,Person_648,Group_2,Item_1,Threshold_2,1.0
715,Person_655,Group_1,Item_1,Threshold_2,0.0
716,Person_657,Group_1,Item_1,Threshold_2,0.0
717,Person_658,Group_2,Item_1,Threshold_2,0.0
718,Person_660,Group_2,Item_1,Threshold_2,1.0
719,Person_667,Group_1,Item_1,Threshold_2,0.0
720,Person_670,Group_2,Item_1,Threshold_2,1.0
721,Person_675,Group_2,Item_1,Threshold_2,0.0
722,Person_677,Group_2,Item_1,Threshold_2,0.0
723,Person_679,Group_1,Item_1,Threshold_2,0.0
724,Person_681,Group_1,Item_1,Threshold_2,0.0
725,Person_688,Group_2,Item_1,Threshold_2,0.0
726,Person_693,Group_1,Item_1,Threshold_2,1.0
727,Person_695,Group_1,Item_1,Threshold_2,1.0
728,Person_696,Group_1,Item_1,Threshold_2,1.0
729,Person_697,Group_1,Item_1,Threshold_2,1.0
730,Person_699,Group_1,Item_1,Threshold_2,1.0
731,Person_700,Group_2,Item_1,Threshold_2,0.0
732,Person_703,Group_1,Item_1,Threshold_2,1.0
733,Person_708,Group_2,Item_1,Threshold_2,0.0
734,Person_714,Group_2,Item_1,Threshold_2,1.0
735,Person_717,Group_1,Item_1,Threshold_2,0.0
736,Person_721,Group_2,Item_1,Threshold_2,0.0
737,Person_741,Group_1,Item_1,Threshold_2,1.0
738,Person_749,Group_2,Item_1,Threshold_2,0.0
739,Person_754,Group_1,Item_1,Threshold_2,0.0
740,Person_758,Group_1,Item_1,Threshold_2,0.0
741,Person_759,Group_1,Item_1,Threshold_2,1.0
742,Person_769,Group_1,Item_1,Threshold_2,1.0
743,Person_770,Group_2,Item_1,Threshold_2,0.0
744,Person_781,Group_1,Item_1,Threshold_2,1.0
745,Person_783,Group_2,Item_1,Threshold_2,0.0
746,Person_784,Group_1,Item_1,Threshold_2,1.0
747,Person_789,Group_2,Item_1,Threshold_2,0.0
748,Person_793,Group_2,Item_1,Threshold_2,0.0
749,Person_794,Group_1,Item_1,Threshold_2,1.0
750,Person_803,Group_2,Item_1,Threshold_2,0.0
751,Person_808,Group_1,Item_1,Threshold_2,0.0
752,Person_810,Group_2,Item_1,Threshold_2,0.0
753,Person_819,Group_2,Item_1,Threshold_2,1.0
754,Person_824,Group_1,Item_1,Threshold_2,1.0
755,Person_827,Group_2,Item_1,Threshold_2,0.0
756,Person_829,Group_1,Item_1,Threshold_2,1.0
757,Person_831,Group_2,Item_1,Threshold_2,1.0
758,Person_836,Group_2,Item_1,Threshold_2,1.0
759,Person_839,Group_1,Item_1,Threshold_2,0.0
760,Person_842,Group_1,Item_1,Threshold_2,1.0
761,Person_844,Group_1,Item_1,Threshold_2,0.0
762,Person_847,Group_1,Item_1,Threshold_2,1.0
763,Person_849,Group_2,Item_1,Threshold_2,0.0
764,Person_852,Group_2,Item_1,Threshold_2,1.0
765,Person_873,Group_2,Item_1,Threshold_2,0.0
766,Person_875,Group_2,Item_1,Threshold_2,0.0
767,Person_882,Group_2,Item_1,Threshold_2,0.0
768,Person_885,Group_1,Item_1,Threshold_2,1.0
769,Person_888,Group_2,Item_1,Threshold_2,0.0
770,Person_890,Group_2,Item_1,Threshold_2,1.0
771,Person_893,Group_1,Item_1,Threshold_2,0.0
772,Person_903,Group_2,Item_1,Threshold_2,0.0
773,Person_915,Group_1,Item_1,Threshold_2,0.0
774,Person_917,Group_1,Item_1,Threshold_2,0.0
775,Person_918,Group_2,Item_1,Threshold_2,1.0
776,Person_935,Group_1,Item_1,Threshold_2,0.0
777,Person_939,Group_1,Item_1,Threshold_2,1.0
778,Person_940,Group_2,Item_1,Threshold_2,1.0
779,Person_945,Group_2,Item_1,Threshold_2,1.0
780,Person_953,Group_2,Item_1,Threshold_2,0.0
781,Person_956,Group_1,Item_1,Threshold_2,0.0
782,Person_957,Group_2,Item_1,Threshold_2,0.0
783,Person_961,Group_1,Item_1,Threshold_2,0.0
784,Person_964,Group_1,Item_1,Threshold_2,0.0
785,Person_972,Group_1,Item_1,Threshold_2,0.0
786,Person_973,Group_2,Item_1,Threshold_2,0.0
787,Person_976,Group_1,Item_1,Threshold_2,1.0
788,Person_978,Group_2,Item_1,Threshold_2,0.0
789,Person_980,Group_1,Item_1,Threshold_2,1.0
790,Person_983,Group_1,Item_1,Threshold_2,1.0
791,Person_986,Group_1,Item_1,Threshold_2,0.0
792,Person_991,Group_1,Item_1,Threshold_2,0.0
793,Person_992,Group_2,Item_1,Threshold_2,0.0
794,Person_999,Group_1,Item_1,Threshold_2,0.0
795,Person_1002,Group_2,Item_1,Threshold_2,0.0
796,Person_1004,Group_1,Item_1,Threshold_2,1.0
797,Person_1007,Group_1,Item_1,Threshold_2,1.0
798,Person_1009,Group_2,Item_1,Threshold_2,1.0
799,Person_1012,Group_2,Item_1,Threshold_2,0.0
800,Person_1017,Group_1,Item_1,Threshold_2,1.0
801,Person_1020,Group_1,Item_1,Threshold_2,0.0
802,Person_1022,Group_1,Item_1,Threshold_2,0.0
803,Person_1023,Group_2,Item_1,Threshold_2,1.0
804,Person_1047,Group_2,Item_1,Threshold_2,0.0
805,Person_1062,Group_2,Item_1,Threshold_2,0.0
806,Person_1063,Group_2,Item_1,Threshold_2,1.0
807,Person_1064,Group_1,Item_1,Threshold_2,1.0
808,Person_1073,Group_2,Item_1,Threshold_2,0.0
809,Person_1076,Group_1,Item_1,Threshold_2,0.0
810,Person_1077,Group_1,Item_1,Threshold_2,1.0
811,Person_1080,Group_1,Item_1,Threshold_2,1.0
812,Person_1088,Group_2,Item_1,Threshold_2,0.0
813,Person_1092,Group_1,Item_1,Threshold_2,1.0
814,Person_1093,Group_1,Item_1,Threshold_2,0.0
815,Person_1095,Group_2,Item_1,Threshold_2,0.0
816,Person_1096,Group_2,Item_1,Threshold_2,0.0
817,Person_1099,Group_1,Item_1,Threshold_2,1.0
818,Person_1109,Group_2,Item_1,Threshold_2,1.0
819,Person_1112,Group_1,Item_1,Threshold_2,0.0
820,Person_1113,Group_1,Item_1,Threshold_2,0.0
821,Person_1114,Group_1,Item_1,Threshold_2,1.0
822,Person_1115,Group_1,Item_1,Threshold_2,0.0
823,Person_1116,Group_2,Item_1,Threshold_2,0.0
824,Person_1120,Group_2,Item_1,Threshold_2,0.0
825,Person_1122,Group_1,Item_1,Threshold_2,1.0
826,Person_1123,Group_2,Item_1,Threshold_2,0.0
827,Person_1129,Group_2,Item_1,Threshold_2,0.0
828,Person_1130,Group_2,Item_1,Threshold_2,0.0
829,Person_1136,Group_2,Item_1,Threshold_2,0.0
830,Person_1139,Group_2,Item_1,Threshold_2,1.0
831,Person_1143,Group_2,Item_1,Threshold_2,0.0
832,Person_1144,Group_2,Item_1,Threshold_2,1.0
833,Person_1150,Group_2,Item_1,Threshold_2,0.0
834,Person_1151,Group_1,Item_1,Threshold_2,1.0
835,Person_1153,Group_2,Item_1,Threshold_2,0.0
836,Person_1154,Group_2,Item_1,Threshold_2,0.0
837,Person_1163,Group_2,Item_1,Threshold_2,0.0
838,Person_1165,Group_1,Item_1,Threshold_2,0.0
839,Person_1171,Group_2,Item_1,Threshold_2,0.0
840,Person_1176,Group_2,Item_1,Threshold_2,0.0
841,Person_1180,Group_1,Item_1,Threshold_2,1.0
842,Person_1183,Group_2,Item_1,Threshold_2,1.0
843,Person_1184,Group_2,Item_1,Threshold_2,0.0
844,Person_1188,Group_1,Item_1,Threshold_2,0.0
845,Person_1191,Group_2,Item_1,Threshold_2,1.0
846,Person_1193,Group_2,Item_1,Threshold_2,0.0
847,Person_1194,Group_2,Item_1,Threshold_2,1.0
848,Person_1197,Group_1,Item_1,Threshold_2,1.0
849,Person_1198,Group_1,Item_1,Threshold_2,1.0
850,Person_1199,Group_2,Item_1,Threshold_2,0.0
851,Person_1200,Group_1,Item_1,Threshold_2,0.0
852,Person_1211,Group_1,Item_1,Threshold_2,1.0
853,Person_1215,Group_2,Item_1,Threshold_2,1.0
854,Person_1217,Group_2,Item_1,Threshold_2,0.0
855,Person_1219,Group_2,Item_1,Threshold_2,0.0
856,Person_1226,Group_1,Item_1,Threshold_2,1.0
857,Person_1229,Group_1,Item_1,Threshold_2,1.0
858,Person_1232,Group_1,Item_1,Threshold_2,0.0
859,Person_1235,Group_1,Item_1,Threshold_2,0.0
860,Person_1236,Group_2,Item_1,Threshold_2,1.0
861,Person_1244,Group_2,Item_1,Threshold_2,1.0
862,Person_1245,Group_2,Item_1,Threshold_2,1.0
863,Person_1249,Group_2,Item_1,Threshold_2,0.0
864,Person_1250,Group_1,Item_1,Threshold_2,1.0
865,Person_1256,Group_1,Item_1,Threshold_2,1.0
866,Person_1263,Group_1,Item_1,Threshold_2,0.0
867,Person_1264,Group_1,Item_1,Threshold_2,1.0
868,Person_1268,Group_1,Item_1,Threshold_2,0.0
869,Person_1269,Group_2,Item_1,Threshold_2,1.0
870,Person_1274,Group_1,Item_1,Threshold_2,1.0
871,Person_1276,Group_2,Item_1,Threshold_2,1.0
872,Person_1278,Group_1,Item_1,Threshold_2,0.0
873,Person_1280,Group_1,Item_1,Threshold_2,1.0
874,Person_1288,Group_1,Item_1,Threshold_2,0.0
875,Person_1293,Group_1,Item_1,Threshold_2,1.0
876,Person_1294,Group_2,Item_1,Threshold_2,1.0
877,Person_1298,Group_1,Item_1,Threshold_2,1.0
878,Person_1300,Group_1,Item_1,Threshold_2,1.0
879,Person_1301,Group_2,Item_1,Threshold_2,0.0
880,Person_1302,Group_1,Item_1,Threshold_2,0.0
881,Person_1308,Group_1,Item_1,Threshold_2,0.0
882,Person_1318,Group_1,Item_1,Threshold_2,0.0
883,Person_1322,Group_1,Item_1,Threshold_2,1.0
884,Person_1335,Group_2,Item_1,Threshold_2,0.0
885,Person_1336,Group_2,Item_1,Threshold_2,0.0
886,Person_1341,Group_2,Item_1,Threshold_2,0.0
887,Person_1342,Group_1,Item_1,Threshold_2,1.0
888,Person_1343,Group_2,Item_1,Threshold_2,1.0
889,Person_1345,Group_1,Item_1,Threshold_2,0.0
890,Person_1352,Group_1,Item_1,Threshold_2,0.0
891,Person_1359,Group_2,Item_1,Threshold_2,1.0
892,Person_1364,Group_1,Item_1,Threshold_2,1.0
893,Person_1368,Group_1,Item_1,Threshold_2,0.0
894,Person_1370,Group_1,Item_1,Threshold_2,0.0
895,Person_1373,Group_1,Item_1,Threshold_2,1.0
896,Person_1393,Group_1,Item_1,Threshold_2,1.0
897,Person_1397,Group_2,Item_1,Threshold_2,1.0
898,Person_1408,Group_2,Item_1,Threshold_2,0.0
899,Person_1410,Group_1,Item_1,Threshold_2,0.0
900,Person_1414,Group_2,Item_1,Threshold_2,1.0
901,Person_1422,Group_1,Item_1,Threshold_2,1.0
902,Person_1425,Group_1,Item_1,Threshold_2,0.0
903,Person_1426,Group_1,Item_1,Threshold_2,1.0
904,Person_1428,Group_2,Item_1,Threshold_2,1.0
905,Person_1429,Group_1,Item_1,Threshold_2,0.0
906,Person_1430,Group_2,Item_1,Threshold_2,0.0
907,Person_1433,Group_1,Item_1,Threshold_2,1.0
908,Person_1434,Group_2,Item_1,Threshold_2,0.0
909,Person_1435,Group_1,Item_1,Threshold_2,0.0
910,Person_1440,Group_1,Item_1,Threshold_2,0.0
911,Person_1441,Group_1,Item_1,Threshold_2,1.0
912,Person_1444,Group_1,Item_1,Threshold_2,1.0
913,Person_1448,Group_2,Item_1,Threshold_2,0.0
914,Person_1452,Group_1,Item_1,Threshold_2,0.0
915,Person_1456,Group_1,Item_1,Threshold_2,0.0
916,Person_1459,Group_1,Item_1,Threshold_2,0.0
917,Person_1460,Group_1,Item_1,Threshold_2,1.0
918,Person_1465,Group_2,Item_1,Threshold_2,1.0
919,Person_1468,Group_1,Item_1,Threshold_2,1.0
920,Person_1469,Group_1,Item_1,Threshold_2,1.0
921,Person_1475,Group_1,Item_1,Threshold_2,1.0
922,Person_1480,Group_2,Item_1,Threshold_2,1.0
923,Person_1481,Group_2,Item_1,Threshold_2,1.0
924,Person_1485,Group_1,Item_1,Threshold_2,1.0
925,Person_1487,Group_2,Item_1,Threshold_2,0.0
926,Person_1489,Group_2,Item_1,Threshold_2,1.0
927,Person_1493,Group_2,Item_1,Threshold_2,1.0
928,Person_1511,Group_1,Item_1,Threshold_2,1.0
929,Person_1515,Group_2,Item_1,Threshold_2,0.0
930,Person_1516,Group_2,Item_1,Threshold_2,0.0
931,Person_1522,Group_1,Item_1,Threshold_2,1.0
932,Person_1523,Group_2,Item_1,Threshold_2,1.0
933,Person_1525,Group_1,Item_1,Threshold_2,1.0
934,Person_1528,Group_1,Item_1,Threshold_2,0.0
935,Person_1532,Group_1,Item_1,Threshold_2,1.0
936,Person_1535,Group_1,Item_1,Threshold_2,0.0
937,Person_1538,Group_1,Item_1,Threshold_2,0.0
938,Person_1543,Group_1,Item_1,Threshold_2,1.0
939,Person_1549,Group_2,Item_1,Threshold_2,1.0
940,Person_1557,Group_2,Item_1,Threshold_2,0.0
941,Person_1558,Group_1,Item_1,Threshold_2,0.0
942,Person_1559,Group_1,Item_1,Threshold_2,0.0
943,Person_1563,Group_2,Item_1,Threshold_2,0.0
944,Person_1564,Group_2,Item_1,Threshold_2,1.0
945,Person_1568,Group_1,Item_1,Threshold_2,1.0
946,Person_1575,Group_1,Item_1,Threshold_2,0.0
947,Person_1576,Group_1,Item_1,Threshold_2,1.0
948,Person_1581,Group_2,Item_1,Threshold_2,0.0
949,Person_1584,Group_2,Item_1,Threshold_2,0.0
950,Person_1590,Group_2,Item_1,Threshold_2,1.0
951,Person_1591,Group_1,Item_1,Threshold_2,0.0
952,Person_1596,Group_2,Item_1,Threshold_2,1.0
953,Person_1597,Group_2,Item_1,Threshold_2,1.0
954,Person_1601,Group_2,Item_1,Threshold_2,0.0
955,Person_1608,Group_2,Item_1,Threshold_2,1.0
956,Person_1620,Group_1,Item_1,Threshold_2,0.0
957,Person_1621,Group_1,Item_1,Threshold_2,0.0
958,Person_1622,Group_2,Item_1,Threshold_2,0.0
959,Person_1629,Group_2,Item_1,Threshold_2,0.0
960,Person_1632,Group_2,Item_1,Threshold_2,0.0
961,Person_1637,Group_2,Item_1,Threshold_2,1.0
962,Person_7,Group_2,Item_1,Threshold_3,0.0
963,Person_14,Group_2,Item_1,Threshold_3,0.0
964,Person_16,Group_1,Item_1,Threshold_3,0.0
965,Person_17,Group_2,Item_1,Threshold_3,0.0
966,Person_26,Group_1,Item_1,Threshold_3,0.0
967,Person_30,Group_2,Item_1,Threshold_3,0.0
968,Person_31,Group_2,Item_1,Threshold_3,0.0
969,Person_33,Group_2,Item_1,Threshold_3,1.0
970,Person_39,Group_2,Item_1,Threshold_3,0.0
971,Person_40,Group_1,Item_1,Threshold_3,0.0
972,Person_43,Group_1,Item_1,Threshold_3,1.0
973,Person_44,Group_2,Item_1,Threshold_3,0.0
974,Person_46,Group_1,Item_1,Threshold_3,1.0
975,Person_54,Group_2,Item_1,Threshold_3,0.0
976,Person_56,Group_2,Item_1,Threshold_3,1.0
977,Person_58,Group_1,Item_1,Threshold_3,0.0
978,Person_65,Group_1,Item_1,Threshold_3,1.0
979,Person_67,Group_1,Item_1,Threshold_3,0.0
980,Person_71,Group_1,Item_1,Threshold_3,1.0
981,Person_72,Group_1,Item_1,Threshold_3,0.0
982,Person_73,Group_1,Item_1,Threshold_3,1.0
983,Person_78,Group_1,Item_1,Threshold_3,1.0
984,Person_79,Group_2,Item_1,Threshold_3,1.0
985,Person_94,Group_1,Item_1,Threshold_3,1.0
986,Person_95,Group_2,Item_1,Threshold_3,1.0
987,Person_96,Group_1,Item_1,Threshold_3,1.0
988,Person_98,Group_2,Item_1,Threshold_3,0.0
989,Person_105,Group_1,Item_1,Threshold_3,0.0
990,Person_107,Group_1,Item_1,Threshold_3,1.0
991,Person_108,Group_1,Item_1,Threshold_3,1.0
992,Person_115,Group_2,Item_1,Threshold_3,0.0
993,Person_118,Group_1,Item_1,Threshold_3,1.0
994,Person_120,Group_2,Item_1,Threshold_3,1.0
995,Person_122,Group_1,Item_1,Threshold_3,1.0
996,Person_126,Group_1,Item_1,Threshold_3,1.0
997,Person_128,Group_2,Item_1,Threshold_3,0.0
998,Person_132,Group_2,Item_1,Threshold_3,0.0
999,Person_133,Group_1,Item_1,Threshold_3,1.0
1000,Person_138,Group_1,Item_1,Threshold_3,0.0
1001,Person_158,Group_2,Item_1,Threshold_3,0.0
1002,Person_160,Group_1,Item_1,Threshold_3,1.0
1003,Person_163,Group_1,Item_1,Threshold_3,0.0
1004,Person_166,Group_2,Item_1,Threshold_3,1.0
1005,Person_171,Group_2,Item_1,Threshold_3,1.0
1006,Person_172,Group_2,Item_1,Threshold_3,0.0
1007,Person_178,Group_2,Item_1,Threshold_3,0.0
1008,Person_180,Group_1,Item_1,Threshold_3,0.0
1009,Person_183,Group_2,Item_1,Threshold_3,1.0
1010,Person_185,Group_2,Item_1,Threshold_3,0.0
1011,Person_188,Group_2,Item_1,Threshold_3,0.0
1012,Person_197,Group_1,Item_1,Threshold_3,1.0
1013,Person_210,Group_2,Item_1,Threshold_3,1.0
1014,Person_220,Group_2,Item_1,Threshold_3,0.0
1015,Person_228,Group_2,Item_1,Threshold_3,0.0
1016,Person_230,Group_1,Item_1,Threshold_3,0.0
1017,Person_231,Group_2,Item_1,Threshold_3,0.0
1018,Person_232,Group_2,Item_1,Threshold_3,0.0
1019,Person_233,Group_2,Item_1,Threshold_3,0.0
1020,Person_240,Group_1,Item_1,Threshold_3,0.0
1021,Person_241,Group_1,Item_1,Threshold_3,0.0
1022,Person_245,Group_1,Item_1,Threshold_3,1.0
1023,Person_255,Group_2,Item_1,Threshold_3,1.0
1024,Person_256,Group_1,Item_1,Threshold_3,1.0
1025,Person_261,Group_1,Item_1,Threshold_3,0.0
1026,Person_265,Group_2,Item_1,Threshold_3,1.0
1027,Person_273,Group_1,Item_1,Threshold_3,1.0
1028,Person_274,Group_2,Item_1,Threshold_3,0.0
1029,Person_280,Group_2,Item_1,Threshold_3,1.0
1030,Person_290,Group_2,Item_1,Threshold_3,1.0
1031,Person_302,Group_2,Item_1,Threshold_3,1.0
1032,Person_304,Group_2,Item_1,Threshold_3,0.0
1033,Person_315,Group_1,Item_1,Threshold_3,1.0
1034,Person_316,Group_1,Item_1,Threshold_3,0.0
1035,Person_323,Group_1,Item_1,Threshold_3,1.0
1036,Person_326,Group_2,Item_1,Threshold_3,0.0
1037,Person_329,Group_2,Item_1,Threshold_3,0.0
1038,Person_337,Group_1,Item_1,Threshold_3,0.0
1039,Person_338,Group_1,Item_1,Threshold_3,0.0
1040,Person_339,Group_1,Item_1,Threshold_3,1.0
1041,Person_340,Group_2,Item_1,Threshold_3,0.0
1042,Person_351,Group_1,Item_1,Threshold_3,0.0
1043,Person_353,Group_1,Item_1,Threshold_3,1.0
1044,Person_361,Group_1,Item_1,Threshold_3,0.0
1045,Person_363,Group_2,Item_1,Threshold_3,1.0
1046,Person_369,Group_1,Item_1,Threshold_3,0.0
1047,Person_370,Group_2,Item_1,Threshold_3,0.0
1048,Person_372,Group_1,Item_1,Threshold_3,1.0
1049,Person_375,Group_1,Item_1,Threshold_3,0.0
1050,Person_379,Group_1,Item_1,Threshold_3,0.0
1051,Person_384,Group_2,Item_1,Threshold_3,1.0
1052,Person_386,Group_1,Item_1,Threshold_3,0.0
1053,Person_388,Group_1,Item_1,Threshold_3,1.0
1054,Person_389,Group_2,Item_1,Threshold_3,1.0
1055,Person_391,Group_1,Item_1,Threshold_3,0.0
1056,Person_393,Group_1,Item_1,Threshold_3,0.0
1057,Person_396,Group_2,Item_1,Threshold_3,0.0
1058,Person_398,Group_1,Item_1,Threshold_3,0.0
1059,Person_400,Group_2,Item_1,Threshold_3,1.0
1060,Person_402,Group_1,Item_1,Threshold_3,0.0
1061,Person_404,Group_2,Item_1,Threshold_3,0.0
1062,Person_416,Group_2,Item_1,Threshold_3,1.0
1063,Person_421,Group_1,Item_1,Threshold_3,0.0
1064,Person_428,Group_2,Item_1,Threshold_3,0.0
1065,Person_433,Group_1,Item_1,Threshold_3,1.0
1066,Person_434,Group_1,Item_1,Threshold_3,1.0
1067,Person_435,Group_2,Item_1,Threshold_3,0.0
1068,Person_436,Group_2,Item_1,Threshold_3,0.0
1069,Person_437,Group_2,Item_1,Threshold_3,1.0
1070,Person_444,Group_1,Item_1,Threshold_3,0.0
1071,Person_446,Group_1,Item_1,Threshold_3,0.0
1072,Person_447,Group_2,Item_1,Threshold_3,0.0
1073,Person_453,Group_2,Item_1,Threshold_3,0.0
1074,Person_457,Group_2,Item_1,Threshold_3,0.0
1075,Person_459,Group_1,Item_1,Threshold_3,1.0
1076,Person_462,Group_2,Item_1,Threshold_3,1.0
1077,Person_467,Group_2,Item_1,Threshold_3,0.0
1078,Person_468,Group_1,Item_1,Threshold_3,0.0
1079,Person_469,Group_1,Item_1,Threshold_3,0.0
1080,Person_476,Group_1,Item_1,Threshold_3,1.0
1081,Person_485,Group_2,Item_1,Threshold_3,0.0
1082,Person_487,Group_2,Item_1,Threshold_3,0.0
1083,Person_491,Group_2,Item_1,Threshold_3,0.0
1084,Person_496,Group_2,Item_1,Threshold_3,1.0
1085,Person_500,Group_1,Item_1,Threshold_3,1.0
1086,Person_511,Group_2,Item_1,Threshold_3,1.0
1087,Person_514,Group_1,Item_1,Threshold_3,0.0
1088,Person_518,Group_1,Item_1,Threshold_3,0.0
1089,Person_524,Group_2,Item_1,Threshold_3,1.0
1090,Person_528,Group_1,Item_1,Threshold_3,0.0
1091,Person_530,Group_1,Item_1,Threshold_3,1.0
1092,Person_531,Group_2,Item_1,Threshold_3,0.0
1093,Person_534,Group_2,Item_1,Threshold_3,0.0
1094,Person_539,Group_1,Item_1,Threshold_3,0.0
1095,Person_540,Group_1,Item_1,Threshold_3,1.0
1096,Person_543,Group_2,Item_1,Threshold_3,1.0
1097,Person_564,Group_1,Item_1,Threshold_3,0.0
1098,Person_566,Group_2,Item_1,Threshold_3,0.0
1099,Person_567,Group_2,Item_1,Threshold_3,1.0
1100,Person_570,Group_2,Item_1,Threshold_3,1.0
1101,Person_578,Group_1,Item_1,Threshold_3,0.0
1102,Person_586,Group_1,Item_1,Threshold_3,0.0
1103,Person_587,Group_1,Item_1,Threshold_3,0.0
1104,Person_588,Group_2,Item_1,Threshold_3,0.0
1105,Person_593,Group_2,Item_1,Threshold_3,1.0
1106,Person_595,Group_1,Item_1,Threshold_3,0.0
1107,Person_596,Group_2,Item_1,Threshold_3,1.0
1108,Person_601,Group_1,Item_1,Threshold_3,1.0
1109,Person_606,Group_1,Item_1,Threshold_3,0.0
1110,Person_607,Group_1,Item_1,Threshold_3,1.0
1111,Person_622,Group_2,Item_1,Threshold_3,0.0
1112,Person_624,Group_1,Item_1,Threshold_3,1.0
1113,Person_630,Group_2,Item_1,Threshold_3,1.0
1114,Person_635,Group_1,Item_1,Threshold_3,0.0
1115,Person_647,Group_2,Item_1,Threshold_3,1.0
1116,Person_648,Group_1,Item_1,Threshold_3,0.0
1117,Person_660,Group_2,Item_1,Threshold_3,0.0
1118,Person_662,Group_1,Item_1,Threshold_3,1.0
1119,Person_669,Group_1,Item_1,Threshold_3,1.0
1120,Person_670,Group_1,Item_1,Threshold_3,0.0
1121,Person_672,Group_1,Item_1,Threshold_3,1.0
1122,Person_693,Group_1,Item_1,Threshold_3,0.0
1123,Person_695,Group_1,Item_1,Threshold_3,0.0
1124,Person_696,Group_1,Item_1,Threshold_3,0.0
1125,Person_697,Group_2,Item_1,Threshold_3,0.0
1126,Person_699,Group_1,Item_1,Threshold_3,0.0
1127,Person_701,Group_1,Item_1,Threshold_3,1.0
1128,Person_703,Group_1,Item_1,Threshold_3,0.0
1129,Person_714,Group_1,Item_1,Threshold_3,0.0
1130,Person_718,Group_2,Item_1,Threshold_3,1.0
1131,Person_719,Group_1,Item_1,Threshold_3,1.0
1132,Person_725,Group_1,Item_1,Threshold_3,1.0
1133,Person_728,Group_2,Item_1,Threshold_3,1.0
1134,Person_732,Group_1,Item_1,Threshold_3,1.0
1135,Person_740,Group_2,Item_1,Threshold_3,1.0
1136,Person_741,Group_1,Item_1,Threshold_3,0.0
1137,Person_745,Group_2,Item_1,Threshold_3,1.0
1138,Person_759,Group_1,Item_1,Threshold_3,0.0
1139,Person_761,Group_1,Item_1,Threshold_3,1.0
1140,Person_762,Group_1,Item_1,Threshold_3,1.0
1141,Person_766,Group_2,Item_1,Threshold_3,1.0
1142,Person_768,Group_2,Item_1,Threshold_3,1.0
1143,Person_769,Group_1,Item_1,Threshold_3,0.0
1144,Person_771,Group_1,Item_1,Threshold_3,1.0
1145,Person_773,Group_1,Item_1,Threshold_3,1.0
1146,Person_778,Group_1,Item_1,Threshold_3,1.0
1147,Person_781,Group_2,Item_1,Threshold_3,0.0
1148,Person_784,Group_2,Item_1,Threshold_3,0.0
1149,Person_794,Group_2,Item_1,Threshold_3,0.0
1150,Person_798,Group_2,Item_1,Threshold_3,1.0
1151,Person_804,Group_2,Item_1,Threshold_3,1.0
1152,Person_813,Group_1,Item_1,Threshold_3,1.0
1153,Person_819,Group_1,Item_1,Threshold_3,0.0
1154,Person_823,Group_1,Item_1,Threshold_3,1.0
1155,Person_824,Group_1,Item_1,Threshold_3,0.0
1156,Person_829,Group_1,Item_1,Threshold_3,0.0
1157,Person_831,Group_2,Item_1,Threshold_3,0.0
1158,Person_836,Group_1,Item_1,Threshold_3,0.0
1159,Person_842,Group_1,Item_1,Threshold_3,0.0
1160,Person_845,Group_1,Item_1,Threshold_3,1.0
1161,Person_847,Group_1,Item_1,Threshold_3,0.0
1162,Person_848,Group_2,Item_1,Threshold_3,1.0
1163,Person_850,Group_1,Item_1,Threshold_3,1.0
1164,Person_852,Group_2,Item_1,Threshold_3,0.0
1165,Person_855,Group_2,Item_1,Threshold_3,1.0
1166,Person_870,Group_1,Item_1,Threshold_3,1.0
1167,Person_879,Group_2,Item_1,Threshold_3,1.0
1168,Person_885,Group_1,Item_1,Threshold_3,0.0
1169,Person_887,Group_2,Item_1,Threshold_3,1.0
1170,Person_890,Group_1,Item_1,Threshold_3,0.0
1171,Person_894,Group_1,Item_1,Threshold_3,1.0
1172,Person_904,Group_1,Item_1,Threshold_3,1.0
1173,Person_908,Group_2,Item_1,Threshold_3,1.0
1174,Person_910,Group_1,Item_1,Threshold_3,1.0
1175,Person_916,Group_2,Item_1,Threshold_3,1.0
1176,Person_918,Group_1,Item_1,Threshold_3,0.0
1177,Person_928,Group_2,Item_1,Threshold_3,1.0
1178,Person_939,Group_1,Item_1,Threshold_3,0.0
1179,Person_940,Group_2,Item_1,Threshold_3,0.0
1180,Person_943,Group_2,Item_1,Threshold_3,1.0
1181,Person_945,Group_1,Item_1,Threshold_3,0.0
1182,Person_960,Group_1,Item_1,Threshold_3,1.0
1183,Person_963,Group_2,Item_1,Threshold_3,1.0
1184,Person_965,Group_2,Item_1,Threshold_3,1.0
1185,Person_976,Group_2,Item_1,Threshold_3,0.0
1186,Person_980,Group_1,Item_1,Threshold_3,0.0
1187,Person_983,Group_1,Item_1,Threshold_3,0.0
1188,Person_987,Group_2,Item_1,Threshold_3,1.0
1189,Person_988,Group_1,Item_1,Threshold_3,1.0
1190,Person_994,Group_1,Item_1,Threshold_3,1.0
1191,Person_1000,Group_2,Item_1,Threshold_3,1.0
1192,Person_1004,Group_1,Item_1,Threshold_3,0.0
1193,Person_1007,Group_1,Item_1,Threshold_3,0.0
1194,Person_1009,Group_2,Item_1,Threshold_3,0.0
1195,Person_1017,Group_1,Item_1,Threshold_3,0.0
1196,Person_1023,Group_2,Item_1,Threshold_3,0.0
1197,Person_1026,Group_1,Item_1,Threshold_3,1.0
1198,Person_1039,Group_2,Item_1,Threshold_3,1.0
1199,Person_1050,Group_2,Item_1,Threshold_3,1.0
1200,Person_1053,Group_1,Item_1,Threshold_3,1.0
1201,Person_1054,Group_1,Item_1,Threshold_3,1.0
1202,Person_1057,Group_2,Item_1,Threshold_3,1.0
1203,Person_1063,Group_1,Item_1,Threshold_3,0.0
1204,Person_1064,Group_2,Item_1,Threshold_3,0.0
1205,Person_1069,Group_1,Item_1,Threshold_3,1.0
1206,Person_1070,Group_1,Item_1,Threshold_3,1.0
1207,Person_1071,Group_2,Item_1,Threshold_3,1.0
1208,Person_1077,Group_2,Item_1,Threshold_3,0.0
1209,Person_1080,Group_2,Item_1,Threshold_3,0.0
1210,Person_1090,Group_1,Item_1,Threshold_3,1.0
1211,Person_1092,Group_1,Item_1,Threshold_3,0.0
1212,Person_1099,Group_2,Item_1,Threshold_3,0.0
1213,Person_1104,Group_1,Item_1,Threshold_3,1.0
1214,Person_1109,Group_1,Item_1,Threshold_3,0.0
1215,Person_1114,Group_2,Item_1,Threshold_3,0.0
1216,Person_1122,Group_1,Item_1,Threshold_3,0.0
1217,Person_1133,Group_1,Item_1,Threshold_3,1.0
1218,Person_1139,Group_2,Item_1,Threshold_3,0.0
1219,Person_1144,Group_2,Item_1,Threshold_3,0.0
1220,Person_1147,Group_2,Item_1,Threshold_3,1.0
1221,Person_1151,Group_1,Item_1,Threshold_3,0.0
1222,Person_1178,Group_1,Item_1,Threshold_3,1.0
1223,Person_1180,Group_2,Item_1,Threshold_3,0.0
1224,Person_1183,Group_2,Item_1,Threshold_3,0.0
1225,Person_1191,Group_2,Item_1,Threshold_3,0.0
1226,Person_1194,Group_2,Item_1,Threshold_3,0.0
1227,Person_1196,Group_1,Item_1,Threshold_3,1.0
1228,Person_1197,Group_1,Item_1,Threshold_3,0.0
1229,Person_1198,Group_2,Item_1,Threshold_3,0.0
1230,Person_1211,Group_2,Item_1,Threshold_3,0.0
1231,Person_1213,Group_1,Item_1,Threshold_3,1.0
1232,Person_1214,Group_2,Item_1,Threshold_3,1.0
1233,Person_1215,Group_1,Item_1,Threshold_3,0.0
1234,Person_1222,Group_2,Item_1,Threshold_3,1.0
1235,Person_1226,Group_2,Item_1,Threshold_3,0.0
1236,Person_1229,Group_2,Item_1,Threshold_3,0.0
1237,Person_1230,Group_2,Item_1,Threshold_3,1.0
1238,Person_1234,Group_2,Item_1,Threshold_3,1.0
1239,Person_1236,Group_2,Item_1,Threshold_3,0.0
1240,Person_1237,Group_2,Item_1,Threshold_3,1.0
1241,Person_1240,Group_1,Item_1,Threshold_3,1.0
1242,Person_1244,Group_1,Item_1,Threshold_3,0.0
1243,Person_1245,Group_1,Item_1,Threshold_3,0.0
1244,Person_1250,Group_1,Item_1,Threshold_3,0.0
1245,Person_1256,Group_1,Item_1,Threshold_3,0.0
1246,Person_1260,Group_2,Item_1,Threshold_3,1.0
1247,Person_1264,Group_1,Item_1,Threshold_3,0.0
1248,Person_1269,Group_2,Item_1,Threshold_3,0.0
1249,Person_1272,Group_1,Item_1,Threshold_3,1.0
1250,Person_1274,Group_1,Item_1,Threshold_3,0.0
1251,Person_1276,Group_2,Item_1,Threshold_3,0.0
1252,Person_1280,Group_2,Item_1,Threshold_3,0.0
1253,Person_1293,Group_1,Item_1,Threshold_3,0.0
1254,Person_1294,Group_2,Item_1,Threshold_3,0.0
1255,Person_1296,Group_1,Item_1,Threshold_3,1.0
1256,Person_1298,Group_2,Item_1,Threshold_3,0.0
1257,Person_1300,Group_1,Item_1,Threshold_3,0.0
1258,Person_1311,Group_2,Item_1,Threshold_3,1.0
1259,Person_1314,Group_2,Item_1,Threshold_3,1.0
1260,Person_1316,Group_2,Item_1,Threshold_3,1.0
1261,Person_1322,Group_2,Item_1,Threshold_3,0.0
1262,Person_1328,Group_1,Item_1,Threshold_3,1.0
1263,Person_1331,Group_2,Item_1,Threshold_3,1.0
1264,Person_1342,Group_2,Item_1,Threshold_3,0.0
1265,Person_1343,Group_1,Item_1,Threshold_3,0.0
1266,Person_1359,Group_1,Item_1,Threshold_3,0.0
1267,Person_1360,Group_2,Item_1,Threshold_3,1.0
1268,Person_1364,Group_1,Item_1,Threshold_3,0.0
1269,Person_1373,Group_2,Item_1,Threshold_3,0.0
1270,Person_1382,Group_2,Item_1,Threshold_3,1.0
1271,Person_1383,Group_1,Item_1,Threshold_3,1.0
1272,Person_1384,Group_1,Item_1,Threshold_3,1.0
1273,Person_1393,Group_1,Item_1,Threshold_3,0.0
1274,Person_1397,Group_2,Item_1,Threshold_3,0.0
1275,Person_1400,Group_2,Item_1,Threshold_3,1.0
1276,Person_1414,Group_2,Item_1,Threshold_3,0.0
1277,Person_1422,Group_2,Item_1,Threshold_3,0.0
1278,Person_1426,Group_1,Item_1,Threshold_3,0.0
1279,Person_1428,Group_2,Item_1,Threshold_3,0.0
1280,Person_1433,Group_2,Item_1,Threshold_3,0.0
1281,Person_1437,Group_1,Item_1,Threshold_3,1.0
1282,Person_1441,Group_2,Item_1,Threshold_3,0.0
1283,Person_1443,Group_1,Item_1,Threshold_3,1.0
1284,Person_1444,Group_1,Item_1,Threshold_3,0.0
1285,Person_1445,Group_2,Item_1,Threshold_3,1.0
1286,Person_1460,Group_2,Item_1,Threshold_3,0.0
1287,Person_1463,Group_2,Item_1,Threshold_3,1.0
1288,Person_1465,Group_1,Item_1,Threshold_3,0.0
1289,Person_1468,Group_1,Item_1,Threshold_3,0.0
1290,Person_1469,Group_1,Item_1,Threshold_3,0.0
1291,Person_1472,Group_2,Item_1,Threshold_3,1.0
1292,Person_1474,Group_1,Item_1,Threshold_3,1.0
1293,Person_1475,Group_2,Item_1,Threshold_3,0.0
1294,Person_1478,Group_2,Item_1,Threshold_3,1.0
1295,Person_1479,Group_1,Item_1,Threshold_3,1.0
1296,Person_1480,Group_1,Item_1,Threshold_3,0.0
1297,Person_1481,Group_2,Item_1,Threshold_3,0.0
1298,Person_1485,Group_1,Item_1,Threshold_3,0.0
1299,Person_1489,Group_1,Item_1,Threshold_3,0.0
1300,Person_1493,Group_1,Item_1,Threshold_3,0.0
1301,Person_1496,Group_1,Item_1,Threshold_3,1.0
1302,Person_1511,Group_2,Item_1,Threshold_3,0.0
1303,Person_1520,Group_2,Item_1,Threshold_3,1.0
1304,Person_1521,Group_2,Item_1,Threshold_3,1.0
1305,Person_1522,Group_2,Item_1,Threshold_3,0.0
1306,Person_1523,Group_2,Item_1,Threshold_3,0.0
1307,Person_1525,Group_1,Item_1,Threshold_3,0.0
1308,Person_1530,Group_2,Item_1,Threshold_3,1.0
1309,Person_1532,Group_1,Item_1,Threshold_3,0.0
1310,Person_1543,Group_1,Item_1,Threshold_3,0.0
1311,Person_1544,Group_1,Item_1,Threshold_3,1.0
1312,Person_1549,Group_2,Item_1,Threshold_3,0.0
1313,Person_1562,Group_2,Item_1,Threshold_3,1.0
1314,Person_1564,Group_1,Item_1,Threshold_3,0.0
1315,Person_1568,Group_1,Item_1,Threshold_3,0.0
1316,Person_1576,Group_1,Item_1,Threshold_3,0.0
1317,Person_1579,Group_1,Item_1,Threshold_3,1.0
1318,Person_1586,Group_2,Item_1,Threshold_3,1.0
1319,Person_1590,Group_1,Item_1,Threshold_3,0.0
1320,Person_1596,Group_1,Item_1,Threshold_3,0.0
1321,Person_1597,Group_1,Item_1,Threshold_3,0.0
1322,Person_1604,Group_1,Item_1,Threshold_3,1.0
1323,Person_1607,Group_1,Item_1,Threshold_3,1.0
1324,Person_1608,Group_2,Item_1,Threshold_3,0.0
1325,Person_1612,Group_1,Item_1,Threshold_3,1.0
1326,Person_1637,Group_1,Item_1,Threshold_3,0.0
1327,Person_20,Group_1,Item_1,Threshold_4,1.0
1328,Person_21,Group_1,Item_1,Threshold_4,1.0
1329,Person_23,Group_1,Item_1,Threshold_4,1.0
1330,Person_33,Group_1,Item_1,Threshold_4,0.0
1331,Person_38,Group_2,Item_1,Threshold_4,1.0
1332,Person_42,Group_2,Item_1,Threshold_4,1.0
1333,Person_43,Group_1,Item_1,Threshold_4,0.0
1334,Person_46,Group_2,Item_1,Threshold_4,0.0
1335,Person_56,Group_1,Item_1,Threshold_4,0.0
1336,Person_61,Group_2,Item_1,Threshold_4,1.0
1337,Person_65,Group_1,Item_1,Threshold_4,0.0
1338,Person_71,Group_1,Item_1,Threshold_4,0.0
1339,Person_73,Group_2,Item_1,Threshold_4,0.0
1340,Person_78,Group_2,Item_1,Threshold_4,0.0
1341,Person_79,Group_2,Item_1,Threshold_4,0.0
1342,Person_82,Group_1,Item_1,Threshold_4,1.0
1343,Person_85,Group_2,Item_1,Threshold_4,1.0
1344,Person_88,Group_2,Item_1,Threshold_4,1.0
1345,Person_90,Group_1,Item_1,Threshold_4,1.0
1346,Person_91,Group_2,Item_1,Threshold_4,1.0
1347,Person_94,Group_2,Item_1,Threshold_4,0.0
1348,Person_95,Group_1,Item_1,Threshold_4,0.0
1349,Person_96,Group_2,Item_1,Threshold_4,0.0
1350,Person_100,Group_1,Item_1,Threshold_4,1.0
1351,Person_103,Group_1,Item_1,Threshold_4,1.0
1352,Person_106,Group_1,Item_1,Threshold_4,1.0
1353,Person_107,Group_2,Item_1,Threshold_4,0.0
1354,Person_108,Group_2,Item_1,Threshold_4,0.0
1355,Person_112,Group_2,Item_1,Threshold_4,1.0
1356,Person_113,Group_2,Item_1,Threshold_4,1.0
1357,Person_118,Group_1,Item_1,Threshold_4,0.0
1358,Person_120,Group_1,Item_1,Threshold_4,0.0
1359,Person_122,Group_2,Item_1,Threshold_4,0.0
1360,Person_126,Group_2,Item_1,Threshold_4,0.0
1361,Person_133,Group_2,Item_1,Threshold_4,0.0
1362,Person_142,Group_1,Item_1,Threshold_4,1.0
1363,Person_145,Group_1,Item_1,Threshold_4,1.0
1364,Person_160,Group_2,Item_1,Threshold_4,0.0
1365,Person_166,Group_1,Item_1,Threshold_4,0.0
1366,Person_171,Group_1,Item_1,Threshold_4,0.0
1367,Person_183,Group_1,Item_1,Threshold_4,0.0
1368,Person_197,Group_2,Item_1,Threshold_4,0.0
1369,Person_198,Group_1,Item_1,Threshold_4,1.0
1370,Person_203,Group_2,Item_1,Threshold_4,1.0
1371,Person_204,Group_1,Item_1,Threshold_4,1.0
1372,Person_210,Group_1,Item_1,Threshold_4,0.0
1373,Person_237,Group_1,Item_1,Threshold_4,1.0
1374,Person_239,Group_2,Item_1,Threshold_4,1.0
1375,Person_242,Group_2,Item_1,Threshold_4,1.0
1376,Person_245,Group_2,Item_1,Threshold_4,0.0
1377,Person_246,Group_2,Item_1,Threshold_4,1.0
1378,Person_255,Group_1,Item_1,Threshold_4,0.0
1379,Person_256,Group_2,Item_1,Threshold_4,0.0
1380,Person_257,Group_1,Item_1,Threshold_4,1.0
1381,Person_264,Group_1,Item_1,Threshold_4,1.0
1382,Person_265,Group_2,Item_1,Threshold_4,0.0
1383,Person_269,Group_1,Item_1,Threshold_4,1.0
1384,Person_273,Group_1,Item_1,Threshold_4,0.0
1385,Person_280,Group_1,Item_1,Threshold_4,0.0
1386,Person_284,Group_1,Item_1,Threshold_4,1.0
1387,Person_290,Group_2,Item_1,Threshold_4,0.0
1388,Person_292,Group_2,Item_1,Threshold_4,1.0
1389,Person_300,Group_2,Item_1,Threshold_4,1.0
1390,Person_302,Group_1,Item_1,Threshold_4,0.0
1391,Person_305,Group_1,Item_1,Threshold_4,1.0
1392,Person_308,Group_2,Item_1,Threshold_4,1.0
1393,Person_315,Group_1,Item_1,Threshold_4,0.0
1394,Person_323,Group_1,Item_1,Threshold_4,0.0
1395,Person_324,Group_1,Item_1,Threshold_4,1.0
1396,Person_332,Group_1,Item_1,Threshold_4,1.0
1397,Person_336,Group_2,Item_1,Threshold_4,1.0
1398,Person_339,Group_1,Item_1,Threshold_4,0.0
1399,Person_345,Group_1,Item_1,Threshold_4,1.0
1400,Person_346,Group_2,Item_1,Threshold_4,1.0
1401,Person_353,Group_1,Item_1,Threshold_4,0.0
1402,Person_359,Group_1,Item_1,Threshold_4,1.0
1403,Person_363,Group_2,Item_1,Threshold_4,0.0
1404,Person_372,Group_1,Item_1,Threshold_4,0.0
1405,Person_382,Group_1,Item_1,Threshold_4,1.0
1406,Person_384,Group_1,Item_1,Threshold_4,0.0
1407,Person_388,Group_2,Item_1,Threshold_4,0.0
1408,Person_389,Group_1,Item_1,Threshold_4,0.0
1409,Person_399,Group_1,Item_1,Threshold_4,1.0
1410,Person_400,Group_1,Item_1,Threshold_4,0.0
1411,Person_403,Group_2,Item_1,Threshold_4,1.0
1412,Person_416,Group_2,Item_1,Threshold_4,0.0
1413,Person_417,Group_1,Item_1,Threshold_4,1.0
1414,Person_418,Group_1,Item_1,Threshold_4,1.0
1415,Person_423,Group_1,Item_1,Threshold_4,1.0
1416,Person_427,Group_2,Item_1,Threshold_4,1.0
1417,Person_429,Group_1,Item_1,Threshold_4,1.0
1418,Person_433,Group_1,Item_1,Threshold_4,0.0
1419,Person_434,Group_2,Item_1,Threshold_4,0.0
1420,Person_437,Group_1,Item_1,Threshold_4,0.0
1421,Person_439,Group_2,Item_1,Threshold_4,1.0
1422,Person_442,Group_2,Item_1,Threshold_4,1.0
1423,Person_443,Group_2,Item_1,Threshold_4,1.0
1424,Person_451,Group_1,Item_1,Threshold_4,1.0
1425,Person_454,Group_2,Item_1,Threshold_4,1.0
1426,Person_459,Group_2,Item_1,Threshold_4,0.0
1427,Person_462,Group_2,Item_1,Threshold_4,0.0
1428,Person_466,Group_2,Item_1,Threshold_4,1.0
1429,Person_471,Group_2,Item_1,Threshold_4,1.0
1430,Person_472,Group_2,Item_1,Threshold_4,1.0
1431,Person_476,Group_1,Item_1,Threshold_4,0.0
1432,Person_479,Group_1,Item_1,Threshold_4,1.0
1433,Person_489,Group_2,Item_1,Threshold_4,1.0
1434,Person_495,Group_1,Item_1,Threshold_4,1.0
1435,Person_496,Group_2,Item_1,Threshold_4,0.0
1436,Person_497,Group_1,Item_1,Threshold_4,1.0
1437,Person_498,Group_2,Item_1,Threshold_4,1.0
1438,Person_499,Group_1,Item_1,Threshold_4,1.0
1439,Person_500,Group_2,Item_1,Threshold_4,0.0
1440,Person_503,Group_2,Item_1,Threshold_4,1.0
1441,Person_504,Group_1,Item_1,Threshold_4,1.0
1442,Person_511,Group_2,Item_1,Threshold_4,0.0
1443,Person_513,Group_1,Item_1,Threshold_4,1.0
1444,Person_515,Group_1,Item_1,Threshold_4,1.0
1445,Person_520,Group_2,Item_1,Threshold_4,1.0
1446,Person_524,Group_1,Item_1,Threshold_4,0.0
1447,Person_525,Group_2,Item_1,Threshold_4,1.0
1448,Person_530,Group_2,Item_1,Threshold_4,0.0
1449,Person_536,Group_2,Item_1,Threshold_4,1.0
1450,Person_537,Group_1,Item_1,Threshold_4,1.0
1451,Person_540,Group_2,Item_1,Threshold_4,0.0
1452,Person_543,Group_1,Item_1,Threshold_4,0.0
1453,Person_545,Group_2,Item_1,Threshold_4,1.0
1454,Person_551,Group_2,Item_1,Threshold_4,1.0
1455,Person_554,Group_1,Item_1,Threshold_4,1.0
1456,Person_556,Group_2,Item_1,Threshold_4,1.0
1457,Person_558,Group_1,Item_1,Threshold_4,1.0
1458,Person_559,Group_2,Item_1,Threshold_4,1.0
1459,Person_563,Group_2,Item_1,Threshold_4,1.0
1460,Person_567,Group_2,Item_1,Threshold_4,0.0
1461,Person_570,Group_2,Item_1,Threshold_4,0.0
1462,Person_589,Group_1,Item_1,Threshold_4,1.0
1463,Person_593,Group_2,Item_1,Threshold_4,0.0
1464,Person_596,Group_1,Item_1,Threshold_4,0.0
1465,Person_601,Group_2,Item_1,Threshold_4,0.0
1466,Person_603,Group_1,Item_1,Threshold_4,1.0
1467,Person_607,Group_2,Item_1,Threshold_4,0.0
1468,Person_611,Group_2,Item_1,Threshold_4,1.0
1469,Person_615,Group_2,Item_1,Threshold_4,1.0
1470,Person_621,Group_2,Item_1,Threshold_4,1.0
1471,Person_624,Group_2,Item_1,Threshold_4,0.0
1472,Person_625,Group_1,Item_1,Threshold_4,1.0
1473,Person_630,Group_2,Item_1,Threshold_4,0.0
1474,Person_636,Group_2,Item_1,Threshold_4,1.0
1475,Person_637,Group_1,Item_1,Threshold_4,1.0
1476,Person_638,Group_2,Item_1,Threshold_4,1.0
1477,Person_647,Group_1,Item_1,Threshold_4,0.0
1478,Person_650,Group_1,Item_1,Threshold_4,1.0
1479,Person_662,Group_1,Item_1,Threshold_4,0.0
1480,Person_669,Group_1,Item_1,Threshold_4,0.0
1481,Person_671,Group_2,Item_1,Threshold_4,1.0
1482,Person_672,Group_1,Item_1,Threshold_4,0.0
1483,Person_678,Group_2,Item_1,Threshold_4,1.0
1484,Person_686,Group_1,Item_1,Threshold_4,1.0
1485,Person_691,Group_1,Item_1,Threshold_4,1.0
1486,Person_701,Group_2,Item_1,Threshold_4,0.0
1487,Person_704,Group_2,Item_1,Threshold_4,1.0
1488,Person_711,Group_1,Item_1,Threshold_4,1.0
1489,Person_713,Group_1,Item_1,Threshold_4,1.0
1490,Person_718,Group_1,Item_1,Threshold_4,0.0
1491,Person_719,Group_2,Item_1,Threshold_4,0.0
1492,Person_722,Group_1,Item_1,Threshold_4,1.0
1493,Person_724,Group_2,Item_1,Threshold_4,1.0
1494,Person_725,Group_2,Item_1,Threshold_4,0.0
1495,Person_726,Group_1,Item_1,Threshold_4,1.0
1496,Person_727,Group_1,Item_1,Threshold_4,1.0
1497,Person_728,Group_1,Item_1,Threshold_4,0.0
1498,Person_731,Group_2,Item_1,Threshold_4,1.0
1499,Person_732,Group_2,Item_1,Threshold_4,0.0
1500,Person_733,Group_2,Item_1,Threshold_4,1.0
1501,Person_734,Group_1,Item_1,Threshold_4,1.0
1502,Person_736,Group_2,Item_1,Threshold_4,1.0
1503,Person_740,Group_2,Item_1,Threshold_4,0.0
1504,Person_743,Group_2,Item_1,Threshold_4,1.0
1505,Person_745,Group_2,Item_1,Threshold_4,0.0
1506,Person_747,Group_2,Item_1,Threshold_4,1.0
1507,Person_757,Group_2,Item_1,Threshold_4,1.0
1508,Person_761,Group_2,Item_1,Threshold_4,0.0
1509,Person_762,Group_2,Item_1,Threshold_4,0.0
1510,Person_766,Group_1,Item_1,Threshold_4,0.0
1511,Person_768,Group_2,Item_1,Threshold_4,0.0
1512,Person_771,Group_2,Item_1,Threshold_4,0.0
1513,Person_772,Group_2,Item_1,Threshold_4,1.0
1514,Person_773,Group_2,Item_1,Threshold_4,0.0
1515,Person_778,Group_1,Item_1,Threshold_4,0.0
1516,Person_792,Group_1,Item_1,Threshold_4,1.0
1517,Person_796,Group_2,Item_1,Threshold_4,1.0
1518,Person_797,Group_2,Item_1,Threshold_4,1.0
1519,Person_798,Group_1,Item_1,Threshold_4,0.0
1520,Person_799,Group_1,Item_1,Threshold_4,1.0
1521,Person_804,Group_2,Item_1,Threshold_4,0.0
1522,Person_807,Group_1,Item_1,Threshold_4,1.0
1523,Person_811,Group_2,Item_1,Threshold_4,1.0
1524,Person_813,Group_2,Item_1,Threshold_4,0.0
1525,Person_820,Group_1,Item_1,Threshold_4,1.0
1526,Person_821,Group_1,Item_1,Threshold_4,1.0
1527,Person_823,Group_2,Item_1,Threshold_4,0.0
1528,Person_828,Group_2,Item_1,Threshold_4,1.0
1529,Person_834,Group_1,Item_1,Threshold_4,1.0
1530,Person_845,Group_1,Item_1,Threshold_4,0.0
1531,Person_848,Group_2,Item_1,Threshold_4,0.0
1532,Person_850,Group_1,Item_1,Threshold_4,0.0
1533,Person_851,Group_2,Item_1,Threshold_4,1.0
1534,Person_855,Group_2,Item_1,Threshold_4,0.0
1535,Person_863,Group_2,Item_1,Threshold_4,1.0
1536,Person_870,Group_1,Item_1,Threshold_4,0.0
1537,Person_871,Group_1,Item_1,Threshold_4,1.0
1538,Person_874,Group_2,Item_1,Threshold_4,1.0
1539,Person_877,Group_1,Item_1,Threshold_4,1.0
1540,Person_879,Group_1,Item_1,Threshold_4,0.0
1541,Person_887,Group_1,Item_1,Threshold_4,0.0
1542,Person_894,Group_2,Item_1,Threshold_4,0.0
1543,Person_895,Group_2,Item_1,Threshold_4,1.0
1544,Person_898,Group_2,Item_1,Threshold_4,1.0
1545,Person_900,Group_2,Item_1,Threshold_4,1.0
1546,Person_904,Group_2,Item_1,Threshold_4,0.0
1547,Person_908,Group_2,Item_1,Threshold_4,0.0
1548,Person_909,Group_1,Item_1,Threshold_4,1.0
1549,Person_910,Group_1,Item_1,Threshold_4,0.0
1550,Person_911,Group_2,Item_1,Threshold_4,1.0
1551,Person_913,Group_2,Item_1,Threshold_4,1.0
1552,Person_916,Group_1,Item_1,Threshold_4,0.0
1553,Person_922,Group_2,Item_1,Threshold_4,1.0
1554,Person_927,Group_1,Item_1,Threshold_4,1.0
1555,Person_928,Group_2,Item_1,Threshold_4,0.0
1556,Person_929,Group_1,Item_1,Threshold_4,1.0
1557,Person_930,Group_1,Item_1,Threshold_4,1.0
1558,Person_931,Group_1,Item_1,Threshold_4,1.0
1559,Person_936,Group_1,Item_1,Threshold_4,1.0
1560,Person_943,Group_2,Item_1,Threshold_4,0.0
1561,Person_946,Group_2,Item_1,Threshold_4,1.0
1562,Person_955,Group_1,Item_1,Threshold_4,1.0
1563,Person_958,Group_2,Item_1,Threshold_4,1.0
1564,Person_960,Group_2,Item_1,Threshold_4,0.0
1565,Person_962,Group_2,Item_1,Threshold_4,1.0
1566,Person_963,Group_2,Item_1,Threshold_4,0.0
1567,Person_965,Group_1,Item_1,Threshold_4,0.0
1568,Person_977,Group_1,Item_1,Threshold_4,1.0
1569,Person_981,Group_2,Item_1,Threshold_4,1.0
1570,Person_987,Group_1,Item_1,Threshold_4,0.0
1571,Person_988,Group_1,Item_1,Threshold_4,0.0
1572,Person_989,Group_2,Item_1,Threshold_4,1.0
1573,Person_994,Group_1,Item_1,Threshold_4,0.0
1574,Person_1000,Group_2,Item_1,Threshold_4,0.0
1575,Person_1026,Group_2,Item_1,Threshold_4,0.0
1576,Person_1028,Group_1,Item_1,Threshold_4,1.0
1577,Person_1030,Group_2,Item_1,Threshold_4,1.0
1578,Person_1035,Group_2,Item_1,Threshold_4,1.0
1579,Person_1039,Group_2,Item_1,Threshold_4,0.0
1580,Person_1041,Group_2,Item_1,Threshold_4,1.0
1581,Person_1042,Group_2,Item_1,Threshold_4,1.0
1582,Person_1045,Group_2,Item_1,Threshold_4,1.0
1583,Person_1049,Group_1,Item_1,Threshold_4,1.0
1584,Person_1050,Group_2,Item_1,Threshold_4,0.0
1585,Person_1053,Group_1,Item_1,Threshold_4,0.0
1586,Person_1054,Group_2,Item_1,Threshold_4,0.0
1587,Person_1057,Group_1,Item_1,Threshold_4,0.0
1588,Person_1058,Group_2,Item_1,Threshold_4,1.0
1589,Person_1061,Group_1,Item_1,Threshold_4,1.0
1590,Person_1066,Group_1,Item_1,Threshold_4,1.0
1591,Person_1068,Group_2,Item_1,Threshold_4,1.0
1592,Person_1069,Group_2,Item_1,Threshold_4,0.0
1593,Person_1070,Group_1,Item_1,Threshold_4,0.0
1594,Person_1071,Group_2,Item_1,Threshold_4,0.0
1595,Person_1074,Group_2,Item_1,Threshold_4,1.0
1596,Person_1075,Group_1,Item_1,Threshold_4,1.0
1597,Person_1078,Group_2,Item_1,Threshold_4,1.0
1598,Person_1079,Group_2,Item_1,Threshold_4,1.0
1599,Person_1090,Group_1,Item_1,Threshold_4,0.0
1600,Person_1104,Group_2,Item_1,Threshold_4,0.0
1601,Person_1110,Group_1,Item_1,Threshold_4,1.0
1602,Person_1125,Group_1,Item_1,Threshold_4,1.0
1603,Person_1131,Group_1,Item_1,Threshold_4,1.0
1604,Person_1133,Group_1,Item_1,Threshold_4,0.0
1605,Person_1138,Group_1,Item_1,Threshold_4,1.0
1606,Person_1147,Group_1,Item_1,Threshold_4,0.0
1607,Person_1157,Group_1,Item_1,Threshold_4,1.0
1608,Person_1166,Group_2,Item_1,Threshold_4,1.0
1609,Person_1167,Group_1,Item_1,Threshold_4,1.0
1610,Person_1175,Group_2,Item_1,Threshold_4,1.0
1611,Person_1177,Group_1,Item_1,Threshold_4,1.0
1612,Person_1178,Group_2,Item_1,Threshold_4,0.0
1613,Person_1179,Group_2,Item_1,Threshold_4,1.0
1614,Person_1187,Group_1,Item_1,Threshold_4,1.0
1615,Person_1190,Group_1,Item_1,Threshold_4,1.0
1616,Person_1196,Group_2,Item_1,Threshold_4,0.0
1617,Person_1206,Group_1,Item_1,Threshold_4,1.0
1618,Person_1208,Group_1,Item_1,Threshold_4,1.0
1619,Person_1213,Group_2,Item_1,Threshold_4,0.0
1620,Person_1214,Group_2,Item_1,Threshold_4,0.0
1621,Person_1222,Group_1,Item_1,Threshold_4,0.0
1622,Person_1230,Group_1,Item_1,Threshold_4,0.0
1623,Person_1231,Group_2,Item_1,Threshold_4,1.0
1624,Person_1234,Group_2,Item_1,Threshold_4,0.0
1625,Person_1237,Group_1,Item_1,Threshold_4,0.0
1626,Person_1240,Group_2,Item_1,Threshold_4,0.0
1627,Person_1248,Group_2,Item_1,Threshold_4,1.0
1628,Person_1252,Group_1,Item_1,Threshold_4,1.0
1629,Person_1253,Group_2,Item_1,Threshold_4,1.0
1630,Person_1255,Group_1,Item_1,Threshold_4,1.0
1631,Person_1260,Group_1,Item_1,Threshold_4,0.0
1632,Person_1261,Group_1,Item_1,Threshold_4,1.0
1633,Person_1271,Group_1,Item_1,Threshold_4,1.0
1634,Person_1272,Group_2,Item_1,Threshold_4,0.0
1635,Person_1283,Group_2,Item_1,Threshold_4,1.0
1636,Person_1286,Group_2,Item_1,Threshold_4,1.0
1637,Person_1296,Group_1,Item_1,Threshold_4,0.0
1638,Person_1306,Group_2,Item_1,Threshold_4,1.0
1639,Person_1309,Group_1,Item_1,Threshold_4,1.0
1640,Person_1310,Group_1,Item_1,Threshold_4,1.0
1641,Person_1311,Group_2,Item_1,Threshold_4,0.0
1642,Person_1314,Group_2,Item_1,Threshold_4,0.0
1643,Person_1316,Group_2,Item_1,Threshold_4,0.0
1644,Person_1317,Group_1,Item_1,Threshold_4,1.0
1645,Person_1321,Group_2,Item_1,Threshold_4,1.0
1646,Person_1325,Group_2,Item_1,Threshold_4,1.0
1647,Person_1326,Group_2,Item_1,Threshold_4,1.0
1648,Person_1328,Group_2,Item_1,Threshold_4,0.0
1649,Person_1329,Group_2,Item_1,Threshold_4,1.0
1650,Person_1330,Group_1,Item_1,Threshold_4,1.0
1651,Person_1331,Group_2,Item_1,Threshold_4,0.0
1652,Person_1332,Group_2,Item_1,Threshold_4,1.0
1653,Person_1334,Group_1,Item_1,Threshold_4,1.0
1654,Person_1353,Group_1,Item_1,Threshold_4,1.0
1655,Person_1354,Group_1,Item_1,Threshold_4,1.0
1656,Person_1360,Group_2,Item_1,Threshold_4,0.0
1657,Person_1363,Group_1,Item_1,Threshold_4,1.0
1658,Person_1372,Group_1,Item_1,Threshold_4,1.0
1659,Person_1379,Group_2,Item_1,Threshold_4,1.0
1660,Person_1382,Group_1,Item_1,Threshold_4,0.0
1661,Person_1383,Group_2,Item_1,Threshold_4,0.0
1662,Person_1384,Group_1,Item_1,Threshold_4,0.0
1663,Person_1386,Group_1,Item_1,Threshold_4,1.0
1664,Person_1400,Group_1,Item_1,Threshold_4,0.0
1665,Person_1401,Group_2,Item_1,Threshold_4,1.0
1666,Person_1407,Group_1,Item_1,Threshold_4,1.0
1667,Person_1417,Group_2,Item_1,Threshold_4,1.0
1668,Person_1419,Group_1,Item_1,Threshold_4,1.0
1669,Person_1432,Group_2,Item_1,Threshold_4,1.0
1670,Person_1436,Group_1,Item_1,Threshold_4,1.0
1671,Person_1437,Group_2,Item_1,Threshold_4,0.0
1672,Person_1442,Group_2,Item_1,Threshold_4,1.0
1673,Person_1443,Group_2,Item_1,Threshold_4,0.0
1674,Person_1445,Group_1,Item_1,Threshold_4,0.0
1675,Person_1446,Group_1,Item_1,Threshold_4,1.0
1676,Person_1458,Group_1,Item_1,Threshold_4,1.0
1677,Person_1462,Group_1,Item_1,Threshold_4,1.0
1678,Person_1463,Group_2,Item_1,Threshold_4,0.0
1679,Person_1466,Group_2,Item_1,Threshold_4,1.0
1680,Person_1472,Group_2,Item_1,Threshold_4,0.0
1681,Person_1473,Group_1,Item_1,Threshold_4,1.0
1682,Person_1474,Group_2,Item_1,Threshold_4,0.0
1683,Person_1478,Group_2,Item_1,Threshold_4,0.0
1684,Person_1479,Group_1,Item_1,Threshold_4,0.0
1685,Person_1483,Group_2,Item_1,Threshold_4,1.0
1686,Person_1496,Group_1,Item_1,Threshold_4,0.0
1687,Person_1499,Group_1,Item_1,Threshold_4,1.0
1688,Person_1506,Group_2,Item_1,Threshold_4,1.0
1689,Person_1520,Group_1,Item_1,Threshold_4,0.0
1690,Person_1521,Group_2,Item_1,Threshold_4,0.0
1691,Person_1524,Group_1,Item_1,Threshold_4,1.0
1692,Person_1526,Group_1,Item_1,Threshold_4,1.0
1693,Person_1530,Group_1,Item_1,Threshold_4,0.0
1694,Person_1533,Group_2,Item_1,Threshold_4,1.0
1695,Person_1536,Group_2,Item_1,Threshold_4,1.0
1696,Person_1541,Group_1,Item_1,Threshold_4,1.0
1697,Person_1544,Group_1,Item_1,Threshold_4,0.0
1698,Person_1552,Group_2,Item_1,Threshold_4,1.0
1699,Person_1554,Group_1,Item_1,Threshold_4,1.0
1700,Person_1562,Group_2,Item_1,Threshold_4,0.0
1701,Person_1572,Group_2,Item_1,Threshold_4,1.0
1702,Person_1579,Group_2,Item_1,Threshold_4,0.0
1703,Person_1580,Group_1,Item_1,Threshold_4,1.0
1704,Person_1582,Group_2,Item_1,Threshold_4,1.0
1705,Person_1583,Group_1,Item_1,Threshold_4,1.0
1706,Person_1585,Group_1,Item_1,Threshold_4,1.0
1707,Person_1586,Group_1,Item_1,Threshold_4,0.0
1708,Person_1594,Group_1,Item_1,Threshold_4,1.0
1709,Person_1598,Group_1,Item_1,Threshold_4,1.0
1710,Person_1603,Group_2,Item_1,Threshold_4,1.0
1711,Person_1604,Group_2,Item_1,Threshold_4,0.0
1712,Person_1607,Group_2,Item_1,Threshold_4,0.0
1713,Person_1610,Group_1,Item_1,Threshold_4,1.0
1714,Person_1612,Group_1,Item_1,Threshold_4,0.0
1715,Person_1614,Group_2,Item_1,Threshold_4,1.0
1716,Person_1617,Group_2,Item_1,Threshold_4,1.0
1717,Person_1623,Group_2,Item_1,Threshold_4,1.0
1718,Person_1630,Group_1,Item_1,Threshold_4,1.0
1719,Person_1634,Group_1,Item_1,Threshold_4,1.0
1720,Person_1638,Group_2,Item_1,Threshold_4,1.0
1721,Person_2,Group_2,Item_1,Threshold_5,1.0
1722,Person_5,Group_2,Item_1,Threshold_5,1.0
1723,Person_6,Group_1,Item_1,Threshold_5,1.0
1724,Person_9,Group_2,Item_1,Threshold_5,1.0
1725,Person_10,Group_2,Item_1,Threshold_5,1.0
1726,Person_11,Group_2,Item_1,Threshold_5,1.0
1727,Person_12,Group_1,Item_1,Threshold_5,1.0
1728,Person_20,Group_2,Item_1,Threshold_5,0.0
1729,Person_21,Group_2,Item_1,Threshold_5,0.0
1730,Person_22,Group_2,Item_1,Threshold_5,1.0
1731,Person_23,Group_2,Item_1,Threshold_5,0.0
1732,Person_24,Group_2,Item_1,Threshold_5,1.0
1733,Person_29,Group_2,Item_1,Threshold_5,1.0
1734,Person_32,Group_2,Item_1,Threshold_5,1.0
1735,Person_37,Group_2,Item_1,Threshold_5,1.0
1736,Person_38,Group_2,Item_1,Threshold_5,0.0
1737,Person_42,Group_2,Item_1,Threshold_5,0.0
1738,Person_45,Group_1,Item_1,Threshold_5,1.0
1739,Person_47,Group_1,Item_1,Threshold_5,1.0
1740,Person_48,Group_2,Item_1,Threshold_5,1.0
1741,Person_50,Group_1,Item_1,Threshold_5,1.0
1742,Person_51,Group_1,Item_1,Threshold_5,1.0
1743,Person_53,Group_2,Item_1,Threshold_5,1.0
1744,Person_57,Group_1,Item_1,Threshold_5,1.0
1745,Person_60,Group_2,Item_1,Threshold_5,1.0
1746,Person_61,Group_2,Item_1,Threshold_5,0.0
1747,Person_63,Group_1,Item_1,Threshold_5,1.0
1748,Person_69,Group_1,Item_1,Threshold_5,1.0
1749,Person_75,Group_2,Item_1,Threshold_5,1.0
1750,Person_76,Group_1,Item_1,Threshold_5,1.0
1751,Person_77,Group_2,Item_1,Threshold_5,1.0
1752,Person_80,Group_2,Item_1,Threshold_5,1.0
1753,Person_82,Group_2,Item_1,Threshold_5,0.0
1754,Person_83,Group_2,Item_1,Threshold_5,1.0
1755,Person_84,Group_1,Item_1,Threshold_5,1.0
1756,Person_85,Group_2,Item_1,Threshold_5,0.0
1757,Person_86,Group_1,Item_1,Threshold_5,1.0
1758,Person_88,Group_1,Item_1,Threshold_5,0.0
1759,Person_89,Group_1,Item_1,Threshold_5,1.0
1760,Person_90,Group_1,Item_1,Threshold_5,0.0
1761,Person_91,Group_2,Item_1,Threshold_5,0.0
1762,Person_92,Group_2,Item_1,Threshold_5,1.0
1763,Person_99,Group_2,Item_1,Threshold_5,1.0
1764,Person_100,Group_2,Item_1,Threshold_5,0.0
1765,Person_102,Group_2,Item_1,Threshold_5,1.0
1766,Person_103,Group_2,Item_1,Threshold_5,0.0
1767,Person_106,Group_2,Item_1,Threshold_5,0.0
1768,Person_109,Group_2,Item_1,Threshold_5,1.0
1769,Person_111,Group_1,Item_1,Threshold_5,1.0
1770,Person_112,Group_1,Item_1,Threshold_5,0.0
1771,Person_113,Group_1,Item_1,Threshold_5,0.0
1772,Person_119,Group_1,Item_1,Threshold_5,1.0
1773,Person_123,Group_1,Item_1,Threshold_5,1.0
1774,Person_124,Group_1,Item_1,Threshold_5,1.0
1775,Person_125,Group_2,Item_1,Threshold_5,1.0
1776,Person_129,Group_1,Item_1,Threshold_5,1.0
1777,Person_131,Group_1,Item_1,Threshold_5,1.0
1778,Person_134,Group_1,Item_1,Threshold_5,1.0
1779,Person_135,Group_2,Item_1,Threshold_5,1.0
1780,Person_136,Group_1,Item_1,Threshold_5,1.0
1781,Person_139,Group_2,Item_1,Threshold_5,1.0
1782,Person_141,Group_2,Item_1,Threshold_5,1.0
1783,Person_142,Group_1,Item_1,Threshold_5,0.0
1784,Person_144,Group_1,Item_1,Threshold_5,1.0
1785,Person_145,Group_2,Item_1,Threshold_5,0.0
1786,Person_147,Group_2,Item_1,Threshold_5,1.0
1787,Person_148,Group_1,Item_1,Threshold_5,1.0
1788,Person_149,Group_2,Item_1,Threshold_5,1.0
1789,Person_150,Group_2,Item_1,Threshold_5,1.0
1790,Person_151,Group_2,Item_1,Threshold_5,1.0
1791,Person_152,Group_2,Item_1,Threshold_5,1.0
1792,Person_155,Group_2,Item_1,Threshold_5,1.0
1793,Person_162,Group_1,Item_1,Threshold_5,1.0
1794,Person_165,Group_1,Item_1,Threshold_5,1.0
1795,Person_167,Group_1,Item_1,Threshold_5,1.0
1796,Person_168,Group_2,Item_1,Threshold_5,1.0
1797,Person_173,Group_2,Item_1,Threshold_5,1.0
1798,Person_174,Group_1,Item_1,Threshold_5,1.0
1799,Person_175,Group_1,Item_1,Threshold_5,1.0
1800,Person_176,Group_2,Item_1,Threshold_5,1.0
1801,Person_177,Group_2,Item_1,Threshold_5,1.0
1802,Person_182,Group_2,Item_1,Threshold_5,1.0
1803,Person_186,Group_1,Item_1,Threshold_5,1.0
1804,Person_195,Group_2,Item_1,Threshold_5,1.0
1805,Person_196,Group_1,Item_1,Threshold_5,1.0
1806,Person_198,Group_2,Item_1,Threshold_5,0.0
1807,Person_200,Group_1,Item_1,Threshold_5,1.0
1808,Person_201,Group_1,Item_1,Threshold_5,1.0
1809,Person_203,Group_1,Item_1,Threshold_5,0.0
1810,Person_204,Group_1,Item_1,Threshold_5,0.0
1811,Person_206,Group_2,Item_1,Threshold_5,1.0
1812,Person_207,Group_2,Item_1,Threshold_5,1.0
1813,Person_209,Group_1,Item_1,Threshold_5,1.0
1814,Person_211,Group_1,Item_1,Threshold_5,1.0
1815,Person_212,Group_2,Item_1,Threshold_5,1.0
1816,Person_213,Group_2,Item_1,Threshold_5,1.0
1817,Person_215,Group_2,Item_1,Threshold_5,1.0
1818,Person_216,Group_1,Item_1,Threshold_5,1.0
1819,Person_219,Group_1,Item_1,Threshold_5,1.0
1820,Person_221,Group_1,Item_1,Threshold_5,1.0
1821,Person_222,Group_1,Item_1,Threshold_5,1.0
1822,Person_224,Group_1,Item_1,Threshold_5,1.0
1823,Person_227,Group_2,Item_1,Threshold_5,1.0
1824,Person_234,Group_1,Item_1,Threshold_5,1.0
1825,Person_235,Group_1,Item_1,Threshold_5,1.0
1826,Person_237,Group_1,Item_1,Threshold_5,0.0
1827,Person_238,Group_1,Item_1,Threshold_5,1.0
1828,Person_239,Group_1,Item_1,Threshold_5,0.0
1829,Person_242,Group_2,Item_1,Threshold_5,0.0
1830,Person_243,Group_1,Item_1,Threshold_5,1.0
1831,Person_244,Group_2,Item_1,Threshold_5,1.0
1832,Person_246,Group_2,Item_1,Threshold_5,0.0
1833,Person_247,Group_2,Item_1,Threshold_5,1.0
1834,Person_248,Group_2,Item_1,Threshold_5,1.0
1835,Person_249,Group_1,Item_1,Threshold_5,1.0
1836,Person_252,Group_1,Item_1,Threshold_5,1.0
1837,Person_253,Group_1,Item_1,Threshold_5,1.0
1838,Person_254,Group_1,Item_1,Threshold_5,1.0
1839,Person_257,Group_2,Item_1,Threshold_5,0.0
1840,Person_259,Group_1,Item_1,Threshold_5,1.0
1841,Person_260,Group_1,Item_1,Threshold_5,1.0
1842,Person_264,Group_1,Item_1,Threshold_5,0.0
1843,Person_266,Group_2,Item_1,Threshold_5,1.0
1844,Person_267,Group_1,Item_1,Threshold_5,1.0
1845,Person_269,Group_2,Item_1,Threshold_5,0.0
1846,Person_270,Group_1,Item_1,Threshold_5,1.0
1847,Person_276,Group_1,Item_1,Threshold_5,1.0
1848,Person_277,Group_1,Item_1,Threshold_5,1.0
1849,Person_278,Group_2,Item_1,Threshold_5,1.0
1850,Person_279,Group_1,Item_1,Threshold_5,1.0
1851,Person_282,Group_1,Item_1,Threshold_5,1.0
1852,Person_284,Group_2,Item_1,Threshold_5,0.0
1853,Person_286,Group_1,Item_1,Threshold_5,1.0
1854,Person_287,Group_1,Item_1,Threshold_5,1.0
1855,Person_289,Group_2,Item_1,Threshold_5,1.0
1856,Person_291,Group_1,Item_1,Threshold_5,1.0
1857,Person_292,Group_1,Item_1,Threshold_5,0.0
1858,Person_296,Group_2,Item_1,Threshold_5,1.0
1859,Person_297,Group_1,Item_1,Threshold_5,1.0
1860,Person_298,Group_2,Item_1,Threshold_5,1.0
1861,Person_299,Group_1,Item_1,Threshold_5,1.0
1862,Person_300,Group_1,Item_1,Threshold_5,0.0
1863,Person_301,Group_2,Item_1,Threshold_5,1.0
1864,Person_303,Group_2,Item_1,Threshold_5,1.0
1865,Person_305,Group_2,Item_1,Threshold_5,0.0
1866,Person_306,Group_2,Item_1,Threshold_5,1.0
1867,Person_308,Group_1,Item_1,Threshold_5,0.0
1868,Person_310,Group_2,Item_1,Threshold_5,1.0
1869,Person_311,Group_1,Item_1,Threshold_5,1.0
1870,Person_314,Group_2,Item_1,Threshold_5,1.0
1871,Person_317,Group_2,Item_1,Threshold_5,1.0
1872,Person_324,Group_1,Item_1,Threshold_5,0.0
1873,Person_327,Group_1,Item_1,Threshold_5,1.0
1874,Person_330,Group_1,Item_1,Threshold_5,1.0
1875,Person_332,Group_2,Item_1,Threshold_5,0.0
1876,Person_335,Group_1,Item_1,Threshold_5,1.0
1877,Person_336,Group_2,Item_1,Threshold_5,0.0
1878,Person_341,Group_2,Item_1,Threshold_5,1.0
1879,Person_343,Group_1,Item_1,Threshold_5,1.0
1880,Person_345,Group_1,Item_1,Threshold_5,0.0
1881,Person_346,Group_1,Item_1,Threshold_5,0.0
1882,Person_347,Group_2,Item_1,Threshold_5,1.0
1883,Person_354,Group_1,Item_1,Threshold_5,1.0
1884,Person_355,Group_1,Item_1,Threshold_5,1.0
1885,Person_359,Group_2,Item_1,Threshold_5,0.0
1886,Person_364,Group_2,Item_1,Threshold_5,1.0
1887,Person_365,Group_2,Item_1,Threshold_5,1.0
1888,Person_366,Group_1,Item_1,Threshold_5,1.0
1889,Person_368,Group_2,Item_1,Threshold_5,1.0
1890,Person_371,Group_1,Item_1,Threshold_5,1.0
1891,Person_373,Group_2,Item_1,Threshold_5,1.0
1892,Person_380,Group_1,Item_1,Threshold_5,1.0
1893,Person_381,Group_1,Item_1,Threshold_5,1.0
1894,Person_382,Group_2,Item_1,Threshold_5,0.0
1895,Person_385,Group_2,Item_1,Threshold_5,1.0
1896,Person_387,Group_2,Item_1,Threshold_5,1.0
1897,Person_395,Group_2,Item_1,Threshold_5,1.0
1898,Person_397,Group_1,Item_1,Threshold_5,1.0
1899,Person_399,Group_2,Item_1,Threshold_5,0.0
1900,Person_403,Group_1,Item_1,Threshold_5,0.0
1901,Person_406,Group_2,Item_1,Threshold_5,1.0
1902,Person_407,Group_2,Item_1,Threshold_5,1.0
1903,Person_408,Group_2,Item_1,Threshold_5,1.0
1904,Person_410,Group_1,Item_1,Threshold_5,1.0
1905,Person_411,Group_1,Item_1,Threshold_5,1.0
1906,Person_413,Group_2,Item_1,Threshold_5,1.0
1907,Person_417,Group_2,Item_1,Threshold_5,0.0
1908,Person_418,Group_1,Item_1,Threshold_5,0.0
1909,Person_422,Group_1,Item_1,Threshold_5,1.0
1910,Person_423,Group_1,Item_1,Threshold_5,0.0
1911,Person_427,Group_1,Item_1,Threshold_5,0.0
1912,Person_429,Group_1,Item_1,Threshold_5,0.0
1913,Person_439,Group_1,Item_1,Threshold_5,0.0
1914,Person_440,Group_2,Item_1,Threshold_5,1.0
1915,Person_441,Group_2,Item_1,Threshold_5,1.0
1916,Person_442,Group_2,Item_1,Threshold_5,0.0
1917,Person_443,Group_1,Item_1,Threshold_5,0.0
1918,Person_445,Group_1,Item_1,Threshold_5,1.0
1919,Person_448,Group_1,Item_1,Threshold_5,1.0
1920,Person_451,Group_2,Item_1,Threshold_5,0.0
1921,Person_454,Group_2,Item_1,Threshold_5,0.0
1922,Person_455,Group_1,Item_1,Threshold_5,1.0
1923,Person_456,Group_1,Item_1,Threshold_5,1.0
1924,Person_461,Group_2,Item_1,Threshold_5,1.0
1925,Person_463,Group_1,Item_1,Threshold_5,1.0
1926,Person_465,Group_2,Item_1,Threshold_5,1.0
1927,Person_466,Group_2,Item_1,Threshold_5,0.0
1928,Person_471,Group_1,Item_1,Threshold_5,0.0
1929,Person_472,Group_2,Item_1,Threshold_5,0.0
1930,Person_477,Group_2,Item_1,Threshold_5,1.0
1931,Person_479,Group_1,Item_1,Threshold_5,0.0
1932,Person_482,Group_1,Item_1,Threshold_5,1.0
1933,Person_483,Group_2,Item_1,Threshold_5,1.0
1934,Person_484,Group_1,Item_1,Threshold_5,1.0
1935,Person_486,Group_1,Item_1,Threshold_5,1.0
1936,Person_489,Group_1,Item_1,Threshold_5,0.0
1937,Person_490,Group_2,Item_1,Threshold_5,1.0
1938,Person_493,Group_1,Item_1,Threshold_5,1.0
1939,Person_495,Group_2,Item_1,Threshold_5,0.0
1940,Person_497,Group_2,Item_1,Threshold_5,0.0
1941,Person_498,Group_2,Item_1,Threshold_5,0.0
1942,Person_499,Group_1,Item_1,Threshold_5,0.0
1943,Person_502,Group_2,Item_1,Threshold_5,1.0
1944,Person_503,Group_1,Item_1,Threshold_5,0.0
1945,Person_504,Group_1,Item_1,Threshold_5,0.0
1946,Person_505,Group_1,Item_1,Threshold_5,1.0
1947,Person_506,Group_2,Item_1,Threshold_5,1.0
1948,Person_510,Group_2,Item_1,Threshold_5,1.0
1949,Person_512,Group_1,Item_1,Threshold_5,1.0
1950,Person_513,Group_1,Item_1,Threshold_5,0.0
1951,Person_515,Group_2,Item_1,Threshold_5,0.0
1952,Person_519,Group_1,Item_1,Threshold_5,1.0
1953,Person_520,Group_1,Item_1,Threshold_5,0.0
1954,Person_521,Group_2,Item_1,Threshold_5,1.0
1955,Person_523,Group_1,Item_1,Threshold_5,1.0
1956,Person_525,Group_1,Item_1,Threshold_5,0.0
1957,Person_526,Group_2,Item_1,Threshold_5,1.0
1958,Person_527,Group_1,Item_1,Threshold_5,1.0
1959,Person_536,Group_2,Item_1,Threshold_5,0.0
1960,Person_537,Group_1,Item_1,Threshold_5,0.0
1961,Person_541,Group_2,Item_1,Threshold_5,1.0
1962,Person_542,Group_2,Item_1,Threshold_5,1.0
1963,Person_544,Group_2,Item_1,Threshold_5,1.0
1964,Person_545,Group_2,Item_1,Threshold_5,0.0
1965,Person_546,Group_1,Item_1,Threshold_5,1.0
1966,Person_551,Group_2,Item_1,Threshold_5,0.0
1967,Person_554,Group_1,Item_1,Threshold_5,0.0
1968,Person_555,Group_2,Item_1,Threshold_5,1.0
1969,Person_556,Group_2,Item_1,Threshold_5,0.0
1970,Person_557,Group_2,Item_1,Threshold_5,1.0
1971,Person_558,Group_2,Item_1,Threshold_5,0.0
1972,Person_559,Group_2,Item_1,Threshold_5,0.0
1973,Person_561,Group_1,Item_1,Threshold_5,1.0
1974,Person_563,Group_1,Item_1,Threshold_5,0.0
1975,Person_565,Group_1,Item_1,Threshold_5,1.0
1976,Person_574,Group_1,Item_1,Threshold_5,1.0
1977,Person_575,Group_2,Item_1,Threshold_5,1.0
1978,Person_577,Group_2,Item_1,Threshold_5,1.0
1979,Person_580,Group_2,Item_1,Threshold_5,1.0
1980,Person_585,Group_2,Item_1,Threshold_5,1.0
1981,Person_589,Group_1,Item_1,Threshold_5,0.0
1982,Person_591,Group_1,Item_1,Threshold_5,1.0
1983,Person_592,Group_1,Item_1,Threshold_5,1.0
1984,Person_599,Group_1,Item_1,Threshold_5,1.0
1985,Person_600,Group_2,Item_1,Threshold_5,1.0
1986,Person_602,Group_1,Item_1,Threshold_5,1.0
1987,Person_603,Group_2,Item_1,Threshold_5,0.0
1988,Person_605,Group_2,Item_1,Threshold_5,1.0
1989,Person_611,Group_1,Item_1,Threshold_5,0.0
1990,Person_613,Group_2,Item_1,Threshold_5,1.0
1991,Person_614,Group_1,Item_1,Threshold_5,1.0
1992,Person_615,Group_1,Item_1,Threshold_5,0.0
1993,Person_616,Group_2,Item_1,Threshold_5,1.0
1994,Person_617,Group_1,Item_1,Threshold_5,1.0
1995,Person_619,Group_1,Item_1,Threshold_5,1.0
1996,Person_621,Group_1,Item_1,Threshold_5,0.0
1997,Person_623,Group_2,Item_1,Threshold_5,1.0
1998,Person_625,Group_1,Item_1,Threshold_5,0.0
1999,Person_628,Group_2,Item_1,Threshold_5,1.0
2000,Person_629,Group_2,Item_1,Threshold_5,1.0
2001,Person_631,Group_2,Item_1,Threshold_5,1.0
2002,Person_632,Group_2,Item_1,Threshold_5,1.0
2003,Person_633,Group_2,Item_1,Threshold_5,1.0
2004,Person_636,Group_2,Item_1,Threshold_5,0.0
2005,Person_637,Group_1,Item_1,Threshold_5,0.0
2006,Person_638,Group_2,Item_1,Threshold_5,0.0
2007,Person_639,Group_2,Item_1,Threshold_5,1.0
2008,Person_641,Group_2,Item_1,Threshold_5,1.0
2009,Person_643,Group_1,Item_1,Threshold_5,1.0
2010,Person_644,Group_2,Item_1,Threshold_5,1.0
2011,Person_646,Group_2,Item_1,Threshold_5,1.0
2012,Person_649,Group_1,Item_1,Threshold_5,1.0
2013,Person_650,Group_1,Item_1,Threshold_5,0.0
2014,Person_651,Group_2,Item_1,Threshold_5,1.0
2015,Person_652,Group_2,Item_1,Threshold_5,1.0
2016,Person_653,Group_2,Item_1,Threshold_5,1.0
2017,Person_654,Group_1,Item_1,Threshold_5,1.0
2018,Person_659,Group_1,Item_1,Threshold_5,1.0
2019,Person_664,Group_1,Item_1,Threshold_5,1.0
2020,Person_671,Group_2,Item_1,Threshold_5,0.0
2021,Person_674,Group_1,Item_1,Threshold_5,1.0
2022,Person_676,Group_2,Item_1,Threshold_5,1.0
2023,Person_678,Group_1,Item_1,Threshold_5,0.0
2024,Person_683,Group_2,Item_1,Threshold_5,1.0
2025,Person_684,Group_2,Item_1,Threshold_5,1.0
2026,Person_685,Group_1,Item_1,Threshold_5,1.0
2027,Person_686,Group_1,Item_1,Threshold_5,0.0
2028,Person_687,Group_2,Item_1,Threshold_5,1.0
2029,Person_689,Group_2,Item_1,Threshold_5,1.0
2030,Person_690,Group_1,Item_1,Threshold_5,1.0
2031,Person_691,Group_2,Item_1,Threshold_5,0.0
2032,Person_692,Group_1,Item_1,Threshold_5,1.0
2033,Person_694,Group_1,Item_1,Threshold_5,1.0
2034,Person_698,Group_2,Item_1,Threshold_5,1.0
2035,Person_704,Group_2,Item_1,Threshold_5,0.0
2036,Person_705,Group_2,Item_1,Threshold_5,1.0
2037,Person_707,Group_2,Item_1,Threshold_5,1.0
2038,Person_709,Group_1,Item_1,Threshold_5,1.0
2039,Person_710,Group_2,Item_1,Threshold_5,1.0
2040,Person_711,Group_2,Item_1,Threshold_5,0.0
2041,Person_713,Group_1,Item_1,Threshold_5,0.0
2042,Person_722,Group_1,Item_1,Threshold_5,0.0
2043,Person_723,Group_2,Item_1,Threshold_5,1.0
2044,Person_724,Group_2,Item_1,Threshold_5,0.0
2045,Person_726,Group_2,Item_1,Threshold_5,0.0
2046,Person_727,Group_2,Item_1,Threshold_5,0.0
2047,Person_731,Group_2,Item_1,Threshold_5,0.0
2048,Person_733,Group_2,Item_1,Threshold_5,0.0
2049,Person_734,Group_2,Item_1,Threshold_5,0.0
2050,Person_735,Group_2,Item_1,Threshold_5,1.0
2051,Person_736,Group_2,Item_1,Threshold_5,0.0
2052,Person_737,Group_2,Item_1,Threshold_5,1.0
2053,Person_738,Group_1,Item_1,Threshold_5,1.0
2054,Person_739,Group_2,Item_1,Threshold_5,1.0
2055,Person_742,Group_2,Item_1,Threshold_5,1.0
2056,Person_743,Group_2,Item_1,Threshold_5,0.0
2057,Person_744,Group_2,Item_1,Threshold_5,1.0
2058,Person_746,Group_2,Item_1,Threshold_5,1.0
2059,Person_747,Group_2,Item_1,Threshold_5,0.0
2060,Person_748,Group_2,Item_1,Threshold_5,1.0
2061,Person_751,Group_2,Item_1,Threshold_5,1.0
2062,Person_757,Group_1,Item_1,Threshold_5,0.0
2063,Person_763,Group_2,Item_1,Threshold_5,1.0
2064,Person_764,Group_2,Item_1,Threshold_5,1.0
2065,Person_765,Group_2,Item_1,Threshold_5,1.0
2066,Person_772,Group_2,Item_1,Threshold_5,0.0
2067,Person_776,Group_1,Item_1,Threshold_5,1.0
2068,Person_777,Group_2,Item_1,Threshold_5,1.0
2069,Person_782,Group_2,Item_1,Threshold_5,1.0
2070,Person_786,Group_2,Item_1,Threshold_5,1.0
2071,Person_791,Group_2,Item_1,Threshold_5,1.0
2072,Person_792,Group_2,Item_1,Threshold_5,0.0
2073,Person_795,Group_1,Item_1,Threshold_5,1.0
2074,Person_796,Group_1,Item_1,Threshold_5,0.0
2075,Person_797,Group_1,Item_1,Threshold_5,0.0
2076,Person_799,Group_1,Item_1,Threshold_5,0.0
2077,Person_800,Group_2,Item_1,Threshold_5,1.0
2078,Person_801,Group_2,Item_1,Threshold_5,1.0
2079,Person_802,Group_2,Item_1,Threshold_5,1.0
2080,Person_805,Group_1,Item_1,Threshold_5,1.0
2081,Person_806,Group_2,Item_1,Threshold_5,1.0
2082,Person_807,Group_1,Item_1,Threshold_5,0.0
2083,Person_809,Group_1,Item_1,Threshold_5,1.0
2084,Person_811,Group_1,Item_1,Threshold_5,0.0
2085,Person_814,Group_1,Item_1,Threshold_5,1.0
2086,Person_815,Group_1,Item_1,Threshold_5,1.0
2087,Person_817,Group_1,Item_1,Threshold_5,1.0
2088,Person_818,Group_1,Item_1,Threshold_5,1.0
2089,Person_820,Group_1,Item_1,Threshold_5,0.0
2090,Person_821,Group_2,Item_1,Threshold_5,0.0
2091,Person_822,Group_1,Item_1,Threshold_5,1.0
2092,Person_825,Group_1,Item_1,Threshold_5,1.0
2093,Person_828,Group_2,Item_1,Threshold_5,0.0
2094,Person_830,Group_1,Item_1,Threshold_5,1.0
2095,Person_833,Group_1,Item_1,Threshold_5,1.0
2096,Person_834,Group_2,Item_1,Threshold_5,0.0
2097,Person_835,Group_1,Item_1,Threshold_5,1.0
2098,Person_838,Group_1,Item_1,Threshold_5,1.0
2099,Person_840,Group_1,Item_1,Threshold_5,1.0
2100,Person_841,Group_2,Item_1,Threshold_5,1.0
2101,Person_851,Group_2,Item_1,Threshold_5,0.0
2102,Person_853,Group_1,Item_1,Threshold_5,1.0
2103,Person_854,Group_2,Item_1,Threshold_5,1.0
2104,Person_860,Group_1,Item_1,Threshold_5,1.0
2105,Person_861,Group_2,Item_1,Threshold_5,1.0
2106,Person_863,Group_1,Item_1,Threshold_5,0.0
2107,Person_864,Group_1,Item_1,Threshold_5,1.0
2108,Person_866,Group_1,Item_1,Threshold_5,1.0
2109,Person_871,Group_1,Item_1,Threshold_5,0.0
2110,Person_872,Group_2,Item_1,Threshold_5,1.0
2111,Person_874,Group_2,Item_1,Threshold_5,0.0
2112,Person_876,Group_2,Item_1,Threshold_5,1.0
2113,Person_877,Group_1,Item_1,Threshold_5,0.0
2114,Person_878,Group_2,Item_1,Threshold_5,1.0
2115,Person_884,Group_1,Item_1,Threshold_5,1.0
2116,Person_889,Group_2,Item_1,Threshold_5,1.0
2117,Person_892,Group_1,Item_1,Threshold_5,1.0
2118,Person_895,Group_1,Item_1,Threshold_5,0.0
2119,Person_897,Group_2,Item_1,Threshold_5,1.0
2120,Person_898,Group_2,Item_1,Threshold_5,0.0
2121,Person_899,Group_1,Item_1,Threshold_5,1.0
2122,Person_900,Group_2,Item_1,Threshold_5,0.0
2123,Person_901,Group_1,Item_1,Threshold_5,1.0
2124,Person_905,Group_1,Item_1,Threshold_5,1.0
2125,Person_906,Group_1,Item_1,Threshold_5,1.0
2126,Person_909,Group_2,Item_1,Threshold_5,0.0
2127,Person_911,Group_2,Item_1,Threshold_5,0.0
2128,Person_913,Group_2,Item_1,Threshold_5,0.0
2129,Person_919,Group_1,Item_1,Threshold_5,1.0
2130,Person_920,Group_2,Item_1,Threshold_5,1.0
2131,Person_921,Group_2,Item_1,Threshold_5,1.0
2132,Person_922,Group_2,Item_1,Threshold_5,0.0
2133,Person_926,Group_2,Item_1,Threshold_5,1.0
2134,Person_927,Group_2,Item_1,Threshold_5,0.0
2135,Person_929,Group_1,Item_1,Threshold_5,0.0
2136,Person_930,Group_1,Item_1,Threshold_5,0.0
2137,Person_931,Group_2,Item_1,Threshold_5,0.0
2138,Person_933,Group_2,Item_1,Threshold_5,1.0
2139,Person_936,Group_1,Item_1,Threshold_5,0.0
2140,Person_937,Group_1,Item_1,Threshold_5,1.0
2141,Person_938,Group_1,Item_1,Threshold_5,1.0
2142,Person_941,Group_1,Item_1,Threshold_5,1.0
2143,Person_942,Group_1,Item_1,Threshold_5,1.0
2144,Person_944,Group_2,Item_1,Threshold_5,1.0
2145,Person_946,Group_2,Item_1,Threshold_5,0.0
2146,Person_948,Group_2,Item_1,Threshold_5,1.0
2147,Person_949,Group_1,Item_1,Threshold_5,1.0
2148,Person_952,Group_1,Item_1,Threshold_5,1.0
2149,Person_955,Group_2,Item_1,Threshold_5,0.0
2150,Person_958,Group_2,Item_1,Threshold_5,0.0
2151,Person_962,Group_2,Item_1,Threshold_5,0.0
2152,Person_966,Group_2,Item_1,Threshold_5,1.0
2153,Person_968,Group_1,Item_1,Threshold_5,1.0
2154,Person_970,Group_2,Item_1,Threshold_5,1.0
2155,Person_971,Group_1,Item_1,Threshold_5,1.0
2156,Person_975,Group_2,Item_1,Threshold_5,1.0
2157,Person_977,Group_1,Item_1,Threshold_5,0.0
2158,Person_979,Group_1,Item_1,Threshold_5,1.0
2159,Person_981,Group_1,Item_1,Threshold_5,0.0
2160,Person_982,Group_1,Item_1,Threshold_5,1.0
2161,Person_989,Group_2,Item_1,Threshold_5,0.0
2162,Person_990,Group_1,Item_1,Threshold_5,1.0
2163,Person_993,Group_2,Item_1,Threshold_5,1.0
2164,Person_995,Group_1,Item_1,Threshold_5,1.0
2165,Person_996,Group_1,Item_1,Threshold_5,1.0
2166,Person_997,Group_2,Item_1,Threshold_5,1.0
2167,Person_998,Group_1,Item_1,Threshold_5,1.0
2168,Person_1001,Group_1,Item_1,Threshold_5,1.0
2169,Person_1003,Group_1,Item_1,Threshold_5,1.0
2170,Person_1005,Group_1,Item_1,Threshold_5,1.0
2171,Person_1008,Group_2,Item_1,Threshold_5,1.0
2172,Person_1010,Group_2,Item_1,Threshold_5,1.0
2173,Person_1013,Group_2,Item_1,Threshold_5,1.0
2174,Person_1014,Group_2,Item_1,Threshold_5,1.0
2175,Person_1021,Group_1,Item_1,Threshold_5,1.0
2176,Person_1028,Group_2,Item_1,Threshold_5,0.0
2177,Person_1030,Group_1,Item_1,Threshold_5,0.0
2178,Person_1031,Group_1,Item_1,Threshold_5,1.0
2179,Person_1032,Group_2,Item_1,Threshold_5,1.0
2180,Person_1034,Group_1,Item_1,Threshold_5,1.0
2181,Person_1035,Group_2,Item_1,Threshold_5,0.0
2182,Person_1038,Group_1,Item_1,Threshold_5,1.0
2183,Person_1041,Group_1,Item_1,Threshold_5,0.0
2184,Person_1042,Group_1,Item_1,Threshold_5,0.0
2185,Person_1045,Group_1,Item_1,Threshold_5,0.0
2186,Person_1046,Group_1,Item_1,Threshold_5,1.0
2187,Person_1048,Group_2,Item_1,Threshold_5,1.0
2188,Person_1049,Group_1,Item_1,Threshold_5,0.0
2189,Person_1051,Group_2,Item_1,Threshold_5,1.0
2190,Person_1055,Group_1,Item_1,Threshold_5,1.0
2191,Person_1056,Group_1,Item_1,Threshold_5,1.0
2192,Person_1058,Group_2,Item_1,Threshold_5,0.0
2193,Person_1060,Group_2,Item_1,Threshold_5,1.0
2194,Person_1061,Group_1,Item_1,Threshold_5,0.0
2195,Person_1065,Group_1,Item_1,Threshold_5,1.0
2196,Person_1066,Group_2,Item_1,Threshold_5,0.0
2197,Person_1068,Group_1,Item_1,Threshold_5,0.0
2198,Person_1074,Group_2,Item_1,Threshold_5,0.0
2199,Person_1075,Group_2,Item_1,Threshold_5,0.0
2200,Person_1078,Group_2,Item_1,Threshold_5,0.0
2201,Person_1079,Group_2,Item_1,Threshold_5,0.0
2202,Person_1082,Group_2,Item_1,Threshold_5,1.0
2203,Person_1083,Group_1,Item_1,Threshold_5,1.0
2204,Person_1084,Group_2,Item_1,Threshold_5,1.0
2205,Person_1085,Group_1,Item_1,Threshold_5,1.0
2206,Person_1086,Group_1,Item_1,Threshold_5,1.0
2207,Person_1089,Group_1,Item_1,Threshold_5,1.0
2208,Person_1094,Group_1,Item_1,Threshold_5,1.0
2209,Person_1097,Group_1,Item_1,Threshold_5,1.0
2210,Person_1100,Group_2,Item_1,Threshold_5,1.0
2211,Person_1103,Group_1,Item_1,Threshold_5,1.0
2212,Person_1105,Group_1,Item_1,Threshold_5,1.0
2213,Person_1106,Group_2,Item_1,Threshold_5,1.0
2214,Person_1107,Group_2,Item_1,Threshold_5,1.0
2215,Person_1108,Group_1,Item_1,Threshold_5,1.0
2216,Person_1110,Group_2,Item_1,Threshold_5,0.0
2217,Person_1111,Group_1,Item_1,Threshold_5,1.0
2218,Person_1118,Group_2,Item_1,Threshold_5,1.0
2219,Person_1119,Group_1,Item_1,Threshold_5,1.0
2220,Person_1124,Group_1,Item_1,Threshold_5,1.0
2221,Person_1125,Group_2,Item_1,Threshold_5,0.0
2222,Person_1126,Group_2,Item_1,Threshold_5,1.0
2223,Person_1127,Group_2,Item_1,Threshold_5,1.0
2224,Person_1128,Group_2,Item_1,Threshold_5,1.0
2225,Person_1131,Group_2,Item_1,Threshold_5,0.0
2226,Person_1134,Group_1,Item_1,Threshold_5,1.0
2227,Person_1135,Group_1,Item_1,Threshold_5,1.0
2228,Person_1137,Group_2,Item_1,Threshold_5,1.0
2229,Person_1138,Group_2,Item_1,Threshold_5,0.0
2230,Person_1140,Group_2,Item_1,Threshold_5,1.0
2231,Person_1145,Group_1,Item_1,Threshold_5,1.0
2232,Person_1146,Group_1,Item_1,Threshold_5,1.0
2233,Person_1148,Group_1,Item_1,Threshold_5,1.0
2234,Person_1152,Group_1,Item_1,Threshold_5,1.0
2235,Person_1155,Group_1,Item_1,Threshold_5,1.0
2236,Person_1156,Group_2,Item_1,Threshold_5,1.0
2237,Person_1157,Group_1,Item_1,Threshold_5,0.0
2238,Person_1159,Group_2,Item_1,Threshold_5,1.0
2239,Person_1160,Group_2,Item_1,Threshold_5,1.0
2240,Person_1161,Group_2,Item_1,Threshold_5,1.0
2241,Person_1162,Group_1,Item_1,Threshold_5,1.0
2242,Person_1164,Group_2,Item_1,Threshold_5,1.0
2243,Person_1166,Group_1,Item_1,Threshold_5,0.0
2244,Person_1167,Group_2,Item_1,Threshold_5,0.0
2245,Person_1172,Group_2,Item_1,Threshold_5,1.0
2246,Person_1174,Group_1,Item_1,Threshold_5,1.0
2247,Person_1175,Group_2,Item_1,Threshold_5,0.0
2248,Person_1177,Group_2,Item_1,Threshold_5,0.0
2249,Person_1179,Group_2,Item_1,Threshold_5,0.0
2250,Person_1181,Group_1,Item_1,Threshold_5,1.0
2251,Person_1182,Group_1,Item_1,Threshold_5,1.0
2252,Person_1185,Group_1,Item_1,Threshold_5,1.0
2253,Person_1186,Group_1,Item_1,Threshold_5,1.0
2254,Person_1187,Group_2,Item_1,Threshold_5,0.0
2255,Person_1189,Group_1,Item_1,Threshold_5,1.0
2256,Person_1190,Group_2,Item_1,Threshold_5,0.0
2257,Person_1195,Group_2,Item_1,Threshold_5,1.0
2258,Person_1201,Group_1,Item_1,Threshold_5,1.0
2259,Person_1202,Group_2,Item_1,Threshold_5,1.0
2260,Person_1204,Group_2,Item_1,Threshold_5,1.0
2261,Person_1205,Group_2,Item_1,Threshold_5,1.0
2262,Person_1206,Group_2,Item_1,Threshold_5,0.0
2263,Person_1208,Group_2,Item_1,Threshold_5,0.0
2264,Person_1209,Group_2,Item_1,Threshold_5,1.0
2265,Person_1210,Group_1,Item_1,Threshold_5,1.0
2266,Person_1212,Group_1,Item_1,Threshold_5,1.0
2267,Person_1218,Group_2,Item_1,Threshold_5,1.0
2268,Person_1220,Group_1,Item_1,Threshold_5,1.0
2269,Person_1221,Group_2,Item_1,Threshold_5,1.0
2270,Person_1223,Group_1,Item_1,Threshold_5,1.0
2271,Person_1224,Group_1,Item_1,Threshold_5,1.0
2272,Person_1225,Group_2,Item_1,Threshold_5,1.0
2273,Person_1231,Group_2,Item_1,Threshold_5,0.0
2274,Person_1233,Group_2,Item_1,Threshold_5,1.0
2275,Person_1238,Group_1,Item_1,Threshold_5,1.0
2276,Person_1239,Group_1,Item_1,Threshold_5,1.0
2277,Person_1242,Group_1,Item_1,Threshold_5,1.0
2278,Person_1246,Group_1,Item_1,Threshold_5,1.0
2279,Person_1247,Group_2,Item_1,Threshold_5,1.0
2280,Person_1248,Group_2,Item_1,Threshold_5,0.0
2281,Person_1251,Group_2,Item_1,Threshold_5,1.0
2282,Person_1252,Group_1,Item_1,Threshold_5,0.0
2283,Person_1253,Group_1,Item_1,Threshold_5,0.0
2284,Person_1255,Group_2,Item_1,Threshold_5,0.0
2285,Person_1257,Group_1,Item_1,Threshold_5,1.0
2286,Person_1261,Group_1,Item_1,Threshold_5,0.0
2287,Person_1265,Group_2,Item_1,Threshold_5,1.0
2288,Person_1266,Group_1,Item_1,Threshold_5,1.0
2289,Person_1270,Group_2,Item_1,Threshold_5,1.0
2290,Person_1271,Group_1,Item_1,Threshold_5,0.0
2291,Person_1273,Group_1,Item_1,Threshold_5,1.0
2292,Person_1277,Group_2,Item_1,Threshold_5,1.0
2293,Person_1282,Group_1,Item_1,Threshold_5,1.0
2294,Person_1283,Group_1,Item_1,Threshold_5,0.0
2295,Person_1285,Group_1,Item_1,Threshold_5,1.0
2296,Person_1286,Group_2,Item_1,Threshold_5,0.0
2297,Person_1289,Group_1,Item_1,Threshold_5,1.0
2298,Person_1290,Group_2,Item_1,Threshold_5,1.0
2299,Person_1291,Group_1,Item_1,Threshold_5,1.0
2300,Person_1292,Group_1,Item_1,Threshold_5,1.0
2301,Person_1297,Group_1,Item_1,Threshold_5,1.0
2302,Person_1299,Group_1,Item_1,Threshold_5,1.0
2303,Person_1305,Group_1,Item_1,Threshold_5,1.0
2304,Person_1306,Group_2,Item_1,Threshold_5,0.0
2305,Person_1307,Group_2,Item_1,Threshold_5,1.0
2306,Person_1309,Group_1,Item_1,Threshold_5,0.0
2307,Person_1310,Group_1,Item_1,Threshold_5,0.0
2308,Person_1312,Group_2,Item_1,Threshold_5,1.0
2309,Person_1315,Group_1,Item_1,Threshold_5,1.0
2310,Person_1317,Group_2,Item_1,Threshold_5,0.0
2311,Person_1319,Group_1,Item_1,Threshold_5,1.0
2312,Person_1321,Group_1,Item_1,Threshold_5,0.0
2313,Person_1323,Group_2,Item_1,Threshold_5,1.0
2314,Person_1324,Group_1,Item_1,Threshold_5,1.0
2315,Person_1325,Group_2,Item_1,Threshold_5,0.0
2316,Person_1326,Group_1,Item_1,Threshold_5,0.0
2317,Person_1327,Group_2,Item_1,Threshold_5,1.0
2318,Person_1329,Group_1,Item_1,Threshold_5,0.0
2319,Person_1330,Group_2,Item_1,Threshold_5,0.0
2320,Person_1332,Group_1,Item_1,Threshold_5,0.0
2321,Person_1333,Group_2,Item_1,Threshold_5,1.0
2322,Person_1334,Group_2,Item_1,Threshold_5,0.0
2323,Person_1337,Group_1,Item_1,Threshold_5,1.0
2324,Person_1340,Group_1,Item_1,Threshold_5,1.0
2325,Person_1344,Group_2,Item_1,Threshold_5,1.0
2326,Person_1346,Group_1,Item_1,Threshold_5,1.0
2327,Person_1347,Group_1,Item_1,Threshold_5,1.0
2328,Person_1348,Group_1,Item_1,Threshold_5,1.0
2329,Person_1349,Group_2,Item_1,Threshold_5,1.0
2330,Person_1351,Group_1,Item_1,Threshold_5,1.0
2331,Person_1353,Group_2,Item_1,Threshold_5,0.0
2332,Person_1354,Group_2,Item_1,Threshold_5,0.0
2333,Person_1355,Group_2,Item_1,Threshold_5,1.0
2334,Person_1358,Group_2,Item_1,Threshold_5,1.0
2335,Person_1361,Group_1,Item_1,Threshold_5,1.0
2336,Person_1362,Group_2,Item_1,Threshold_5,1.0
2337,Person_1363,Group_2,Item_1,Threshold_5,0.0
2338,Person_1372,Group_1,Item_1,Threshold_5,0.0
2339,Person_1375,Group_2,Item_1,Threshold_5,1.0
2340,Person_1376,Group_2,Item_1,Threshold_5,1.0
2341,Person_1377,Group_1,Item_1,Threshold_5,1.0
2342,Person_1378,Group_1,Item_1,Threshold_5,1.0
2343,Person_1379,Group_1,Item_1,Threshold_5,0.0
2344,Person_1380,Group_1,Item_1,Threshold_5,1.0
2345,Person_1381,Group_2,Item_1,Threshold_5,1.0
2346,Person_1385,Group_1,Item_1,Threshold_5,1.0
2347,Person_1386,Group_1,Item_1,Threshold_5,0.0
2348,Person_1388,Group_2,Item_1,Threshold_5,1.0
2349,Person_1389,Group_2,Item_1,Threshold_5,1.0
2350,Person_1391,Group_2,Item_1,Threshold_5,1.0
2351,Person_1395,Group_1,Item_1,Threshold_5,1.0
2352,Person_1401,Group_1,Item_1,Threshold_5,0.0
2353,Person_1405,Group_1,Item_1,Threshold_5,1.0
2354,Person_1406,Group_2,Item_1,Threshold_5,1.0
2355,Person_1407,Group_1,Item_1,Threshold_5,0.0
2356,Person_1409,Group_1,Item_1,Threshold_5,1.0
2357,Person_1411,Group_2,Item_1,Threshold_5,1.0
2358,Person_1413,Group_1,Item_1,Threshold_5,1.0
2359,Person_1415,Group_1,Item_1,Threshold_5,1.0
2360,Person_1416,Group_1,Item_1,Threshold_5,1.0
2361,Person_1417,Group_2,Item_1,Threshold_5,0.0
2362,Person_1418,Group_2,Item_1,Threshold_5,1.0
2363,Person_1419,Group_1,Item_1,Threshold_5,0.0
2364,Person_1420,Group_1,Item_1,Threshold_5,1.0
2365,Person_1421,Group_1,Item_1,Threshold_5,1.0
2366,Person_1423,Group_2,Item_1,Threshold_5,1.0
2367,Person_1427,Group_2,Item_1,Threshold_5,1.0
2368,Person_1431,Group_1,Item_1,Threshold_5,1.0
2369,Person_1432,Group_1,Item_1,Threshold_5,0.0
2370,Person_1436,Group_2,Item_1,Threshold_5,0.0
2371,Person_1442,Group_1,Item_1,Threshold_5,0.0
2372,Person_1446,Group_2,Item_1,Threshold_5,0.0
2373,Person_1450,Group_2,Item_1,Threshold_5,1.0
2374,Person_1451,Group_2,Item_1,Threshold_5,1.0
2375,Person_1455,Group_1,Item_1,Threshold_5,1.0
2376,Person_1458,Group_1,Item_1,Threshold_5,0.0
2377,Person_1461,Group_2,Item_1,Threshold_5,1.0
2378,Person_1462,Group_2,Item_1,Threshold_5,0.0
2379,Person_1464,Group_1,Item_1,Threshold_5,1.0
2380,Person_1466,Group_1,Item_1,Threshold_5,0.0
2381,Person_1473,Group_1,Item_1,Threshold_5,0.0
2382,Person_1482,Group_1,Item_1,Threshold_5,1.0
2383,Person_1483,Group_2,Item_1,Threshold_5,0.0
2384,Person_1484,Group_2,Item_1,Threshold_5,1.0
2385,Person_1486,Group_2,Item_1,Threshold_5,1.0
2386,Person_1490,Group_2,Item_1,Threshold_5,1.0
2387,Person_1491,Group_1,Item_1,Threshold_5,1.0
2388,Person_1494,Group_1,Item_1,Threshold_5,1.0
2389,Person_1498,Group_2,Item_1,Threshold_5,1.0
2390,Person_1499,Group_1,Item_1,Threshold_5,0.0
2391,Person_1500,Group_2,Item_1,Threshold_5,1.0
2392,Person_1502,Group_1,Item_1,Threshold_5,1.0
2393,Person_1503,Group_1,Item_1,Threshold_5,1.0
2394,Person_1504,Group_2,Item_1,Threshold_5,1.0
2395,Person_1505,Group_1,Item_1,Threshold_5,1.0
2396,Person_1506,Group_1,Item_1,Threshold_5,0.0
2397,Person_1510,Group_2,Item_1,Threshold_5,1.0
2398,Person_1512,Group_2,Item_1,Threshold_5,1.0
2399,Person_1514,Group_1,Item_1,Threshold_5,1.0
2400,Person_1517,Group_1,Item_1,Threshold_5,1.0
2401,Person_1519,Group_1,Item_1,Threshold_5,1.0
2402,Person_1524,Group_1,Item_1,Threshold_5,0.0
2403,Person_1526,Group_1,Item_1,Threshold_5,0.0
2404,Person_1533,Group_1,Item_1,Threshold_5,0.0
2405,Person_1536,Group_1,Item_1,Threshold_5,0.0
2406,Person_1539,Group_2,Item_1,Threshold_5,1.0
2407,Person_1540,Group_1,Item_1,Threshold_5,1.0
2408,Person_1541,Group_2,Item_1,Threshold_5,0.0
2409,Person_1542,Group_1,Item_1,Threshold_5,1.0
2410,Person_1545,Group_1,Item_1,Threshold_5,1.0
2411,Person_1547,Group_1,Item_1,Threshold_5,1.0
2412,Person_1550,Group_1,Item_1,Threshold_5,1.0
2413,Person_1551,Group_2,Item_1,Threshold_5,1.0
2414,Person_1552,Group_1,Item_1,Threshold_5,0.0
2415,Person_1553,Group_1,Item_1,Threshold_5,1.0
2416,Person_1554,Group_1,Item_1,Threshold_5,0.0
2417,Person_1555,Group_1,Item_1,Threshold_5,1.0
2418,Person_1556,Group_1,Item_1,Threshold_5,1.0
2419,Person_1560,Group_2,Item_1,Threshold_5,1.0
2420,Person_1565,Group_2,Item_1,Threshold_5,1.0
2421,Person_1567,Group_2,Item_1,Threshold_5,1.0
2422,Person_1569,Group_2,Item_1,Threshold_5,1.0
2423,Person_1571,Group_2,Item_1,Threshold_5,1.0
2424,Person_1572,Group_1,Item_1,Threshold_5,0.0
2425,Person_1573,Group_2,Item_1,Threshold_5,1.0
2426,Person_1574,Group_1,Item_1,Threshold_5,1.0
2427,Person_1577,Group_1,Item_1,Threshold_5,1.0
2428,Person_1580,Group_1,Item_1,Threshold_5,0.0
2429,Person_1582,Group_1,Item_1,Threshold_5,0.0
2430,Person_1583,Group_2,Item_1,Threshold_5,0.0
2431,Person_1585,Group_2,Item_1,Threshold_5,0.0
2432,Person_1588,Group_1,Item_1,Threshold_5,1.0
2433,Person_1592,Group_2,Item_1,Threshold_5,1.0
2434,Person_1594,Group_1,Item_1,Threshold_5,0.0
2435,Person_1595,Group_2,Item_1,Threshold_5,1.0
2436,Person_1598,Group_1,Item_1,Threshold_5,0.0
2437,Person_1603,Group_1,Item_1,Threshold_5,0.0
2438,Person_1606,Group_1,Item_1,Threshold_5,1.0
2439,Person_1610,Group_2,Item_1,Threshold_5,0.0
2440,Person_1611,Group_1,Item_1,Threshold_5,1.0
2441,Person_1613,Group_1,Item_1,Threshold_5,1.0
2442,Person_1614,Group_1,Item_1,Threshold_5,0.0
2443,Person_1617,Group_1,Item_1,Threshold_5,0.0
2444,Person_1619,Group_1,Item_1,Threshold_5,1.0
2445,Person_1623,Group_2,Item_1,Threshold_5,0.0
2446,Person_1624,Group_2,Item_1,Threshold_5,1.0
2447,Person_1625,Group_2,Item_1,Threshold_5,1.0
2448,Person_1628,Group_2,Item_1,Threshold_5,1.0
2449,Person_1630,Group_1,Item_1,Threshold_5,0.0
2450,Person_1633,Group_1,Item_1,Threshold_5,1.0
2451,Person_1634,Group_1,Item_1,Threshold_5,0.0
2452,Person_1635,Group_2,Item_1,Threshold_5,1.0
2453,Person_1636,Group_2,Item_1,Threshold_5,1.0
2454,Person_1638,Group_2,Item_1,Threshold_5,0.0
2455,Person_1,Group_2,Item_2,Threshold_1,0.0
2456,Person_3,Group_1,Item_2,Threshold_1,1.0
2457,Person_4,Group_2,Item_2,Threshold_1,0.0
2458,Person_7,Group_1,Item_2,Threshold_1,0.0
2459,Person_8,Group_1,Item_2,Threshold_1,0.0
2460,Person_13,Group_2,Item_2,Threshold_1,1.0
2461,Person_14,Group_1,Item_2,Threshold_1,1.0
2462,Person_15,Group_1,Item_2,Threshold_1,0.0
2463,Person_18,Group_1,Item_2,Threshold_1,0.0
2464,Person_27,Group_2,Item_2,Threshold_1,0.0
2465,Person_30,Group_2,Item_2,Threshold_1,1.0
2466,Person_34,Group_1,Item_2,Threshold_1,1.0
2467,Person_35,Group_1,Item_2,Threshold_1,1.0
2468,Person_36,Group_1,Item_2,Threshold_1,1.0
2469,Person_39,Group_1,Item_2,Threshold_1,1.0
2470,Person_49,Group_1,Item_2,Threshold_1,0.0
2471,Person_52,Group_2,Item_2,Threshold_1,0.0
2472,Person_59,Group_2,Item_2,Threshold_1,1.0
2473,Person_64,Group_1,Item_2,Threshold_1,1.0
2474,Person_66,Group_2,Item_2,Threshold_1,0.0
2475,Person_72,Group_1,Item_2,Threshold_1,1.0
2476,Person_74,Group_2,Item_2,Threshold_1,0.0
2477,Person_81,Group_2,Item_2,Threshold_1,0.0
2478,Person_97,Group_2,Item_2,Threshold_1,0.0
2479,Person_104,Group_2,Item_2,Threshold_1,0.0
2480,Person_110,Group_2,Item_2,Threshold_1,0.0
2481,Person_114,Group_1,Item_2,Threshold_1,1.0
2482,Person_116,Group_2,Item_2,Threshold_1,0.0
2483,Person_121,Group_2,Item_2,Threshold_1,0.0
2484,Person_130,Group_1,Item_2,Threshold_1,1.0
2485,Person_137,Group_2,Item_2,Threshold_1,1.0
2486,Person_140,Group_1,Item_2,Threshold_1,0.0
2487,Person_143,Group_1,Item_2,Threshold_1,0.0
2488,Person_146,Group_2,Item_2,Threshold_1,0.0
2489,Person_153,Group_1,Item_2,Threshold_1,0.0
2490,Person_154,Group_2,Item_2,Threshold_1,1.0
2491,Person_156,Group_2,Item_2,Threshold_1,1.0
2492,Person_157,Group_1,Item_2,Threshold_1,1.0
2493,Person_159,Group_2,Item_2,Threshold_1,1.0
2494,Person_161,Group_1,Item_2,Threshold_1,0.0
2495,Person_164,Group_1,Item_2,Threshold_1,0.0
2496,Person_169,Group_1,Item_2,Threshold_1,0.0
2497,Person_172,Group_2,Item_2,Threshold_1,1.0
2498,Person_181,Group_2,Item_2,Threshold_1,0.0
2499,Person_184,Group_2,Item_2,Threshold_1,1.0
2500,Person_185,Group_2,Item_2,Threshold_1,1.0
2501,Person_187,Group_1,Item_2,Threshold_1,1.0
2502,Person_189,Group_2,Item_2,Threshold_1,0.0
2503,Person_190,Group_2,Item_2,Threshold_1,0.0
2504,Person_191,Group_2,Item_2,Threshold_1,1.0
2505,Person_192,Group_2,Item_2,Threshold_1,0.0
2506,Person_193,Group_1,Item_2,Threshold_1,0.0
2507,Person_194,Group_1,Item_2,Threshold_1,0.0
2508,Person_199,Group_1,Item_2,Threshold_1,0.0
2509,Person_205,Group_1,Item_2,Threshold_1,0.0
2510,Person_214,Group_2,Item_2,Threshold_1,0.0
2511,Person_218,Group_2,Item_2,Threshold_1,1.0
2512,Person_223,Group_2,Item_2,Threshold_1,0.0
2513,Person_229,Group_1,Item_2,Threshold_1,1.0
2514,Person_241,Group_2,Item_2,Threshold_1,1.0
2515,Person_250,Group_1,Item_2,Threshold_1,0.0
2516,Person_251,Group_1,Item_2,Threshold_1,0.0
2517,Person_258,Group_2,Item_2,Threshold_1,0.0
2518,Person_263,Group_2,Item_2,Threshold_1,0.0
2519,Person_268,Group_1,Item_2,Threshold_1,0.0
2520,Person_271,Group_2,Item_2,Threshold_1,0.0
2521,Person_275,Group_2,Item_2,Threshold_1,1.0
2522,Person_281,Group_2,Item_2,Threshold_1,1.0
2523,Person_293,Group_1,Item_2,Threshold_1,1.0
2524,Person_294,Group_2,Item_2,Threshold_1,0.0
2525,Person_295,Group_1,Item_2,Threshold_1,1.0
2526,Person_309,Group_2,Item_2,Threshold_1,0.0
2527,Person_312,Group_2,Item_2,Threshold_1,0.0
2528,Person_313,Group_2,Item_2,Threshold_1,0.0
2529,Person_318,Group_2,Item_2,Threshold_1,0.0
2530,Person_319,Group_2,Item_2,Threshold_1,1.0
2531,Person_320,Group_1,Item_2,Threshold_1,1.0
2532,Person_322,Group_1,Item_2,Threshold_1,0.0
2533,Person_323,Group_2,Item_2,Threshold_1,1.0
2534,Person_325,Group_2,Item_2,Threshold_1,0.0
2535,Person_328,Group_2,Item_2,Threshold_1,1.0
2536,Person_334,Group_1,Item_2,Threshold_1,1.0
2537,Person_342,Group_2,Item_2,Threshold_1,1.0
2538,Person_344,Group_2,Item_2,Threshold_1,0.0
2539,Person_348,Group_1,Item_2,Threshold_1,0.0
2540,Person_349,Group_2,Item_2,Threshold_1,0.0
2541,Person_352,Group_1,Item_2,Threshold_1,0.0
2542,Person_358,Group_2,Item_2,Threshold_1,0.0
2543,Person_362,Group_1,Item_2,Threshold_1,1.0
2544,Person_367,Group_1,Item_2,Threshold_1,0.0
2545,Person_369,Group_2,Item_2,Threshold_1,0.0
2546,Person_370,Group_2,Item_2,Threshold_1,1.0
2547,Person_377,Group_2,Item_2,Threshold_1,1.0
2548,Person_379,Group_1,Item_2,Threshold_1,1.0
2549,Person_383,Group_1,Item_2,Threshold_1,0.0
2550,Person_384,Group_2,Item_2,Threshold_1,1.0
2551,Person_390,Group_2,Item_2,Threshold_1,1.0
2552,Person_392,Group_1,Item_2,Threshold_1,1.0
2553,Person_393,Group_2,Item_2,Threshold_1,1.0
2554,Person_394,Group_1,Item_2,Threshold_1,0.0
2555,Person_401,Group_2,Item_2,Threshold_1,0.0
2556,Person_402,Group_2,Item_2,Threshold_1,0.0
2557,Person_405,Group_1,Item_2,Threshold_1,0.0
2558,Person_409,Group_1,Item_2,Threshold_1,0.0
2559,Person_412,Group_1,Item_2,Threshold_1,1.0
2560,Person_414,Group_1,Item_2,Threshold_1,0.0
2561,Person_419,Group_1,Item_2,Threshold_1,0.0
2562,Person_420,Group_1,Item_2,Threshold_1,1.0
2563,Person_421,Group_1,Item_2,Threshold_1,0.0
2564,Person_424,Group_2,Item_2,Threshold_1,0.0
2565,Person_430,Group_1,Item_2,Threshold_1,0.0
2566,Person_431,Group_1,Item_2,Threshold_1,0.0
2567,Person_436,Group_2,Item_2,Threshold_1,1.0
2568,Person_438,Group_2,Item_2,Threshold_1,0.0
2569,Person_446,Group_2,Item_2,Threshold_1,1.0
2570,Person_449,Group_2,Item_2,Threshold_1,1.0
2571,Person_450,Group_2,Item_2,Threshold_1,0.0
2572,Person_453,Group_1,Item_2,Threshold_1,0.0
2573,Person_457,Group_2,Item_2,Threshold_1,1.0
2574,Person_458,Group_1,Item_2,Threshold_1,0.0
2575,Person_460,Group_2,Item_2,Threshold_1,0.0
2576,Person_468,Group_1,Item_2,Threshold_1,1.0
2577,Person_470,Group_1,Item_2,Threshold_1,0.0
2578,Person_474,Group_2,Item_2,Threshold_1,0.0
2579,Person_480,Group_1,Item_2,Threshold_1,0.0
2580,Person_481,Group_2,Item_2,Threshold_1,0.0
2581,Person_488,Group_2,Item_2,Threshold_1,1.0
2582,Person_499,Group_1,Item_2,Threshold_1,1.0
2583,Person_507,Group_1,Item_2,Threshold_1,0.0
2584,Person_508,Group_1,Item_2,Threshold_1,0.0
2585,Person_514,Group_2,Item_2,Threshold_1,0.0
2586,Person_529,Group_1,Item_2,Threshold_1,1.0
2587,Person_533,Group_2,Item_2,Threshold_1,1.0
2588,Person_538,Group_2,Item_2,Threshold_1,0.0
2589,Person_543,Group_2,Item_2,Threshold_1,1.0
2590,Person_548,Group_2,Item_2,Threshold_1,0.0
2591,Person_550,Group_1,Item_2,Threshold_1,0.0
2592,Person_552,Group_2,Item_2,Threshold_1,1.0
2593,Person_553,Group_1,Item_2,Threshold_1,0.0
2594,Person_560,Group_2,Item_2,Threshold_1,0.0
2595,Person_562,Group_2,Item_2,Threshold_1,0.0
2596,Person_564,Group_1,Item_2,Threshold_1,1.0
2597,Person_568,Group_1,Item_2,Threshold_1,1.0
2598,Person_569,Group_1,Item_2,Threshold_1,0.0
2599,Person_571,Group_2,Item_2,Threshold_1,1.0
2600,Person_579,Group_1,Item_2,Threshold_1,0.0
2601,Person_581,Group_2,Item_2,Threshold_1,0.0
2602,Person_582,Group_2,Item_2,Threshold_1,0.0
2603,Person_584,Group_1,Item_2,Threshold_1,0.0
2604,Person_587,Group_1,Item_2,Threshold_1,1.0
2605,Person_595,Group_1,Item_2,Threshold_1,1.0
2606,Person_598,Group_2,Item_2,Threshold_1,1.0
2607,Person_603,Group_2,Item_2,Threshold_1,1.0
2608,Person_606,Group_1,Item_2,Threshold_1,1.0
2609,Person_609,Group_2,Item_2,Threshold_1,0.0
2610,Person_612,Group_2,Item_2,Threshold_1,1.0
2611,Person_618,Group_2,Item_2,Threshold_1,0.0
2612,Person_626,Group_2,Item_2,Threshold_1,0.0
2613,Person_634,Group_1,Item_2,Threshold_1,1.0
2614,Person_640,Group_2,Item_2,Threshold_1,0.0
2615,Person_642,Group_2,Item_2,Threshold_1,0.0
2616,Person_645,Group_2,Item_2,Threshold_1,1.0
2617,Person_647,Group_1,Item_2,Threshold_1,1.0
2618,Person_655,Group_1,Item_2,Threshold_1,1.0
2619,Person_656,Group_2,Item_2,Threshold_1,1.0
2620,Person_660,Group_2,Item_2,Threshold_1,0.0
2621,Person_661,Group_1,Item_2,Threshold_1,0.0
2622,Person_663,Group_1,Item_2,Threshold_1,0.0
2623,Person_665,Group_1,Item_2,Threshold_1,0.0
2624,Person_666,Group_2,Item_2,Threshold_1,0.0
2625,Person_670,Group_2,Item_2,Threshold_1,0.0
2626,Person_673,Group_1,Item_2,Threshold_1,0.0
2627,Person_677,Group_1,Item_2,Threshold_1,0.0
2628,Person_679,Group_2,Item_2,Threshold_1,1.0
2629,Person_680,Group_1,Item_2,Threshold_1,0.0
2630,Person_688,Group_1,Item_2,Threshold_1,1.0
2631,Person_699,Group_1,Item_2,Threshold_1,1.0
2632,Person_702,Group_1,Item_2,Threshold_1,0.0
2633,Person_706,Group_1,Item_2,Threshold_1,0.0
2634,Person_712,Group_2,Item_2,Threshold_1,0.0
2635,Person_714,Group_1,Item_2,Threshold_1,1.0
2636,Person_715,Group_1,Item_2,Threshold_1,1.0
2637,Person_716,Group_1,Item_2,Threshold_1,0.0
2638,Person_719,Group_2,Item_2,Threshold_1,1.0
2639,Person_720,Group_2,Item_2,Threshold_1,1.0
2640,Person_721,Group_2,Item_2,Threshold_1,1.0
2641,Person_726,Group_1,Item_2,Threshold_1,0.0
2642,Person_729,Group_2,Item_2,Threshold_1,0.0
2643,Person_730,Group_2,Item_2,Threshold_1,0.0
2644,Person_732,Group_1,Item_2,Threshold_1,1.0
2645,Person_749,Group_2,Item_2,Threshold_1,1.0
2646,Person_750,Group_1,Item_2,Threshold_1,0.0
2647,Person_752,Group_2,Item_2,Threshold_1,0.0
2648,Person_755,Group_1,Item_2,Threshold_1,0.0
2649,Person_756,Group_1,Item_2,Threshold_1,0.0
2650,Person_760,Group_2,Item_2,Threshold_1,0.0
2651,Person_761,Group_2,Item_2,Threshold_1,1.0
2652,Person_766,Group_1,Item_2,Threshold_1,1.0
2653,Person_767,Group_1,Item_2,Threshold_1,0.0
2654,Person_770,Group_1,Item_2,Threshold_1,0.0
2655,Person_774,Group_2,Item_2,Threshold_1,0.0
2656,Person_775,Group_2,Item_2,Threshold_1,1.0
2657,Person_779,Group_2,Item_2,Threshold_1,1.0
2658,Person_780,Group_2,Item_2,Threshold_1,0.0
2659,Person_783,Group_1,Item_2,Threshold_1,0.0
2660,Person_785,Group_1,Item_2,Threshold_1,0.0
2661,Person_787,Group_2,Item_2,Threshold_1,0.0
2662,Person_788,Group_1,Item_2,Threshold_1,1.0
2663,Person_790,Group_2,Item_2,Threshold_1,1.0
2664,Person_794,Group_1,Item_2,Threshold_1,1.0
2665,Person_808,Group_1,Item_2,Threshold_1,0.0
2666,Person_812,Group_1,Item_2,Threshold_1,0.0
2667,Person_816,Group_1,Item_2,Threshold_1,0.0
2668,Person_819,Group_1,Item_2,Threshold_1,0.0
2669,Person_826,Group_2,Item_2,Threshold_1,0.0
2670,Person_832,Group_1,Item_2,Threshold_1,0.0
2671,Person_843,Group_2,Item_2,Threshold_1,0.0
2672,Person_846,Group_1,Item_2,Threshold_1,1.0
2673,Person_849,Group_2,Item_2,Threshold_1,1.0
2674,Person_856,Group_2,Item_2,Threshold_1,1.0
2675,Person_857,Group_1,Item_2,Threshold_1,0.0
2676,Person_858,Group_1,Item_2,Threshold_1,0.0
2677,Person_859,Group_1,Item_2,Threshold_1,0.0
2678,Person_862,Group_2,Item_2,Threshold_1,1.0
2679,Person_865,Group_1,Item_2,Threshold_1,0.0
2680,Person_867,Group_1,Item_2,Threshold_1,0.0
2681,Person_868,Group_2,Item_2,Threshold_1,1.0
2682,Person_873,Group_2,Item_2,Threshold_1,1.0
2683,Person_875,Group_1,Item_2,Threshold_1,0.0
2684,Person_880,Group_2,Item_2,Threshold_1,0.0
2685,Person_881,Group_1,Item_2,Threshold_1,1.0
2686,Person_883,Group_2,Item_2,Threshold_1,0.0
2687,Person_886,Group_1,Item_2,Threshold_1,0.0
2688,Person_891,Group_2,Item_2,Threshold_1,0.0
2689,Person_896,Group_1,Item_2,Threshold_1,1.0
2690,Person_907,Group_2,Item_2,Threshold_1,0.0
2691,Person_912,Group_2,Item_2,Threshold_1,0.0
2692,Person_914,Group_2,Item_2,Threshold_1,0.0
2693,Person_923,Group_2,Item_2,Threshold_1,0.0
2694,Person_924,Group_1,Item_2,Threshold_1,1.0
2695,Person_925,Group_2,Item_2,Threshold_1,0.0
2696,Person_932,Group_1,Item_2,Threshold_1,0.0
2697,Person_934,Group_1,Item_2,Threshold_1,0.0
2698,Person_935,Group_2,Item_2,Threshold_1,0.0
2699,Person_940,Group_1,Item_2,Threshold_1,1.0
2700,Person_947,Group_2,Item_2,Threshold_1,1.0
2701,Person_950,Group_1,Item_2,Threshold_1,0.0
2702,Person_953,Group_2,Item_2,Threshold_1,0.0
2703,Person_956,Group_2,Item_2,Threshold_1,1.0
2704,Person_957,Group_2,Item_2,Threshold_1,1.0
2705,Person_959,Group_2,Item_2,Threshold_1,0.0
2706,Person_961,Group_1,Item_2,Threshold_1,0.0
2707,Person_963,Group_2,Item_2,Threshold_1,0.0
2708,Person_967,Group_2,Item_2,Threshold_1,0.0
2709,Person_969,Group_2,Item_2,Threshold_1,0.0
2710,Person_974,Group_2,Item_2,Threshold_1,0.0
2711,Person_983,Group_1,Item_2,Threshold_1,1.0
2712,Person_984,Group_2,Item_2,Threshold_1,1.0
2713,Person_992,Group_1,Item_2,Threshold_1,1.0
2714,Person_1002,Group_1,Item_2,Threshold_1,1.0
2715,Person_1004,Group_2,Item_2,Threshold_1,1.0
2716,Person_1006,Group_1,Item_2,Threshold_1,1.0
2717,Person_1012,Group_2,Item_2,Threshold_1,1.0
2718,Person_1016,Group_2,Item_2,Threshold_1,0.0
2719,Person_1018,Group_1,Item_2,Threshold_1,0.0
2720,Person_1019,Group_1,Item_2,Threshold_1,0.0
2721,Person_1020,Group_2,Item_2,Threshold_1,1.0
2722,Person_1022,Group_1,Item_2,Threshold_1,0.0
2723,Person_1024,Group_2,Item_2,Threshold_1,0.0
2724,Person_1025,Group_1,Item_2,Threshold_1,0.0
2725,Person_1027,Group_1,Item_2,Threshold_1,0.0
2726,Person_1029,Group_1,Item_2,Threshold_1,0.0
2727,Person_1033,Group_2,Item_2,Threshold_1,0.0
2728,Person_1037,Group_2,Item_2,Threshold_1,1.0
2729,Person_1039,Group_2,Item_2,Threshold_1,1.0
2730,Person_1040,Group_1,Item_2,Threshold_1,0.0
2731,Person_1043,Group_1,Item_2,Threshold_1,1.0
2732,Person_1044,Group_1,Item_2,Threshold_1,0.0
2733,Person_1052,Group_2,Item_2,Threshold_1,0.0
2734,Person_1057,Group_1,Item_2,Threshold_1,1.0
2735,Person_1059,Group_1,Item_2,Threshold_1,1.0
2736,Person_1062,Group_2,Item_2,Threshold_1,0.0
2737,Person_1064,Group_1,Item_2,Threshold_1,0.0
2738,Person_1067,Group_2,Item_2,Threshold_1,0.0
2739,Person_1072,Group_2,Item_2,Threshold_1,1.0
2740,Person_1073,Group_2,Item_2,Threshold_1,1.0
2741,Person_1076,Group_1,Item_2,Threshold_1,1.0
2742,Person_1080,Group_1,Item_2,Threshold_1,1.0
2743,Person_1081,Group_1,Item_2,Threshold_1,0.0
2744,Person_1087,Group_1,Item_2,Threshold_1,0.0
2745,Person_1091,Group_2,Item_2,Threshold_1,0.0
2746,Person_1093,Group_1,Item_2,Threshold_1,1.0
2747,Person_1096,Group_1,Item_2,Threshold_1,0.0
2748,Person_1098,Group_2,Item_2,Threshold_1,1.0
2749,Person_1099,Group_1,Item_2,Threshold_1,1.0
2750,Person_1101,Group_2,Item_2,Threshold_1,0.0
2751,Person_1102,Group_2,Item_2,Threshold_1,1.0
2752,Person_1109,Group_1,Item_2,Threshold_1,1.0
2753,Person_1114,Group_1,Item_2,Threshold_1,0.0
2754,Person_1116,Group_1,Item_2,Threshold_1,0.0
2755,Person_1117,Group_1,Item_2,Threshold_1,1.0
2756,Person_1121,Group_1,Item_2,Threshold_1,1.0
2757,Person_1129,Group_1,Item_2,Threshold_1,0.0
2758,Person_1132,Group_1,Item_2,Threshold_1,1.0
2759,Person_1141,Group_2,Item_2,Threshold_1,0.0
2760,Person_1142,Group_2,Item_2,Threshold_1,1.0
2761,Person_1143,Group_2,Item_2,Threshold_1,0.0
2762,Person_1144,Group_2,Item_2,Threshold_1,1.0
2763,Person_1149,Group_1,Item_2,Threshold_1,1.0
2764,Person_1150,Group_2,Item_2,Threshold_1,0.0
2765,Person_1154,Group_2,Item_2,Threshold_1,1.0
2766,Person_1158,Group_1,Item_2,Threshold_1,1.0
2767,Person_1163,Group_2,Item_2,Threshold_1,1.0
2768,Person_1165,Group_2,Item_2,Threshold_1,1.0
2769,Person_1169,Group_2,Item_2,Threshold_1,0.0
2770,Person_1170,Group_1,Item_2,Threshold_1,1.0
2771,Person_1171,Group_1,Item_2,Threshold_1,0.0
2772,Person_1176,Group_2,Item_2,Threshold_1,1.0
2773,Person_1180,Group_1,Item_2,Threshold_1,0.0
2774,Person_1188,Group_2,Item_2,Threshold_1,0.0
2775,Person_1192,Group_1,Item_2,Threshold_1,0.0
2776,Person_1198,Group_1,Item_2,Threshold_1,0.0
2777,Person_1203,Group_1,Item_2,Threshold_1,0.0
2778,Person_1207,Group_1,Item_2,Threshold_1,0.0
2779,Person_1219,Group_1,Item_2,Threshold_1,1.0
2780,Person_1228,Group_1,Item_2,Threshold_1,1.0
2781,Person_1229,Group_2,Item_2,Threshold_1,1.0
2782,Person_1232,Group_2,Item_2,Threshold_1,0.0
2783,Person_1241,Group_1,Item_2,Threshold_1,0.0
2784,Person_1250,Group_1,Item_2,Threshold_1,0.0
2785,Person_1252,Group_1,Item_2,Threshold_1,0.0
2786,Person_1254,Group_2,Item_2,Threshold_1,0.0
2787,Person_1258,Group_2,Item_2,Threshold_1,0.0
2788,Person_1259,Group_1,Item_2,Threshold_1,0.0
2789,Person_1260,Group_2,Item_2,Threshold_1,1.0
2790,Person_1262,Group_2,Item_2,Threshold_1,0.0
2791,Person_1263,Group_1,Item_2,Threshold_1,0.0
2792,Person_1264,Group_2,Item_2,Threshold_1,1.0
2793,Person_1268,Group_1,Item_2,Threshold_1,0.0
2794,Person_1269,Group_2,Item_2,Threshold_1,1.0
2795,Person_1274,Group_1,Item_2,Threshold_1,1.0
2796,Person_1275,Group_2,Item_2,Threshold_1,1.0
2797,Person_1278,Group_1,Item_2,Threshold_1,1.0
2798,Person_1279,Group_1,Item_2,Threshold_1,0.0
2799,Person_1280,Group_1,Item_2,Threshold_1,1.0
2800,Person_1281,Group_1,Item_2,Threshold_1,0.0
2801,Person_1284,Group_2,Item_2,Threshold_1,1.0
2802,Person_1295,Group_2,Item_2,Threshold_1,0.0
2803,Person_1300,Group_2,Item_2,Threshold_1,0.0
2804,Person_1301,Group_1,Item_2,Threshold_1,0.0
2805,Person_1303,Group_2,Item_2,Threshold_1,0.0
2806,Person_1304,Group_2,Item_2,Threshold_1,0.0
2807,Person_1313,Group_2,Item_2,Threshold_1,0.0
2808,Person_1335,Group_1,Item_2,Threshold_1,0.0
2809,Person_1338,Group_2,Item_2,Threshold_1,0.0
2810,Person_1339,Group_2,Item_2,Threshold_1,0.0
2811,Person_1345,Group_2,Item_2,Threshold_1,0.0
2812,Person_1350,Group_1,Item_2,Threshold_1,0.0
2813,Person_1356,Group_1,Item_2,Threshold_1,1.0
2814,Person_1357,Group_1,Item_2,Threshold_1,0.0
2815,Person_1359,Group_1,Item_2,Threshold_1,0.0
2816,Person_1365,Group_2,Item_2,Threshold_1,1.0
2817,Person_1366,Group_1,Item_2,Threshold_1,0.0
2818,Person_1367,Group_1,Item_2,Threshold_1,0.0
2819,Person_1368,Group_1,Item_2,Threshold_1,0.0
2820,Person_1369,Group_2,Item_2,Threshold_1,0.0
2821,Person_1370,Group_1,Item_2,Threshold_1,0.0
2822,Person_1371,Group_1,Item_2,Threshold_1,0.0
2823,Person_1374,Group_2,Item_2,Threshold_1,0.0
2824,Person_1381,Group_1,Item_2,Threshold_1,1.0
2825,Person_1383,Group_2,Item_2,Threshold_1,1.0
2826,Person_1387,Group_2,Item_2,Threshold_1,0.0
2827,Person_1392,Group_2,Item_2,Threshold_1,1.0
2828,Person_1394,Group_1,Item_2,Threshold_1,0.0
2829,Person_1396,Group_1,Item_2,Threshold_1,0.0
2830,Person_1397,Group_2,Item_2,Threshold_1,1.0
2831,Person_1402,Group_1,Item_2,Threshold_1,1.0
2832,Person_1403,Group_2,Item_2,Threshold_1,1.0
2833,Person_1404,Group_1,Item_2,Threshold_1,1.0
2834,Person_1434,Group_1,Item_2,Threshold_1,0.0
2835,Person_1438,Group_1,Item_2,Threshold_1,0.0
2836,Person_1439,Group_1,Item_2,Threshold_1,0.0
2837,Person_1440,Group_1,Item_2,Threshold_1,0.0
2838,Person_1447,Group_2,Item_2,Threshold_1,0.0
2839,Person_1449,Group_2,Item_2,Threshold_1,0.0
2840,Person_1453,Group_2,Item_2,Threshold_1,1.0
2841,Person_1454,Group_2,Item_2,Threshold_1,0.0
2842,Person_1457,Group_1,Item_2,Threshold_1,0.0
2843,Person_1459,Group_2,Item_2,Threshold_1,0.0
2844,Person_1460,Group_2,Item_2,Threshold_1,1.0
2845,Person_1465,Group_2,Item_2,Threshold_1,1.0
2846,Person_1467,Group_2,Item_2,Threshold_1,0.0
2847,Person_1469,Group_1,Item_2,Threshold_1,0.0
2848,Person_1470,Group_2,Item_2,Threshold_1,0.0
2849,Person_1471,Group_1,Item_2,Threshold_1,1.0
2850,Person_1476,Group_2,Item_2,Threshold_1,0.0
2851,Person_1477,Group_2,Item_2,Threshold_1,1.0
2852,Person_1479,Group_2,Item_2,Threshold_1,1.0
2853,Person_1485,Group_2,Item_2,Threshold_1,1.0
2854,Person_1487,Group_2,Item_2,Threshold_1,1.0
2855,Person_1488,Group_1,Item_2,Threshold_1,1.0
2856,Person_1495,Group_2,Item_2,Threshold_1,0.0
2857,Person_1497,Group_1,Item_2,Threshold_1,0.0
2858,Person_1507,Group_2,Item_2,Threshold_1,0.0
2859,Person_1508,Group_1,Item_2,Threshold_1,1.0
2860,Person_1509,Group_2,Item_2,Threshold_1,1.0
2861,Person_1513,Group_1,Item_2,Threshold_1,0.0
2862,Person_1515,Group_1,Item_2,Threshold_1,0.0
2863,Person_1518,Group_2,Item_2,Threshold_1,0.0
2864,Person_1525,Group_1,Item_2,Threshold_1,1.0
2865,Person_1527,Group_1,Item_2,Threshold_1,0.0
2866,Person_1528,Group_2,Item_2,Threshold_1,0.0
2867,Person_1529,Group_1,Item_2,Threshold_1,0.0
2868,Person_1530,Group_1,Item_2,Threshold_1,0.0
2869,Person_1531,Group_2,Item_2,Threshold_1,0.0
2870,Person_1534,Group_1,Item_2,Threshold_1,1.0
2871,Person_1535,Group_1,Item_2,Threshold_1,1.0
2872,Person_1537,Group_2,Item_2,Threshold_1,0.0
2873,Person_1546,Group_2,Item_2,Threshold_1,0.0
2874,Person_1548,Group_2,Item_2,Threshold_1,0.0
2875,Person_1557,Group_2,Item_2,Threshold_1,0.0
2876,Person_1558,Group_1,Item_2,Threshold_1,0.0
2877,Person_1561,Group_2,Item_2,Threshold_1,0.0
2878,Person_1563,Group_2,Item_2,Threshold_1,0.0
2879,Person_1566,Group_1,Item_2,Threshold_1,0.0
2880,Person_1570,Group_2,Item_2,Threshold_1,0.0
2881,Person_1575,Group_2,Item_2,Threshold_1,0.0
2882,Person_1584,Group_1,Item_2,Threshold_1,1.0
2883,Person_1587,Group_2,Item_2,Threshold_1,0.0
2884,Person_1589,Group_1,Item_2,Threshold_1,0.0
2885,Person_1591,Group_1,Item_2,Threshold_1,0.0
2886,Person_1599,Group_1,Item_2,Threshold_1,0.0
2887,Person_1600,Group_1,Item_2,Threshold_1,1.0
2888,Person_1602,Group_2,Item_2,Threshold_1,0.0
2889,Person_1605,Group_1,Item_2,Threshold_1,0.0
2890,Person_1608,Group_1,Item_2,Threshold_1,0.0
2891,Person_1609,Group_2,Item_2,Threshold_1,0.0
2892,Person_1615,Group_1,Item_2,Threshold_1,1.0
2893,Person_1616,Group_1,Item_2,Threshold_1,1.0
2894,Person_1618,Group_1,Item_2,Threshold_1,0.0
2895,Person_1620,Group_1,Item_2,Threshold_1,1.0
2896,Person_1622,Group_1,Item_2,Threshold_1,0.0
2897,Person_1626,Group_2,Item_2,Threshold_1,1.0
2898,Person_1627,Group_2,Item_2,Threshold_1,0.0
2899,Person_1631,Group_1,Item_2,Threshold_1,0.0
2900,Person_3,Group_2,Item_2,Threshold_2,0.0
2901,Person_13,Group_2,Item_2,Threshold_2,0.0
2902,Person_14,Group_2,Item_2,Threshold_2,0.0
2903,Person_16,Group_1,Item_2,Threshold_2,1.0
2904,Person_19,Group_2,Item_2,Threshold_2,1.0
2905,Person_25,Group_1,Item_2,Threshold_2,1.0
2906,Person_26,Group_1,Item_2,Threshold_2,1.0
2907,Person_28,Group_2,Item_2,Threshold_2,1.0
2908,Person_30,Group_1,Item_2,Threshold_2,0.0
2909,Person_31,Group_2,Item_2,Threshold_2,1.0
2910,Person_33,Group_1,Item_2,Threshold_2,1.0
2911,Person_34,Group_2,Item_2,Threshold_2,0.0
2912,Person_35,Group_2,Item_2,Threshold_2,0.0
2913,Person_36,Group_1,Item_2,Threshold_2,0.0
2914,Person_39,Group_1,Item_2,Threshold_2,0.0
2915,Person_40,Group_1,Item_2,Threshold_2,1.0
2916,Person_41,Group_1,Item_2,Threshold_2,1.0
2917,Person_54,Group_2,Item_2,Threshold_2,1.0
2918,Person_55,Group_2,Item_2,Threshold_2,1.0
2919,Person_58,Group_1,Item_2,Threshold_2,1.0
2920,Person_59,Group_2,Item_2,Threshold_2,0.0
2921,Person_62,Group_1,Item_2,Threshold_2,1.0
2922,Person_64,Group_1,Item_2,Threshold_2,0.0
2923,Person_68,Group_1,Item_2,Threshold_2,1.0
2924,Person_70,Group_2,Item_2,Threshold_2,1.0
2925,Person_72,Group_2,Item_2,Threshold_2,0.0
2926,Person_73,Group_2,Item_2,Threshold_2,1.0
2927,Person_87,Group_1,Item_2,Threshold_2,1.0
2928,Person_98,Group_2,Item_2,Threshold_2,1.0
2929,Person_101,Group_1,Item_2,Threshold_2,1.0
2930,Person_114,Group_1,Item_2,Threshold_2,0.0
2931,Person_120,Group_1,Item_2,Threshold_2,1.0
2932,Person_127,Group_2,Item_2,Threshold_2,1.0
2933,Person_128,Group_1,Item_2,Threshold_2,1.0
2934,Person_130,Group_2,Item_2,Threshold_2,0.0
2935,Person_137,Group_1,Item_2,Threshold_2,0.0
2936,Person_142,Group_1,Item_2,Threshold_2,1.0
2937,Person_154,Group_2,Item_2,Threshold_2,0.0
2938,Person_156,Group_1,Item_2,Threshold_2,0.0
2939,Person_157,Group_2,Item_2,Threshold_2,0.0
2940,Person_159,Group_1,Item_2,Threshold_2,0.0
2941,Person_163,Group_2,Item_2,Threshold_2,1.0
2942,Person_165,Group_2,Item_2,Threshold_2,1.0
2943,Person_170,Group_2,Item_2,Threshold_2,1.0
2944,Person_171,Group_2,Item_2,Threshold_2,1.0
2945,Person_172,Group_1,Item_2,Threshold_2,0.0
2946,Person_178,Group_1,Item_2,Threshold_2,1.0
2947,Person_179,Group_2,Item_2,Threshold_2,1.0
2948,Person_183,Group_2,Item_2,Threshold_2,1.0
2949,Person_184,Group_1,Item_2,Threshold_2,0.0
2950,Person_185,Group_1,Item_2,Threshold_2,0.0
2951,Person_187,Group_2,Item_2,Threshold_2,0.0
2952,Person_188,Group_1,Item_2,Threshold_2,1.0
2953,Person_191,Group_2,Item_2,Threshold_2,0.0
2954,Person_202,Group_2,Item_2,Threshold_2,1.0
2955,Person_217,Group_2,Item_2,Threshold_2,1.0
2956,Person_218,Group_1,Item_2,Threshold_2,0.0
2957,Person_225,Group_1,Item_2,Threshold_2,1.0
2958,Person_226,Group_1,Item_2,Threshold_2,1.0
2959,Person_228,Group_2,Item_2,Threshold_2,1.0
2960,Person_229,Group_1,Item_2,Threshold_2,0.0
2961,Person_231,Group_1,Item_2,Threshold_2,1.0
2962,Person_236,Group_1,Item_2,Threshold_2,1.0
2963,Person_241,Group_1,Item_2,Threshold_2,0.0
2964,Person_265,Group_1,Item_2,Threshold_2,1.0
2965,Person_275,Group_2,Item_2,Threshold_2,0.0
2966,Person_280,Group_1,Item_2,Threshold_2,1.0
2967,Person_281,Group_1,Item_2,Threshold_2,0.0
2968,Person_285,Group_2,Item_2,Threshold_2,1.0
2969,Person_288,Group_1,Item_2,Threshold_2,1.0
2970,Person_293,Group_2,Item_2,Threshold_2,0.0
2971,Person_295,Group_1,Item_2,Threshold_2,0.0
2972,Person_307,Group_1,Item_2,Threshold_2,1.0
2973,Person_317,Group_2,Item_2,Threshold_2,1.0
2974,Person_319,Group_1,Item_2,Threshold_2,0.0
2975,Person_320,Group_1,Item_2,Threshold_2,0.0
2976,Person_323,Group_1,Item_2,Threshold_2,0.0
2977,Person_328,Group_2,Item_2,Threshold_2,0.0
2978,Person_334,Group_2,Item_2,Threshold_2,0.0
2979,Person_337,Group_1,Item_2,Threshold_2,1.0
2980,Person_340,Group_1,Item_2,Threshold_2,1.0
2981,Person_342,Group_2,Item_2,Threshold_2,0.0
2982,Person_350,Group_2,Item_2,Threshold_2,1.0
2983,Person_351,Group_1,Item_2,Threshold_2,1.0
2984,Person_360,Group_1,Item_2,Threshold_2,1.0
2985,Person_361,Group_2,Item_2,Threshold_2,1.0
2986,Person_362,Group_1,Item_2,Threshold_2,0.0
2987,Person_363,Group_1,Item_2,Threshold_2,1.0
2988,Person_365,Group_1,Item_2,Threshold_2,1.0
2989,Person_370,Group_2,Item_2,Threshold_2,0.0
2990,Person_374,Group_2,Item_2,Threshold_2,1.0
2991,Person_377,Group_2,Item_2,Threshold_2,0.0
2992,Person_378,Group_2,Item_2,Threshold_2,1.0
2993,Person_379,Group_2,Item_2,Threshold_2,0.0
2994,Person_384,Group_1,Item_2,Threshold_2,0.0
2995,Person_390,Group_2,Item_2,Threshold_2,0.0
2996,Person_391,Group_1,Item_2,Threshold_2,1.0
2997,Person_392,Group_1,Item_2,Threshold_2,0.0
2998,Person_393,Group_2,Item_2,Threshold_2,0.0
2999,Person_396,Group_2,Item_2,Threshold_2,1.0
3000,Person_399,Group_1,Item_2,Threshold_2,1.0
3001,Person_412,Group_1,Item_2,Threshold_2,0.0
3002,Person_415,Group_1,Item_2,Threshold_2,1.0
3003,Person_420,Group_1,Item_2,Threshold_2,0.0
3004,Person_426,Group_1,Item_2,Threshold_2,1.0
3005,Person_428,Group_2,Item_2,Threshold_2,1.0
3006,Person_436,Group_2,Item_2,Threshold_2,0.0
3007,Person_446,Group_2,Item_2,Threshold_2,0.0
3008,Person_447,Group_2,Item_2,Threshold_2,1.0
3009,Person_449,Group_2,Item_2,Threshold_2,0.0
3010,Person_457,Group_2,Item_2,Threshold_2,0.0
3011,Person_463,Group_1,Item_2,Threshold_2,1.0
3012,Person_468,Group_1,Item_2,Threshold_2,0.0
3013,Person_473,Group_2,Item_2,Threshold_2,1.0
3014,Person_475,Group_2,Item_2,Threshold_2,1.0
3015,Person_478,Group_2,Item_2,Threshold_2,1.0
3016,Person_487,Group_2,Item_2,Threshold_2,1.0
3017,Person_488,Group_1,Item_2,Threshold_2,0.0
3018,Person_492,Group_2,Item_2,Threshold_2,1.0
3019,Person_494,Group_1,Item_2,Threshold_2,1.0
3020,Person_499,Group_1,Item_2,Threshold_2,0.0
3021,Person_500,Group_1,Item_2,Threshold_2,1.0
3022,Person_501,Group_2,Item_2,Threshold_2,1.0
3023,Person_509,Group_2,Item_2,Threshold_2,1.0
3024,Person_516,Group_2,Item_2,Threshold_2,1.0
3025,Person_517,Group_2,Item_2,Threshold_2,1.0
3026,Person_528,Group_1,Item_2,Threshold_2,1.0
3027,Person_529,Group_2,Item_2,Threshold_2,0.0
3028,Person_531,Group_2,Item_2,Threshold_2,1.0
3029,Person_532,Group_2,Item_2,Threshold_2,1.0
3030,Person_533,Group_2,Item_2,Threshold_2,0.0
3031,Person_543,Group_1,Item_2,Threshold_2,0.0
3032,Person_547,Group_2,Item_2,Threshold_2,1.0
3033,Person_552,Group_1,Item_2,Threshold_2,0.0
3034,Person_559,Group_2,Item_2,Threshold_2,1.0
3035,Person_564,Group_2,Item_2,Threshold_2,0.0
3036,Person_566,Group_1,Item_2,Threshold_2,1.0
3037,Person_568,Group_2,Item_2,Threshold_2,0.0
3038,Person_571,Group_2,Item_2,Threshold_2,0.0
3039,Person_586,Group_1,Item_2,Threshold_2,1.0
3040,Person_587,Group_2,Item_2,Threshold_2,0.0
3041,Person_588,Group_1,Item_2,Threshold_2,1.0
3042,Person_590,Group_1,Item_2,Threshold_2,1.0
3043,Person_593,Group_2,Item_2,Threshold_2,1.0
3044,Person_594,Group_2,Item_2,Threshold_2,1.0
3045,Person_595,Group_2,Item_2,Threshold_2,0.0
3046,Person_596,Group_1,Item_2,Threshold_2,1.0
3047,Person_597,Group_1,Item_2,Threshold_2,1.0
3048,Person_598,Group_2,Item_2,Threshold_2,0.0
3049,Person_603,Group_2,Item_2,Threshold_2,0.0
3050,Person_604,Group_1,Item_2,Threshold_2,1.0
3051,Person_606,Group_1,Item_2,Threshold_2,0.0
3052,Person_608,Group_1,Item_2,Threshold_2,1.0
3053,Person_610,Group_2,Item_2,Threshold_2,1.0
3054,Person_612,Group_1,Item_2,Threshold_2,0.0
3055,Person_622,Group_2,Item_2,Threshold_2,1.0
3056,Person_624,Group_1,Item_2,Threshold_2,1.0
3057,Person_627,Group_2,Item_2,Threshold_2,1.0
3058,Person_634,Group_1,Item_2,Threshold_2,0.0
3059,Person_638,Group_2,Item_2,Threshold_2,1.0
3060,Person_644,Group_2,Item_2,Threshold_2,1.0
3061,Person_645,Group_2,Item_2,Threshold_2,0.0
3062,Person_647,Group_1,Item_2,Threshold_2,0.0
3063,Person_655,Group_2,Item_2,Threshold_2,0.0
3064,Person_656,Group_2,Item_2,Threshold_2,0.0
3065,Person_668,Group_1,Item_2,Threshold_2,1.0
3066,Person_672,Group_1,Item_2,Threshold_2,1.0
3067,Person_678,Group_1,Item_2,Threshold_2,1.0
3068,Person_679,Group_2,Item_2,Threshold_2,0.0
3069,Person_681,Group_2,Item_2,Threshold_2,1.0
3070,Person_682,Group_2,Item_2,Threshold_2,1.0
3071,Person_688,Group_1,Item_2,Threshold_2,0.0
3072,Person_695,Group_2,Item_2,Threshold_2,1.0
3073,Person_699,Group_2,Item_2,Threshold_2,0.0
3074,Person_700,Group_1,Item_2,Threshold_2,1.0
3075,Person_701,Group_1,Item_2,Threshold_2,1.0
3076,Person_703,Group_2,Item_2,Threshold_2,1.0
3077,Person_714,Group_2,Item_2,Threshold_2,0.0
3078,Person_715,Group_2,Item_2,Threshold_2,0.0
3079,Person_717,Group_2,Item_2,Threshold_2,1.0
3080,Person_719,Group_2,Item_2,Threshold_2,0.0
3081,Person_720,Group_1,Item_2,Threshold_2,0.0
3082,Person_721,Group_1,Item_2,Threshold_2,0.0
3083,Person_724,Group_1,Item_2,Threshold_2,1.0
3084,Person_728,Group_1,Item_2,Threshold_2,1.0
3085,Person_732,Group_1,Item_2,Threshold_2,0.0
3086,Person_733,Group_1,Item_2,Threshold_2,1.0
3087,Person_749,Group_1,Item_2,Threshold_2,0.0
3088,Person_754,Group_1,Item_2,Threshold_2,1.0
3089,Person_758,Group_2,Item_2,Threshold_2,1.0
3090,Person_761,Group_1,Item_2,Threshold_2,0.0
3091,Person_766,Group_1,Item_2,Threshold_2,0.0
3092,Person_775,Group_1,Item_2,Threshold_2,0.0
3093,Person_779,Group_2,Item_2,Threshold_2,0.0
3094,Person_788,Group_1,Item_2,Threshold_2,0.0
3095,Person_790,Group_1,Item_2,Threshold_2,0.0
3096,Person_793,Group_2,Item_2,Threshold_2,1.0
3097,Person_794,Group_1,Item_2,Threshold_2,0.0
3098,Person_803,Group_1,Item_2,Threshold_2,1.0
3099,Person_824,Group_1,Item_2,Threshold_2,1.0
3100,Person_827,Group_2,Item_2,Threshold_2,1.0
3101,Person_833,Group_1,Item_2,Threshold_2,1.0
3102,Person_836,Group_2,Item_2,Threshold_2,1.0
3103,Person_839,Group_2,Item_2,Threshold_2,1.0
3104,Person_842,Group_2,Item_2,Threshold_2,1.0
3105,Person_846,Group_2,Item_2,Threshold_2,0.0
3106,Person_849,Group_1,Item_2,Threshold_2,0.0
3107,Person_856,Group_2,Item_2,Threshold_2,0.0
3108,Person_862,Group_1,Item_2,Threshold_2,0.0
3109,Person_868,Group_2,Item_2,Threshold_2,0.0
3110,Person_869,Group_2,Item_2,Threshold_2,1.0
3111,Person_873,Group_2,Item_2,Threshold_2,0.0
3112,Person_877,Group_1,Item_2,Threshold_2,1.0
3113,Person_881,Group_2,Item_2,Threshold_2,0.0
3114,Person_882,Group_1,Item_2,Threshold_2,1.0
3115,Person_885,Group_1,Item_2,Threshold_2,1.0
3116,Person_893,Group_2,Item_2,Threshold_2,1.0
3117,Person_896,Group_2,Item_2,Threshold_2,0.0
3118,Person_903,Group_1,Item_2,Threshold_2,1.0
3119,Person_908,Group_1,Item_2,Threshold_2,1.0
3120,Person_913,Group_2,Item_2,Threshold_2,1.0
3121,Person_918,Group_2,Item_2,Threshold_2,1.0
3122,Person_924,Group_2,Item_2,Threshold_2,0.0
3123,Person_928,Group_2,Item_2,Threshold_2,1.0
3124,Person_930,Group_1,Item_2,Threshold_2,1.0
3125,Person_940,Group_2,Item_2,Threshold_2,0.0
3126,Person_947,Group_2,Item_2,Threshold_2,0.0
3127,Person_951,Group_1,Item_2,Threshold_2,1.0
3128,Person_954,Group_1,Item_2,Threshold_2,1.0
3129,Person_955,Group_2,Item_2,Threshold_2,1.0
3130,Person_956,Group_2,Item_2,Threshold_2,0.0
3131,Person_957,Group_1,Item_2,Threshold_2,0.0
3132,Person_964,Group_2,Item_2,Threshold_2,1.0
3133,Person_973,Group_2,Item_2,Threshold_2,1.0
3134,Person_978,Group_1,Item_2,Threshold_2,1.0
3135,Person_983,Group_1,Item_2,Threshold_2,0.0
3136,Person_984,Group_1,Item_2,Threshold_2,0.0
3137,Person_986,Group_2,Item_2,Threshold_2,1.0
3138,Person_992,Group_2,Item_2,Threshold_2,0.0
3139,Person_998,Group_1,Item_2,Threshold_2,1.0
3140,Person_1002,Group_1,Item_2,Threshold_2,0.0
3141,Person_1004,Group_1,Item_2,Threshold_2,0.0
3142,Person_1006,Group_1,Item_2,Threshold_2,0.0
3143,Person_1011,Group_1,Item_2,Threshold_2,1.0
3144,Person_1012,Group_1,Item_2,Threshold_2,0.0
3145,Person_1020,Group_1,Item_2,Threshold_2,0.0
3146,Person_1026,Group_2,Item_2,Threshold_2,1.0
3147,Person_1028,Group_1,Item_2,Threshold_2,1.0
3148,Person_1037,Group_2,Item_2,Threshold_2,0.0
3149,Person_1039,Group_1,Item_2,Threshold_2,0.0
3150,Person_1042,Group_1,Item_2,Threshold_2,1.0
3151,Person_1043,Group_1,Item_2,Threshold_2,0.0
3152,Person_1050,Group_1,Item_2,Threshold_2,1.0
3153,Person_1054,Group_2,Item_2,Threshold_2,1.0
3154,Person_1057,Group_2,Item_2,Threshold_2,0.0
3155,Person_1059,Group_2,Item_2,Threshold_2,0.0
3156,Person_1069,Group_2,Item_2,Threshold_2,1.0
3157,Person_1071,Group_1,Item_2,Threshold_2,1.0
3158,Person_1072,Group_2,Item_2,Threshold_2,0.0
3159,Person_1073,Group_1,Item_2,Threshold_2,0.0
3160,Person_1076,Group_1,Item_2,Threshold_2,0.0
3161,Person_1077,Group_1,Item_2,Threshold_2,1.0
3162,Person_1080,Group_2,Item_2,Threshold_2,0.0
3163,Person_1092,Group_1,Item_2,Threshold_2,1.0
3164,Person_1093,Group_1,Item_2,Threshold_2,0.0
3165,Person_1098,Group_1,Item_2,Threshold_2,0.0
3166,Person_1099,Group_1,Item_2,Threshold_2,0.0
3167,Person_1102,Group_2,Item_2,Threshold_2,0.0
3168,Person_1109,Group_2,Item_2,Threshold_2,0.0
3169,Person_1112,Group_2,Item_2,Threshold_2,1.0
3170,Person_1117,Group_1,Item_2,Threshold_2,0.0
3171,Person_1120,Group_1,Item_2,Threshold_2,1.0
3172,Person_1121,Group_1,Item_2,Threshold_2,0.0
3173,Person_1122,Group_2,Item_2,Threshold_2,1.0
3174,Person_1123,Group_1,Item_2,Threshold_2,1.0
3175,Person_1132,Group_1,Item_2,Threshold_2,0.0
3176,Person_1136,Group_1,Item_2,Threshold_2,1.0
3177,Person_1139,Group_1,Item_2,Threshold_2,1.0
3178,Person_1142,Group_1,Item_2,Threshold_2,0.0
3179,Person_1144,Group_1,Item_2,Threshold_2,0.0
3180,Person_1149,Group_1,Item_2,Threshold_2,0.0
3181,Person_1153,Group_1,Item_2,Threshold_2,1.0
3182,Person_1154,Group_2,Item_2,Threshold_2,0.0
3183,Person_1158,Group_1,Item_2,Threshold_2,0.0
3184,Person_1163,Group_1,Item_2,Threshold_2,0.0
3185,Person_1165,Group_1,Item_2,Threshold_2,0.0
3186,Person_1168,Group_2,Item_2,Threshold_2,1.0
3187,Person_1170,Group_1,Item_2,Threshold_2,0.0
3188,Person_1175,Group_1,Item_2,Threshold_2,1.0
3189,Person_1176,Group_2,Item_2,Threshold_2,0.0
3190,Person_1194,Group_2,Item_2,Threshold_2,1.0
3191,Person_1206,Group_1,Item_2,Threshold_2,1.0
3192,Person_1217,Group_2,Item_2,Threshold_2,1.0
3193,Person_1219,Group_2,Item_2,Threshold_2,0.0
3194,Person_1228,Group_1,Item_2,Threshold_2,0.0
3195,Person_1229,Group_2,Item_2,Threshold_2,0.0
3196,Person_1235,Group_2,Item_2,Threshold_2,1.0
3197,Person_1243,Group_1,Item_2,Threshold_2,1.0
3198,Person_1244,Group_1,Item_2,Threshold_2,1.0
3199,Person_1245,Group_2,Item_2,Threshold_2,1.0
3200,Person_1248,Group_2,Item_2,Threshold_2,1.0
3201,Person_1256,Group_1,Item_2,Threshold_2,1.0
3202,Person_1260,Group_1,Item_2,Threshold_2,0.0
3203,Person_1264,Group_2,Item_2,Threshold_2,0.0
3204,Person_1267,Group_2,Item_2,Threshold_2,1.0
3205,Person_1269,Group_2,Item_2,Threshold_2,0.0
3206,Person_1274,Group_1,Item_2,Threshold_2,0.0
3207,Person_1275,Group_2,Item_2,Threshold_2,0.0
3208,Person_1276,Group_2,Item_2,Threshold_2,1.0
3209,Person_1278,Group_1,Item_2,Threshold_2,0.0
3210,Person_1280,Group_1,Item_2,Threshold_2,0.0
3211,Person_1284,Group_1,Item_2,Threshold_2,0.0
3212,Person_1287,Group_2,Item_2,Threshold_2,1.0
3213,Person_1294,Group_1,Item_2,Threshold_2,1.0
3214,Person_1296,Group_1,Item_2,Threshold_2,1.0
3215,Person_1298,Group_1,Item_2,Threshold_2,1.0
3216,Person_1308,Group_1,Item_2,Threshold_2,1.0
3217,Person_1318,Group_1,Item_2,Threshold_2,1.0
3218,Person_1320,Group_1,Item_2,Threshold_2,1.0
3219,Person_1322,Group_1,Item_2,Threshold_2,1.0
3220,Person_1336,Group_2,Item_2,Threshold_2,1.0
3221,Person_1341,Group_2,Item_2,Threshold_2,1.0
3222,Person_1342,Group_1,Item_2,Threshold_2,1.0
3223,Person_1356,Group_1,Item_2,Threshold_2,0.0
3224,Person_1365,Group_2,Item_2,Threshold_2,0.0
3225,Person_1380,Group_1,Item_2,Threshold_2,1.0
3226,Person_1381,Group_1,Item_2,Threshold_2,0.0
3227,Person_1382,Group_2,Item_2,Threshold_2,1.0
3228,Person_1383,Group_1,Item_2,Threshold_2,0.0
3229,Person_1390,Group_1,Item_2,Threshold_2,1.0
3230,Person_1392,Group_2,Item_2,Threshold_2,0.0
3231,Person_1393,Group_2,Item_2,Threshold_2,1.0
3232,Person_1397,Group_1,Item_2,Threshold_2,0.0
3233,Person_1400,Group_2,Item_2,Threshold_2,1.0
3234,Person_1402,Group_1,Item_2,Threshold_2,0.0
3235,Person_1403,Group_2,Item_2,Threshold_2,0.0
3236,Person_1404,Group_1,Item_2,Threshold_2,0.0
3237,Person_1410,Group_1,Item_2,Threshold_2,1.0
3238,Person_1412,Group_2,Item_2,Threshold_2,1.0
3239,Person_1424,Group_1,Item_2,Threshold_2,1.0
3240,Person_1426,Group_1,Item_2,Threshold_2,1.0
3241,Person_1429,Group_1,Item_2,Threshold_2,1.0
3242,Person_1430,Group_2,Item_2,Threshold_2,1.0
3243,Person_1433,Group_1,Item_2,Threshold_2,1.0
3244,Person_1437,Group_2,Item_2,Threshold_2,1.0
3245,Person_1443,Group_2,Item_2,Threshold_2,1.0
3246,Person_1444,Group_2,Item_2,Threshold_2,1.0
3247,Person_1448,Group_1,Item_2,Threshold_2,1.0
3248,Person_1453,Group_2,Item_2,Threshold_2,0.0
3249,Person_1456,Group_2,Item_2,Threshold_2,1.0
3250,Person_1460,Group_2,Item_2,Threshold_2,0.0
3251,Person_1462,Group_2,Item_2,Threshold_2,1.0
3252,Person_1463,Group_1,Item_2,Threshold_2,1.0
3253,Person_1465,Group_2,Item_2,Threshold_2,0.0
3254,Person_1468,Group_1,Item_2,Threshold_2,1.0
3255,Person_1471,Group_2,Item_2,Threshold_2,0.0
3256,Person_1475,Group_2,Item_2,Threshold_2,1.0
3257,Person_1477,Group_2,Item_2,Threshold_2,0.0
3258,Person_1479,Group_1,Item_2,Threshold_2,0.0
3259,Person_1485,Group_2,Item_2,Threshold_2,0.0
3260,Person_1487,Group_2,Item_2,Threshold_2,0.0
3261,Person_1488,Group_1,Item_2,Threshold_2,0.0
3262,Person_1489,Group_2,Item_2,Threshold_2,1.0
3263,Person_1492,Group_1,Item_2,Threshold_2,1.0
3264,Person_1501,Group_1,Item_2,Threshold_2,1.0
3265,Person_1508,Group_2,Item_2,Threshold_2,0.0
3266,Person_1509,Group_2,Item_2,Threshold_2,0.0
3267,Person_1525,Group_1,Item_2,Threshold_2,0.0
3268,Person_1532,Group_1,Item_2,Threshold_2,1.0
3269,Person_1534,Group_1,Item_2,Threshold_2,0.0
3270,Person_1535,Group_2,Item_2,Threshold_2,0.0
3271,Person_1544,Group_2,Item_2,Threshold_2,1.0
3272,Person_1545,Group_2,Item_2,Threshold_2,1.0
3273,Person_1549,Group_1,Item_2,Threshold_2,1.0
3274,Person_1559,Group_1,Item_2,Threshold_2,1.0
3275,Person_1578,Group_2,Item_2,Threshold_2,1.0
3276,Person_1581,Group_2,Item_2,Threshold_2,1.0
3277,Person_1584,Group_2,Item_2,Threshold_2,0.0
3278,Person_1586,Group_2,Item_2,Threshold_2,1.0
3279,Person_1593,Group_1,Item_2,Threshold_2,1.0
3280,Person_1594,Group_2,Item_2,Threshold_2,1.0
3281,Person_1598,Group_2,Item_2,Threshold_2,1.0
3282,Person_1600,Group_1,Item_2,Threshold_2,0.0
3283,Person_1607,Group_1,Item_2,Threshold_2,1.0
3284,Person_1611,Group_2,Item_2,Threshold_2,1.0
3285,Person_1615,Group_2,Item_2,Threshold_2,0.0
3286,Person_1616,Group_1,Item_2,Threshold_2,0.0
3287,Person_1620,Group_1,Item_2,Threshold_2,0.0
3288,Person_1621,Group_2,Item_2,Threshold_2,1.0
3289,Person_1623,Group_2,Item_2,Threshold_2,1.0
3290,Person_1626,Group_1,Item_2,Threshold_2,0.0
3291,Person_1629,Group_2,Item_2,Threshold_2,1.0
3292,Person_1632,Group_1,Item_2,Threshold_2,1.0
3293,Person_16,Group_1,Item_2,Threshold_3,0.0
3294,Person_19,Group_1,Item_2,Threshold_3,0.0
3295,Person_22,Group_2,Item_2,Threshold_3,1.0
3296,Person_25,Group_2,Item_2,Threshold_3,0.0
3297,Person_26,Group_2,Item_2,Threshold_3,0.0
3298,Person_28,Group_1,Item_2,Threshold_3,0.0
3299,Person_31,Group_1,Item_2,Threshold_3,0.0
3300,Person_33,Group_1,Item_2,Threshold_3,0.0
3301,Person_38,Group_2,Item_2,Threshold_3,1.0
3302,Person_40,Group_1,Item_2,Threshold_3,0.0
3303,Person_41,Group_1,Item_2,Threshold_3,0.0
3304,Person_44,Group_1,Item_2,Threshold_3,1.0
3305,Person_54,Group_2,Item_2,Threshold_3,0.0
3306,Person_55,Group_2,Item_2,Threshold_3,0.0
3307,Person_58,Group_1,Item_2,Threshold_3,0.0
3308,Person_62,Group_2,Item_2,Threshold_3,0.0
3309,Person_68,Group_2,Item_2,Threshold_3,0.0
3310,Person_70,Group_2,Item_2,Threshold_3,0.0
3311,Person_73,Group_2,Item_2,Threshold_3,0.0
3312,Person_78,Group_1,Item_2,Threshold_3,1.0
3313,Person_82,Group_1,Item_2,Threshold_3,1.0
3314,Person_87,Group_1,Item_2,Threshold_3,0.0
3315,Person_98,Group_1,Item_2,Threshold_3,0.0
3316,Person_101,Group_2,Item_2,Threshold_3,0.0
3317,Person_105,Group_1,Item_2,Threshold_3,1.0
3318,Person_107,Group_2,Item_2,Threshold_3,1.0
3319,Person_108,Group_1,Item_2,Threshold_3,1.0
3320,Person_117,Group_1,Item_2,Threshold_3,1.0
3321,Person_120,Group_1,Item_2,Threshold_3,0.0
3322,Person_122,Group_1,Item_2,Threshold_3,1.0
3323,Person_126,Group_2,Item_2,Threshold_3,1.0
3324,Person_127,Group_2,Item_2,Threshold_3,0.0
3325,Person_128,Group_2,Item_2,Threshold_3,0.0
3326,Person_142,Group_1,Item_2,Threshold_3,0.0
3327,Person_158,Group_2,Item_2,Threshold_3,1.0
3328,Person_163,Group_2,Item_2,Threshold_3,0.0
3329,Person_165,Group_2,Item_2,Threshold_3,0.0
3330,Person_166,Group_2,Item_2,Threshold_3,1.0
3331,Person_170,Group_2,Item_2,Threshold_3,0.0
3332,Person_171,Group_2,Item_2,Threshold_3,0.0
3333,Person_174,Group_2,Item_2,Threshold_3,1.0
3334,Person_177,Group_1,Item_2,Threshold_3,1.0
3335,Person_178,Group_1,Item_2,Threshold_3,0.0
3336,Person_179,Group_2,Item_2,Threshold_3,0.0
3337,Person_180,Group_1,Item_2,Threshold_3,1.0
3338,Person_183,Group_2,Item_2,Threshold_3,0.0
3339,Person_188,Group_2,Item_2,Threshold_3,0.0
3340,Person_198,Group_2,Item_2,Threshold_3,1.0
3341,Person_202,Group_1,Item_2,Threshold_3,0.0
3342,Person_203,Group_1,Item_2,Threshold_3,1.0
3343,Person_207,Group_1,Item_2,Threshold_3,1.0
3344,Person_217,Group_2,Item_2,Threshold_3,0.0
3345,Person_225,Group_2,Item_2,Threshold_3,0.0
3346,Person_226,Group_1,Item_2,Threshold_3,0.0
3347,Person_228,Group_2,Item_2,Threshold_3,0.0
3348,Person_230,Group_2,Item_2,Threshold_3,1.0
3349,Person_231,Group_1,Item_2,Threshold_3,0.0
3350,Person_232,Group_2,Item_2,Threshold_3,1.0
3351,Person_236,Group_2,Item_2,Threshold_3,0.0
3352,Person_243,Group_1,Item_2,Threshold_3,1.0
3353,Person_246,Group_1,Item_2,Threshold_3,1.0
3354,Person_256,Group_2,Item_2,Threshold_3,1.0
3355,Person_261,Group_2,Item_2,Threshold_3,1.0
3356,Person_265,Group_2,Item_2,Threshold_3,0.0
3357,Person_269,Group_2,Item_2,Threshold_3,1.0
3358,Person_280,Group_2,Item_2,Threshold_3,0.0
3359,Person_283,Group_2,Item_2,Threshold_3,1.0
3360,Person_285,Group_2,Item_2,Threshold_3,0.0
3361,Person_288,Group_1,Item_2,Threshold_3,0.0
3362,Person_297,Group_1,Item_2,Threshold_3,1.0
3363,Person_305,Group_2,Item_2,Threshold_3,1.0
3364,Person_307,Group_1,Item_2,Threshold_3,0.0
3365,Person_308,Group_2,Item_2,Threshold_3,1.0
3366,Person_317,Group_1,Item_2,Threshold_3,0.0
3367,Person_321,Group_2,Item_2,Threshold_3,1.0
3368,Person_331,Group_2,Item_2,Threshold_3,1.0
3369,Person_337,Group_1,Item_2,Threshold_3,0.0
3370,Person_338,Group_1,Item_2,Threshold_3,1.0
3371,Person_340,Group_2,Item_2,Threshold_3,0.0
3372,Person_350,Group_2,Item_2,Threshold_3,0.0
3373,Person_351,Group_2,Item_2,Threshold_3,0.0
3374,Person_356,Group_2,Item_2,Threshold_3,1.0
3375,Person_360,Group_2,Item_2,Threshold_3,0.0
3376,Person_361,Group_1,Item_2,Threshold_3,0.0
3377,Person_363,Group_2,Item_2,Threshold_3,0.0
3378,Person_365,Group_2,Item_2,Threshold_3,0.0
3379,Person_374,Group_1,Item_2,Threshold_3,0.0
3380,Person_375,Group_1,Item_2,Threshold_3,1.0
3381,Person_378,Group_2,Item_2,Threshold_3,0.0
3382,Person_388,Group_2,Item_2,Threshold_3,1.0
3383,Person_389,Group_1,Item_2,Threshold_3,1.0
3384,Person_391,Group_2,Item_2,Threshold_3,0.0
3385,Person_396,Group_1,Item_2,Threshold_3,0.0
3386,Person_398,Group_2,Item_2,Threshold_3,1.0
3387,Person_399,Group_1,Item_2,Threshold_3,0.0
3388,Person_415,Group_1,Item_2,Threshold_3,0.0
3389,Person_426,Group_1,Item_2,Threshold_3,0.0
3390,Person_428,Group_1,Item_2,Threshold_3,0.0
3391,Person_432,Group_1,Item_2,Threshold_3,1.0
3392,Person_441,Group_2,Item_2,Threshold_3,1.0
3393,Person_444,Group_2,Item_2,Threshold_3,1.0
3394,Person_447,Group_1,Item_2,Threshold_3,0.0
3395,Person_448,Group_1,Item_2,Threshold_3,1.0
3396,Person_455,Group_1,Item_2,Threshold_3,1.0
3397,Person_463,Group_1,Item_2,Threshold_3,0.0
3398,Person_473,Group_2,Item_2,Threshold_3,0.0
3399,Person_475,Group_1,Item_2,Threshold_3,0.0
3400,Person_478,Group_1,Item_2,Threshold_3,0.0
3401,Person_485,Group_2,Item_2,Threshold_3,1.0
3402,Person_487,Group_1,Item_2,Threshold_3,0.0
3403,Person_489,Group_2,Item_2,Threshold_3,1.0
3404,Person_491,Group_2,Item_2,Threshold_3,1.0
3405,Person_492,Group_2,Item_2,Threshold_3,0.0
3406,Person_494,Group_2,Item_2,Threshold_3,0.0
3407,Person_495,Group_1,Item_2,Threshold_3,1.0
3408,Person_500,Group_1,Item_2,Threshold_3,0.0
3409,Person_501,Group_1,Item_2,Threshold_3,0.0
3410,Person_509,Group_1,Item_2,Threshold_3,0.0
3411,Person_516,Group_2,Item_2,Threshold_3,0.0
3412,Person_517,Group_2,Item_2,Threshold_3,0.0
3413,Person_522,Group_2,Item_2,Threshold_3,1.0
3414,Person_524,Group_1,Item_2,Threshold_3,1.0
3415,Person_525,Group_2,Item_2,Threshold_3,1.0
3416,Person_528,Group_2,Item_2,Threshold_3,0.0
3417,Person_531,Group_2,Item_2,Threshold_3,0.0
3418,Person_532,Group_1,Item_2,Threshold_3,0.0
3419,Person_536,Group_2,Item_2,Threshold_3,1.0
3420,Person_539,Group_2,Item_2,Threshold_3,1.0
3421,Person_540,Group_2,Item_2,Threshold_3,1.0
3422,Person_547,Group_1,Item_2,Threshold_3,0.0
3423,Person_551,Group_1,Item_2,Threshold_3,1.0
3424,Person_559,Group_1,Item_2,Threshold_3,0.0
3425,Person_566,Group_2,Item_2,Threshold_3,0.0
3426,Person_578,Group_1,Item_2,Threshold_3,1.0
3427,Person_583,Group_1,Item_2,Threshold_3,1.0
3428,Person_586,Group_2,Item_2,Threshold_3,0.0
3429,Person_588,Group_2,Item_2,Threshold_3,0.0
3430,Person_590,Group_1,Item_2,Threshold_3,0.0
3431,Person_593,Group_2,Item_2,Threshold_3,0.0
3432,Person_594,Group_2,Item_2,Threshold_3,0.0
3433,Person_596,Group_2,Item_2,Threshold_3,0.0
3434,Person_597,Group_1,Item_2,Threshold_3,0.0
3435,Person_604,Group_2,Item_2,Threshold_3,0.0
3436,Person_605,Group_1,Item_2,Threshold_3,1.0
3437,Person_608,Group_1,Item_2,Threshold_3,0.0
3438,Person_610,Group_1,Item_2,Threshold_3,0.0
3439,Person_620,Group_2,Item_2,Threshold_3,1.0
3440,Person_622,Group_1,Item_2,Threshold_3,0.0
3441,Person_624,Group_1,Item_2,Threshold_3,0.0
3442,Person_627,Group_2,Item_2,Threshold_3,0.0
3443,Person_633,Group_1,Item_2,Threshold_3,1.0
3444,Person_638,Group_2,Item_2,Threshold_3,0.0
3445,Person_644,Group_1,Item_2,Threshold_3,0.0
3446,Person_648,Group_2,Item_2,Threshold_3,1.0
3447,Person_657,Group_2,Item_2,Threshold_3,1.0
3448,Person_659,Group_1,Item_2,Threshold_3,1.0
3449,Person_668,Group_2,Item_2,Threshold_3,0.0
3450,Person_669,Group_2,Item_2,Threshold_3,1.0
3451,Person_672,Group_2,Item_2,Threshold_3,0.0
3452,Person_675,Group_2,Item_2,Threshold_3,1.0
3453,Person_678,Group_1,Item_2,Threshold_3,0.0
3454,Person_681,Group_1,Item_2,Threshold_3,0.0
3455,Person_682,Group_1,Item_2,Threshold_3,0.0
3456,Person_695,Group_1,Item_2,Threshold_3,0.0
3457,Person_697,Group_1,Item_2,Threshold_3,1.0
3458,Person_700,Group_1,Item_2,Threshold_3,0.0
3459,Person_701,Group_1,Item_2,Threshold_3,0.0
3460,Person_703,Group_2,Item_2,Threshold_3,0.0
3461,Person_704,Group_2,Item_2,Threshold_3,1.0
3462,Person_717,Group_2,Item_2,Threshold_3,0.0
3463,Person_722,Group_2,Item_2,Threshold_3,1.0
3464,Person_724,Group_2,Item_2,Threshold_3,0.0
3465,Person_727,Group_2,Item_2,Threshold_3,1.0
3466,Person_728,Group_2,Item_2,Threshold_3,0.0
3467,Person_733,Group_2,Item_2,Threshold_3,0.0
3468,Person_745,Group_2,Item_2,Threshold_3,1.0
3469,Person_753,Group_1,Item_2,Threshold_3,1.0
3470,Person_754,Group_1,Item_2,Threshold_3,0.0
3471,Person_758,Group_2,Item_2,Threshold_3,0.0
3472,Person_759,Group_1,Item_2,Threshold_3,1.0
3473,Person_769,Group_1,Item_2,Threshold_3,1.0
3474,Person_789,Group_1,Item_2,Threshold_3,1.0
3475,Person_793,Group_1,Item_2,Threshold_3,0.0
3476,Person_799,Group_2,Item_2,Threshold_3,1.0
3477,Person_801,Group_2,Item_2,Threshold_3,1.0
3478,Person_803,Group_1,Item_2,Threshold_3,0.0
3479,Person_810,Group_1,Item_2,Threshold_3,1.0
3480,Person_813,Group_2,Item_2,Threshold_3,1.0
3481,Person_815,Group_1,Item_2,Threshold_3,1.0
3482,Person_824,Group_1,Item_2,Threshold_3,0.0
3483,Person_827,Group_2,Item_2,Threshold_3,0.0
3484,Person_833,Group_1,Item_2,Threshold_3,0.0
3485,Person_836,Group_2,Item_2,Threshold_3,0.0
3486,Person_837,Group_1,Item_2,Threshold_3,1.0
3487,Person_838,Group_1,Item_2,Threshold_3,1.0
3488,Person_839,Group_1,Item_2,Threshold_3,0.0
3489,Person_841,Group_2,Item_2,Threshold_3,1.0
3490,Person_842,Group_2,Item_2,Threshold_3,0.0
3491,Person_852,Group_1,Item_2,Threshold_3,1.0
3492,Person_863,Group_1,Item_2,Threshold_3,1.0
3493,Person_869,Group_1,Item_2,Threshold_3,0.0
3494,Person_877,Group_2,Item_2,Threshold_3,0.0
3495,Person_879,Group_1,Item_2,Threshold_3,1.0
3496,Person_882,Group_1,Item_2,Threshold_3,0.0
3497,Person_885,Group_2,Item_2,Threshold_3,0.0
3498,Person_887,Group_2,Item_2,Threshold_3,1.0
3499,Person_893,Group_2,Item_2,Threshold_3,0.0
3500,Person_903,Group_1,Item_2,Threshold_3,0.0
3501,Person_908,Group_2,Item_2,Threshold_3,0.0
3502,Person_913,Group_1,Item_2,Threshold_3,0.0
3503,Person_915,Group_1,Item_2,Threshold_3,1.0
3504,Person_917,Group_2,Item_2,Threshold_3,1.0
3505,Person_918,Group_1,Item_2,Threshold_3,0.0
3506,Person_928,Group_2,Item_2,Threshold_3,0.0
3507,Person_930,Group_2,Item_2,Threshold_3,0.0
3508,Person_937,Group_1,Item_2,Threshold_3,1.0
3509,Person_951,Group_1,Item_2,Threshold_3,0.0
3510,Person_954,Group_1,Item_2,Threshold_3,0.0
3511,Person_955,Group_2,Item_2,Threshold_3,0.0
3512,Person_962,Group_1,Item_2,Threshold_3,1.0
3513,Person_964,Group_2,Item_2,Threshold_3,0.0
3514,Person_965,Group_2,Item_2,Threshold_3,1.0
3515,Person_972,Group_1,Item_2,Threshold_3,1.0
3516,Person_973,Group_1,Item_2,Threshold_3,0.0
3517,Person_978,Group_2,Item_2,Threshold_3,0.0
3518,Person_982,Group_2,Item_2,Threshold_3,1.0
3519,Person_986,Group_1,Item_2,Threshold_3,0.0
3520,Person_991,Group_2,Item_2,Threshold_3,1.0
3521,Person_996,Group_2,Item_2,Threshold_3,1.0
3522,Person_998,Group_1,Item_2,Threshold_3,0.0
3523,Person_999,Group_2,Item_2,Threshold_3,1.0
3524,Person_1009,Group_2,Item_2,Threshold_3,1.0
3525,Person_1011,Group_2,Item_2,Threshold_3,0.0
3526,Person_1023,Group_1,Item_2,Threshold_3,1.0
3527,Person_1026,Group_2,Item_2,Threshold_3,0.0
3528,Person_1028,Group_1,Item_2,Threshold_3,0.0
3529,Person_1036,Group_2,Item_2,Threshold_3,1.0
3530,Person_1038,Group_2,Item_2,Threshold_3,1.0
3531,Person_1042,Group_1,Item_2,Threshold_3,0.0
3532,Person_1046,Group_2,Item_2,Threshold_3,1.0
3533,Person_1049,Group_2,Item_2,Threshold_3,1.0
3534,Person_1050,Group_2,Item_2,Threshold_3,0.0
3535,Person_1054,Group_2,Item_2,Threshold_3,0.0
3536,Person_1063,Group_1,Item_2,Threshold_3,1.0
3537,Person_1069,Group_2,Item_2,Threshold_3,0.0
3538,Person_1071,Group_2,Item_2,Threshold_3,0.0
3539,Person_1075,Group_2,Item_2,Threshold_3,1.0
3540,Person_1077,Group_1,Item_2,Threshold_3,0.0
3541,Person_1092,Group_1,Item_2,Threshold_3,0.0
3542,Person_1104,Group_1,Item_2,Threshold_3,1.0
3543,Person_1112,Group_1,Item_2,Threshold_3,0.0
3544,Person_1113,Group_1,Item_2,Threshold_3,1.0
3545,Person_1119,Group_2,Item_2,Threshold_3,1.0
3546,Person_1120,Group_1,Item_2,Threshold_3,0.0
3547,Person_1122,Group_1,Item_2,Threshold_3,0.0
3548,Person_1123,Group_2,Item_2,Threshold_3,0.0
3549,Person_1130,Group_1,Item_2,Threshold_3,1.0
3550,Person_1136,Group_1,Item_2,Threshold_3,0.0
3551,Person_1139,Group_2,Item_2,Threshold_3,0.0
3552,Person_1147,Group_1,Item_2,Threshold_3,1.0
3553,Person_1151,Group_2,Item_2,Threshold_3,1.0
3554,Person_1153,Group_2,Item_2,Threshold_3,0.0
3555,Person_1168,Group_2,Item_2,Threshold_3,0.0
3556,Person_1173,Group_1,Item_2,Threshold_3,1.0
3557,Person_1175,Group_1,Item_2,Threshold_3,0.0
3558,Person_1179,Group_2,Item_2,Threshold_3,1.0
3559,Person_1193,Group_2,Item_2,Threshold_3,1.0
3560,Person_1194,Group_1,Item_2,Threshold_3,0.0
3561,Person_1197,Group_2,Item_2,Threshold_3,1.0
3562,Person_1199,Group_2,Item_2,Threshold_3,1.0
3563,Person_1206,Group_1,Item_2,Threshold_3,0.0
3564,Person_1208,Group_2,Item_2,Threshold_3,1.0
3565,Person_1211,Group_1,Item_2,Threshold_3,1.0
3566,Person_1213,Group_2,Item_2,Threshold_3,1.0
3567,Person_1216,Group_2,Item_2,Threshold_3,1.0
3568,Person_1217,Group_1,Item_2,Threshold_3,0.0
3569,Person_1226,Group_1,Item_2,Threshold_3,1.0
3570,Person_1235,Group_1,Item_2,Threshold_3,0.0
3571,Person_1240,Group_1,Item_2,Threshold_3,1.0
3572,Person_1243,Group_1,Item_2,Threshold_3,0.0
3573,Person_1244,Group_2,Item_2,Threshold_3,0.0
3574,Person_1245,Group_1,Item_2,Threshold_3,0.0
3575,Person_1248,Group_2,Item_2,Threshold_3,0.0
3576,Person_1256,Group_1,Item_2,Threshold_3,0.0
3577,Person_1261,Group_2,Item_2,Threshold_3,1.0
3578,Person_1267,Group_1,Item_2,Threshold_3,0.0
3579,Person_1271,Group_1,Item_2,Threshold_3,1.0
3580,Person_1276,Group_1,Item_2,Threshold_3,0.0
3581,Person_1287,Group_1,Item_2,Threshold_3,0.0
3582,Person_1288,Group_1,Item_2,Threshold_3,1.0
3583,Person_1293,Group_1,Item_2,Threshold_3,1.0
3584,Person_1294,Group_1,Item_2,Threshold_3,0.0
3585,Person_1296,Group_2,Item_2,Threshold_3,0.0
3586,Person_1298,Group_2,Item_2,Threshold_3,0.0
3587,Person_1302,Group_1,Item_2,Threshold_3,1.0
3588,Person_1306,Group_1,Item_2,Threshold_3,1.0
3589,Person_1308,Group_1,Item_2,Threshold_3,0.0
3590,Person_1318,Group_1,Item_2,Threshold_3,0.0
3591,Person_1320,Group_2,Item_2,Threshold_3,0.0
3592,Person_1322,Group_2,Item_2,Threshold_3,0.0
3593,Person_1330,Group_1,Item_2,Threshold_3,1.0
3594,Person_1336,Group_1,Item_2,Threshold_3,0.0
3595,Person_1341,Group_2,Item_2,Threshold_3,0.0
3596,Person_1342,Group_2,Item_2,Threshold_3,0.0
3597,Person_1352,Group_1,Item_2,Threshold_3,1.0
3598,Person_1354,Group_2,Item_2,Threshold_3,1.0
3599,Person_1364,Group_2,Item_2,Threshold_3,1.0
3600,Person_1372,Group_2,Item_2,Threshold_3,1.0
3601,Person_1373,Group_2,Item_2,Threshold_3,1.0
3602,Person_1380,Group_1,Item_2,Threshold_3,0.0
3603,Person_1382,Group_1,Item_2,Threshold_3,0.0
3604,Person_1390,Group_1,Item_2,Threshold_3,0.0
3605,Person_1393,Group_2,Item_2,Threshold_3,0.0
3606,Person_1399,Group_2,Item_2,Threshold_3,1.0
3607,Person_1400,Group_1,Item_2,Threshold_3,0.0
3608,Person_1408,Group_2,Item_2,Threshold_3,1.0
3609,Person_1410,Group_1,Item_2,Threshold_3,0.0
3610,Person_1412,Group_1,Item_2,Threshold_3,0.0
3611,Person_1414,Group_1,Item_2,Threshold_3,1.0
3612,Person_1424,Group_2,Item_2,Threshold_3,0.0
3613,Person_1425,Group_1,Item_2,Threshold_3,1.0
3614,Person_1426,Group_1,Item_2,Threshold_3,0.0
3615,Person_1428,Group_2,Item_2,Threshold_3,1.0
3616,Person_1429,Group_1,Item_2,Threshold_3,0.0
3617,Person_1430,Group_1,Item_2,Threshold_3,0.0
3618,Person_1433,Group_1,Item_2,Threshold_3,0.0
3619,Person_1437,Group_1,Item_2,Threshold_3,0.0
3620,Person_1443,Group_1,Item_2,Threshold_3,0.0
3621,Person_1444,Group_2,Item_2,Threshold_3,0.0
3622,Person_1448,Group_1,Item_2,Threshold_3,0.0
3623,Person_1450,Group_1,Item_2,Threshold_3,1.0
3624,Person_1455,Group_2,Item_2,Threshold_3,1.0
3625,Person_1456,Group_1,Item_2,Threshold_3,0.0
3626,Person_1462,Group_1,Item_2,Threshold_3,0.0
3627,Person_1463,Group_1,Item_2,Threshold_3,0.0
3628,Person_1468,Group_2,Item_2,Threshold_3,0.0
3629,Person_1474,Group_1,Item_2,Threshold_3,1.0
3630,Person_1475,Group_2,Item_2,Threshold_3,0.0
3631,Person_1489,Group_2,Item_2,Threshold_3,0.0
3632,Person_1491,Group_1,Item_2,Threshold_3,1.0
3633,Person_1492,Group_1,Item_2,Threshold_3,0.0
3634,Person_1496,Group_2,Item_2,Threshold_3,1.0
3635,Person_1501,Group_1,Item_2,Threshold_3,0.0
3636,Person_1504,Group_2,Item_2,Threshold_3,1.0
3637,Person_1506,Group_2,Item_2,Threshold_3,1.0
3638,Person_1511,Group_1,Item_2,Threshold_3,1.0
3639,Person_1512,Group_1,Item_2,Threshold_3,1.0
3640,Person_1520,Group_1,Item_2,Threshold_3,1.0
3641,Person_1522,Group_1,Item_2,Threshold_3,1.0
3642,Person_1532,Group_2,Item_2,Threshold_3,0.0
3643,Person_1533,Group_1,Item_2,Threshold_3,1.0
3644,Person_1538,Group_1,Item_2,Threshold_3,1.0
3645,Person_1541,Group_2,Item_2,Threshold_3,1.0
3646,Person_1544,Group_1,Item_2,Threshold_3,0.0
3647,Person_1545,Group_1,Item_2,Threshold_3,0.0
3648,Person_1549,Group_1,Item_2,Threshold_3,0.0
3649,Person_1554,Group_1,Item_2,Threshold_3,1.0
3650,Person_1559,Group_2,Item_2,Threshold_3,0.0
3651,Person_1562,Group_2,Item_2,Threshold_3,1.0
3652,Person_1568,Group_1,Item_2,Threshold_3,1.0
3653,Person_1572,Group_1,Item_2,Threshold_3,1.0
3654,Person_1576,Group_1,Item_2,Threshold_3,1.0
3655,Person_1578,Group_2,Item_2,Threshold_3,0.0
3656,Person_1580,Group_2,Item_2,Threshold_3,1.0
3657,Person_1581,Group_2,Item_2,Threshold_3,0.0
3658,Person_1585,Group_1,Item_2,Threshold_3,1.0
3659,Person_1586,Group_1,Item_2,Threshold_3,0.0
3660,Person_1593,Group_2,Item_2,Threshold_3,0.0
3661,Person_1594,Group_2,Item_2,Threshold_3,0.0
3662,Person_1598,Group_1,Item_2,Threshold_3,0.0
3663,Person_1607,Group_2,Item_2,Threshold_3,0.0
3664,Person_1611,Group_1,Item_2,Threshold_3,0.0
3665,Person_1621,Group_1,Item_2,Threshold_3,0.0
3666,Person_1623,Group_2,Item_2,Threshold_3,0.0
3667,Person_1629,Group_2,Item_2,Threshold_3,0.0
3668,Person_1630,Group_2,Item_2,Threshold_3,1.0
3669,Person_1632,Group_2,Item_2,Threshold_3,0.0
3670,Person_1638,Group_2,Item_2,Threshold_3,1.0
3671,Person_9,Group_2,Item_2,Threshold_4,1.0
3672,Person_17,Group_2,Item_2,Threshold_4,1.0
3673,Person_22,Group_1,Item_2,Threshold_4,0.0
3674,Person_23,Group_2,Item_2,Threshold_4,1.0
3675,Person_29,Group_2,Item_2,Threshold_4,1.0
3676,Person_38,Group_2,Item_2,Threshold_4,0.0
3677,Person_43,Group_1,Item_2,Threshold_4,1.0
3678,Person_44,Group_1,Item_2,Threshold_4,0.0
3679,Person_46,Group_1,Item_2,Threshold_4,1.0
3680,Person_50,Group_1,Item_2,Threshold_4,1.0
3681,Person_56,Group_1,Item_2,Threshold_4,1.0
3682,Person_57,Group_1,Item_2,Threshold_4,1.0
3683,Person_61,Group_1,Item_2,Threshold_4,1.0
3684,Person_65,Group_1,Item_2,Threshold_4,1.0
3685,Person_71,Group_1,Item_2,Threshold_4,1.0
3686,Person_78,Group_1,Item_2,Threshold_4,0.0
3687,Person_79,Group_2,Item_2,Threshold_4,1.0
3688,Person_82,Group_1,Item_2,Threshold_4,0.0
3689,Person_85,Group_1,Item_2,Threshold_4,1.0
3690,Person_91,Group_1,Item_2,Threshold_4,1.0
3691,Person_92,Group_1,Item_2,Threshold_4,1.0
3692,Person_93,Group_1,Item_2,Threshold_4,1.0
3693,Person_96,Group_1,Item_2,Threshold_4,1.0
3694,Person_103,Group_2,Item_2,Threshold_4,1.0
3695,Person_105,Group_1,Item_2,Threshold_4,0.0
3696,Person_107,Group_2,Item_2,Threshold_4,0.0
3697,Person_108,Group_2,Item_2,Threshold_4,0.0
3698,Person_115,Group_2,Item_2,Threshold_4,1.0
3699,Person_117,Group_1,Item_2,Threshold_4,0.0
3700,Person_122,Group_1,Item_2,Threshold_4,0.0
3701,Person_125,Group_1,Item_2,Threshold_4,1.0
3702,Person_126,Group_1,Item_2,Threshold_4,0.0
3703,Person_132,Group_1,Item_2,Threshold_4,1.0
3704,Person_138,Group_2,Item_2,Threshold_4,1.0
3705,Person_155,Group_2,Item_2,Threshold_4,1.0
3706,Person_158,Group_2,Item_2,Threshold_4,0.0
3707,Person_162,Group_2,Item_2,Threshold_4,1.0
3708,Person_166,Group_2,Item_2,Threshold_4,0.0
3709,Person_168,Group_1,Item_2,Threshold_4,1.0
3710,Person_174,Group_1,Item_2,Threshold_4,0.0
3711,Person_177,Group_2,Item_2,Threshold_4,0.0
3712,Person_180,Group_2,Item_2,Threshold_4,0.0
3713,Person_182,Group_1,Item_2,Threshold_4,1.0
3714,Person_197,Group_2,Item_2,Threshold_4,1.0
3715,Person_198,Group_1,Item_2,Threshold_4,0.0
3716,Person_201,Group_1,Item_2,Threshold_4,1.0
3717,Person_203,Group_2,Item_2,Threshold_4,0.0
3718,Person_204,Group_1,Item_2,Threshold_4,1.0
3719,Person_207,Group_2,Item_2,Threshold_4,0.0
3720,Person_210,Group_1,Item_2,Threshold_4,1.0
3721,Person_216,Group_1,Item_2,Threshold_4,1.0
3722,Person_219,Group_1,Item_2,Threshold_4,1.0
3723,Person_230,Group_2,Item_2,Threshold_4,0.0
3724,Person_232,Group_1,Item_2,Threshold_4,0.0
3725,Person_233,Group_1,Item_2,Threshold_4,1.0
3726,Person_242,Group_1,Item_2,Threshold_4,1.0
3727,Person_243,Group_2,Item_2,Threshold_4,0.0
3728,Person_246,Group_2,Item_2,Threshold_4,0.0
3729,Person_249,Group_2,Item_2,Threshold_4,1.0
3730,Person_256,Group_1,Item_2,Threshold_4,0.0
3731,Person_257,Group_2,Item_2,Threshold_4,1.0
3732,Person_261,Group_2,Item_2,Threshold_4,0.0
3733,Person_264,Group_1,Item_2,Threshold_4,1.0
3734,Person_269,Group_2,Item_2,Threshold_4,0.0
3735,Person_272,Group_1,Item_2,Threshold_4,1.0
3736,Person_273,Group_2,Item_2,Threshold_4,1.0
3737,Person_274,Group_2,Item_2,Threshold_4,1.0
3738,Person_278,Group_2,Item_2,Threshold_4,1.0
3739,Person_283,Group_1,Item_2,Threshold_4,0.0
3740,Person_286,Group_1,Item_2,Threshold_4,1.0
3741,Person_287,Group_1,Item_2,Threshold_4,1.0
3742,Person_289,Group_1,Item_2,Threshold_4,1.0
3743,Person_291,Group_1,Item_2,Threshold_4,1.0
3744,Person_297,Group_2,Item_2,Threshold_4,0.0
3745,Person_301,Group_1,Item_2,Threshold_4,1.0
3746,Person_302,Group_2,Item_2,Threshold_4,1.0
3747,Person_303,Group_1,Item_2,Threshold_4,1.0
3748,Person_304,Group_2,Item_2,Threshold_4,1.0
3749,Person_305,Group_1,Item_2,Threshold_4,0.0
3750,Person_308,Group_2,Item_2,Threshold_4,0.0
3751,Person_311,Group_1,Item_2,Threshold_4,1.0
3752,Person_315,Group_2,Item_2,Threshold_4,1.0
3753,Person_321,Group_1,Item_2,Threshold_4,0.0
3754,Person_327,Group_2,Item_2,Threshold_4,1.0
3755,Person_329,Group_1,Item_2,Threshold_4,1.0
3756,Person_330,Group_2,Item_2,Threshold_4,1.0
3757,Person_331,Group_1,Item_2,Threshold_4,0.0
3758,Person_332,Group_1,Item_2,Threshold_4,1.0
3759,Person_333,Group_1,Item_2,Threshold_4,1.0
3760,Person_336,Group_1,Item_2,Threshold_4,1.0
3761,Person_338,Group_2,Item_2,Threshold_4,0.0
3762,Person_353,Group_1,Item_2,Threshold_4,1.0
3763,Person_356,Group_1,Item_2,Threshold_4,0.0
3764,Person_357,Group_2,Item_2,Threshold_4,1.0
3765,Person_359,Group_2,Item_2,Threshold_4,1.0
3766,Person_368,Group_1,Item_2,Threshold_4,1.0
3767,Person_371,Group_2,Item_2,Threshold_4,1.0
3768,Person_372,Group_1,Item_2,Threshold_4,1.0
3769,Person_375,Group_1,Item_2,Threshold_4,0.0
3770,Person_376,Group_1,Item_2,Threshold_4,1.0
3771,Person_382,Group_2,Item_2,Threshold_4,1.0
3772,Person_388,Group_1,Item_2,Threshold_4,0.0
3773,Person_389,Group_1,Item_2,Threshold_4,0.0
3774,Person_395,Group_1,Item_2,Threshold_4,1.0
3775,Person_398,Group_2,Item_2,Threshold_4,0.0
3776,Person_400,Group_1,Item_2,Threshold_4,1.0
3777,Person_403,Group_2,Item_2,Threshold_4,1.0
3778,Person_404,Group_1,Item_2,Threshold_4,1.0
3779,Person_423,Group_2,Item_2,Threshold_4,1.0
3780,Person_425,Group_2,Item_2,Threshold_4,1.0
3781,Person_432,Group_2,Item_2,Threshold_4,0.0
3782,Person_433,Group_2,Item_2,Threshold_4,1.0
3783,Person_434,Group_2,Item_2,Threshold_4,1.0
3784,Person_435,Group_2,Item_2,Threshold_4,1.0
3785,Person_441,Group_1,Item_2,Threshold_4,0.0
3786,Person_443,Group_2,Item_2,Threshold_4,1.0
3787,Person_444,Group_1,Item_2,Threshold_4,0.0
3788,Person_448,Group_1,Item_2,Threshold_4,0.0
3789,Person_452,Group_1,Item_2,Threshold_4,1.0
3790,Person_455,Group_1,Item_2,Threshold_4,0.0
3791,Person_456,Group_2,Item_2,Threshold_4,1.0
3792,Person_464,Group_1,Item_2,Threshold_4,1.0
3793,Person_465,Group_1,Item_2,Threshold_4,1.0
3794,Person_467,Group_2,Item_2,Threshold_4,1.0
3795,Person_484,Group_2,Item_2,Threshold_4,1.0
3796,Person_485,Group_2,Item_2,Threshold_4,0.0
3797,Person_489,Group_2,Item_2,Threshold_4,0.0
3798,Person_491,Group_1,Item_2,Threshold_4,0.0
3799,Person_495,Group_1,Item_2,Threshold_4,0.0
3800,Person_496,Group_1,Item_2,Threshold_4,1.0
3801,Person_497,Group_2,Item_2,Threshold_4,1.0
3802,Person_503,Group_1,Item_2,Threshold_4,1.0
3803,Person_504,Group_1,Item_2,Threshold_4,1.0
3804,Person_511,Group_2,Item_2,Threshold_4,1.0
3805,Person_518,Group_1,Item_2,Threshold_4,1.0
3806,Person_520,Group_2,Item_2,Threshold_4,1.0
3807,Person_522,Group_1,Item_2,Threshold_4,0.0
3808,Person_523,Group_1,Item_2,Threshold_4,1.0
3809,Person_524,Group_1,Item_2,Threshold_4,0.0
3810,Person_525,Group_2,Item_2,Threshold_4,0.0
3811,Person_527,Group_2,Item_2,Threshold_4,1.0
3812,Person_530,Group_2,Item_2,Threshold_4,1.0
3813,Person_534,Group_1,Item_2,Threshold_4,1.0
3814,Person_535,Group_2,Item_2,Threshold_4,1.0
3815,Person_536,Group_1,Item_2,Threshold_4,0.0
3816,Person_539,Group_2,Item_2,Threshold_4,0.0
3817,Person_540,Group_2,Item_2,Threshold_4,0.0
3818,Person_544,Group_2,Item_2,Threshold_4,1.0
3819,Person_545,Group_1,Item_2,Threshold_4,1.0
3820,Person_551,Group_1,Item_2,Threshold_4,0.0
3821,Person_554,Group_2,Item_2,Threshold_4,1.0
3822,Person_558,Group_1,Item_2,Threshold_4,1.0
3823,Person_561,Group_1,Item_2,Threshold_4,1.0
3824,Person_567,Group_2,Item_2,Threshold_4,1.0
3825,Person_570,Group_2,Item_2,Threshold_4,1.0
3826,Person_572,Group_1,Item_2,Threshold_4,1.0
3827,Person_573,Group_2,Item_2,Threshold_4,1.0
3828,Person_578,Group_1,Item_2,Threshold_4,0.0
3829,Person_583,Group_1,Item_2,Threshold_4,0.0
3830,Person_605,Group_1,Item_2,Threshold_4,0.0
3831,Person_620,Group_2,Item_2,Threshold_4,0.0
3832,Person_625,Group_2,Item_2,Threshold_4,1.0
3833,Person_630,Group_1,Item_2,Threshold_4,1.0
3834,Person_631,Group_2,Item_2,Threshold_4,1.0
3835,Person_632,Group_2,Item_2,Threshold_4,1.0
3836,Person_633,Group_1,Item_2,Threshold_4,0.0
3837,Person_636,Group_2,Item_2,Threshold_4,1.0
3838,Person_637,Group_1,Item_2,Threshold_4,1.0
3839,Person_646,Group_1,Item_2,Threshold_4,1.0
3840,Person_648,Group_1,Item_2,Threshold_4,0.0
3841,Person_657,Group_1,Item_2,Threshold_4,0.0
3842,Person_658,Group_2,Item_2,Threshold_4,1.0
3843,Person_659,Group_2,Item_2,Threshold_4,0.0
3844,Person_667,Group_2,Item_2,Threshold_4,1.0
3845,Person_669,Group_2,Item_2,Threshold_4,0.0
3846,Person_674,Group_2,Item_2,Threshold_4,1.0
3847,Person_675,Group_1,Item_2,Threshold_4,0.0
3848,Person_683,Group_1,Item_2,Threshold_4,1.0
3849,Person_686,Group_2,Item_2,Threshold_4,1.0
3850,Person_690,Group_1,Item_2,Threshold_4,1.0
3851,Person_693,Group_1,Item_2,Threshold_4,1.0
3852,Person_696,Group_1,Item_2,Threshold_4,1.0
3853,Person_697,Group_1,Item_2,Threshold_4,0.0
3854,Person_704,Group_1,Item_2,Threshold_4,0.0
3855,Person_708,Group_1,Item_2,Threshold_4,1.0
3856,Person_718,Group_2,Item_2,Threshold_4,1.0
3857,Person_722,Group_2,Item_2,Threshold_4,0.0
3858,Person_727,Group_1,Item_2,Threshold_4,0.0
3859,Person_734,Group_1,Item_2,Threshold_4,1.0
3860,Person_740,Group_2,Item_2,Threshold_4,1.0
3861,Person_741,Group_1,Item_2,Threshold_4,1.0
3862,Person_744,Group_2,Item_2,Threshold_4,1.0
3863,Person_745,Group_2,Item_2,Threshold_4,0.0
3864,Person_753,Group_1,Item_2,Threshold_4,0.0
3865,Person_759,Group_1,Item_2,Threshold_4,0.0
3866,Person_768,Group_1,Item_2,Threshold_4,1.0
3867,Person_769,Group_2,Item_2,Threshold_4,0.0
3868,Person_771,Group_1,Item_2,Threshold_4,1.0
3869,Person_772,Group_2,Item_2,Threshold_4,1.0
3870,Person_773,Group_2,Item_2,Threshold_4,1.0
3871,Person_778,Group_1,Item_2,Threshold_4,1.0
3872,Person_789,Group_2,Item_2,Threshold_4,0.0
3873,Person_791,Group_2,Item_2,Threshold_4,1.0
3874,Person_797,Group_2,Item_2,Threshold_4,1.0
3875,Person_798,Group_1,Item_2,Threshold_4,1.0
3876,Person_799,Group_1,Item_2,Threshold_4,0.0
3877,Person_801,Group_1,Item_2,Threshold_4,0.0
3878,Person_809,Group_2,Item_2,Threshold_4,1.0
3879,Person_810,Group_2,Item_2,Threshold_4,0.0
3880,Person_813,Group_2,Item_2,Threshold_4,0.0
3881,Person_814,Group_1,Item_2,Threshold_4,1.0
3882,Person_815,Group_1,Item_2,Threshold_4,0.0
3883,Person_820,Group_1,Item_2,Threshold_4,1.0
3884,Person_822,Group_1,Item_2,Threshold_4,1.0
3885,Person_831,Group_1,Item_2,Threshold_4,1.0
3886,Person_834,Group_1,Item_2,Threshold_4,1.0
3887,Person_835,Group_1,Item_2,Threshold_4,1.0
3888,Person_837,Group_1,Item_2,Threshold_4,0.0
3889,Person_838,Group_1,Item_2,Threshold_4,0.0
3890,Person_841,Group_1,Item_2,Threshold_4,0.0
3891,Person_847,Group_2,Item_2,Threshold_4,1.0
3892,Person_848,Group_1,Item_2,Threshold_4,1.0
3893,Person_850,Group_2,Item_2,Threshold_4,1.0
3894,Person_851,Group_2,Item_2,Threshold_4,1.0
3895,Person_852,Group_1,Item_2,Threshold_4,0.0
3896,Person_863,Group_1,Item_2,Threshold_4,0.0
3897,Person_872,Group_1,Item_2,Threshold_4,1.0
3898,Person_879,Group_2,Item_2,Threshold_4,0.0
3899,Person_887,Group_2,Item_2,Threshold_4,0.0
3900,Person_888,Group_2,Item_2,Threshold_4,1.0
3901,Person_890,Group_1,Item_2,Threshold_4,1.0
3902,Person_894,Group_1,Item_2,Threshold_4,1.0
3903,Person_895,Group_2,Item_2,Threshold_4,1.0
3904,Person_898,Group_2,Item_2,Threshold_4,1.0
3905,Person_899,Group_2,Item_2,Threshold_4,1.0
3906,Person_904,Group_1,Item_2,Threshold_4,1.0
3907,Person_909,Group_2,Item_2,Threshold_4,1.0
3908,Person_910,Group_1,Item_2,Threshold_4,1.0
3909,Person_915,Group_1,Item_2,Threshold_4,0.0
3910,Person_916,Group_1,Item_2,Threshold_4,1.0
3911,Person_917,Group_2,Item_2,Threshold_4,0.0
3912,Person_922,Group_1,Item_2,Threshold_4,1.0
3913,Person_937,Group_2,Item_2,Threshold_4,0.0
3914,Person_939,Group_2,Item_2,Threshold_4,1.0
3915,Person_941,Group_2,Item_2,Threshold_4,1.0
3916,Person_943,Group_2,Item_2,Threshold_4,1.0
3917,Person_945,Group_1,Item_2,Threshold_4,1.0
3918,Person_958,Group_1,Item_2,Threshold_4,1.0
3919,Person_960,Group_2,Item_2,Threshold_4,1.0
3920,Person_962,Group_1,Item_2,Threshold_4,0.0
3921,Person_965,Group_2,Item_2,Threshold_4,0.0
3922,Person_966,Group_1,Item_2,Threshold_4,1.0
3923,Person_972,Group_1,Item_2,Threshold_4,0.0
3924,Person_975,Group_1,Item_2,Threshold_4,1.0
3925,Person_976,Group_2,Item_2,Threshold_4,1.0
3926,Person_977,Group_2,Item_2,Threshold_4,1.0
3927,Person_980,Group_1,Item_2,Threshold_4,1.0
3928,Person_982,Group_1,Item_2,Threshold_4,0.0
3929,Person_985,Group_1,Item_2,Threshold_4,1.0
3930,Person_988,Group_2,Item_2,Threshold_4,1.0
3931,Person_991,Group_2,Item_2,Threshold_4,0.0
3932,Person_994,Group_2,Item_2,Threshold_4,1.0
3933,Person_996,Group_2,Item_2,Threshold_4,0.0
3934,Person_999,Group_1,Item_2,Threshold_4,0.0
3935,Person_1000,Group_1,Item_2,Threshold_4,1.0
3936,Person_1005,Group_1,Item_2,Threshold_4,1.0
3937,Person_1007,Group_1,Item_2,Threshold_4,1.0
3938,Person_1009,Group_2,Item_2,Threshold_4,0.0
3939,Person_1015,Group_1,Item_2,Threshold_4,1.0
3940,Person_1023,Group_1,Item_2,Threshold_4,0.0
3941,Person_1030,Group_2,Item_2,Threshold_4,1.0
3942,Person_1031,Group_2,Item_2,Threshold_4,1.0
3943,Person_1034,Group_2,Item_2,Threshold_4,1.0
3944,Person_1036,Group_2,Item_2,Threshold_4,0.0
3945,Person_1038,Group_2,Item_2,Threshold_4,0.0
3946,Person_1041,Group_1,Item_2,Threshold_4,1.0
3947,Person_1046,Group_2,Item_2,Threshold_4,0.0
3948,Person_1049,Group_1,Item_2,Threshold_4,0.0
3949,Person_1051,Group_1,Item_2,Threshold_4,1.0
3950,Person_1053,Group_1,Item_2,Threshold_4,1.0
3951,Person_1063,Group_1,Item_2,Threshold_4,0.0
3952,Person_1068,Group_1,Item_2,Threshold_4,1.0
3953,Person_1075,Group_2,Item_2,Threshold_4,0.0
3954,Person_1079,Group_2,Item_2,Threshold_4,1.0
3955,Person_1085,Group_2,Item_2,Threshold_4,1.0
3956,Person_1090,Group_1,Item_2,Threshold_4,1.0
3957,Person_1095,Group_1,Item_2,Threshold_4,1.0
3958,Person_1103,Group_2,Item_2,Threshold_4,1.0
3959,Person_1104,Group_1,Item_2,Threshold_4,0.0
3960,Person_1108,Group_2,Item_2,Threshold_4,1.0
3961,Person_1113,Group_1,Item_2,Threshold_4,0.0
3962,Person_1115,Group_2,Item_2,Threshold_4,1.0
3963,Person_1118,Group_1,Item_2,Threshold_4,1.0
3964,Person_1119,Group_2,Item_2,Threshold_4,0.0
3965,Person_1126,Group_1,Item_2,Threshold_4,1.0
3966,Person_1128,Group_2,Item_2,Threshold_4,1.0
3967,Person_1130,Group_2,Item_2,Threshold_4,0.0
3968,Person_1133,Group_1,Item_2,Threshold_4,1.0
3969,Person_1134,Group_1,Item_2,Threshold_4,1.0
3970,Person_1146,Group_1,Item_2,Threshold_4,1.0
3971,Person_1147,Group_1,Item_2,Threshold_4,0.0
3972,Person_1151,Group_2,Item_2,Threshold_4,0.0
3973,Person_1152,Group_1,Item_2,Threshold_4,1.0
3974,Person_1162,Group_2,Item_2,Threshold_4,1.0
3975,Person_1166,Group_2,Item_2,Threshold_4,1.0
3976,Person_1172,Group_2,Item_2,Threshold_4,1.0
3977,Person_1173,Group_1,Item_2,Threshold_4,0.0
3978,Person_1179,Group_1,Item_2,Threshold_4,0.0
3979,Person_1183,Group_2,Item_2,Threshold_4,1.0
3980,Person_1184,Group_1,Item_2,Threshold_4,1.0
3981,Person_1187,Group_1,Item_2,Threshold_4,1.0
3982,Person_1191,Group_1,Item_2,Threshold_4,1.0
3983,Person_1193,Group_2,Item_2,Threshold_4,0.0
3984,Person_1197,Group_2,Item_2,Threshold_4,0.0
3985,Person_1199,Group_2,Item_2,Threshold_4,0.0
3986,Person_1200,Group_2,Item_2,Threshold_4,1.0
3987,Person_1202,Group_1,Item_2,Threshold_4,1.0
3988,Person_1204,Group_1,Item_2,Threshold_4,1.0
3989,Person_1205,Group_2,Item_2,Threshold_4,1.0
3990,Person_1208,Group_1,Item_2,Threshold_4,0.0
3991,Person_1210,Group_1,Item_2,Threshold_4,1.0
3992,Person_1211,Group_1,Item_2,Threshold_4,0.0
3993,Person_1213,Group_1,Item_2,Threshold_4,0.0
3994,Person_1214,Group_1,Item_2,Threshold_4,1.0
3995,Person_1216,Group_1,Item_2,Threshold_4,0.0
3996,Person_1218,Group_1,Item_2,Threshold_4,1.0
3997,Person_1221,Group_2,Item_2,Threshold_4,1.0
3998,Person_1222,Group_2,Item_2,Threshold_4,1.0
3999,Person_1225,Group_1,Item_2,Threshold_4,1.0
4000,Person_1226,Group_2,Item_2,Threshold_4,0.0
4001,Person_1227,Group_2,Item_2,Threshold_4,1.0
4002,Person_1230,Group_2,Item_2,Threshold_4,1.0
4003,Person_1234,Group_1,Item_2,Threshold_4,1.0
4004,Person_1236,Group_1,Item_2,Threshold_4,1.0
4005,Person_1240,Group_2,Item_2,Threshold_4,0.0
4006,Person_1249,Group_1,Item_2,Threshold_4,1.0
4007,Person_1253,Group_2,Item_2,Threshold_4,1.0
4008,Person_1261,Group_2,Item_2,Threshold_4,0.0
4009,Person_1271,Group_1,Item_2,Threshold_4,0.0
4010,Person_1272,Group_2,Item_2,Threshold_4,1.0
4011,Person_1282,Group_2,Item_2,Threshold_4,1.0
4012,Person_1288,Group_1,Item_2,Threshold_4,0.0
4013,Person_1289,Group_2,Item_2,Threshold_4,1.0
4014,Person_1293,Group_2,Item_2,Threshold_4,0.0
4015,Person_1297,Group_1,Item_2,Threshold_4,1.0
4016,Person_1302,Group_2,Item_2,Threshold_4,0.0
4017,Person_1306,Group_2,Item_2,Threshold_4,0.0
4018,Person_1309,Group_2,Item_2,Threshold_4,1.0
4019,Person_1316,Group_2,Item_2,Threshold_4,1.0
4020,Person_1319,Group_2,Item_2,Threshold_4,1.0
4021,Person_1330,Group_2,Item_2,Threshold_4,0.0
4022,Person_1333,Group_2,Item_2,Threshold_4,1.0
4023,Person_1340,Group_1,Item_2,Threshold_4,1.0
4024,Person_1347,Group_1,Item_2,Threshold_4,1.0
4025,Person_1352,Group_2,Item_2,Threshold_4,0.0
4026,Person_1354,Group_2,Item_2,Threshold_4,0.0
4027,Person_1355,Group_2,Item_2,Threshold_4,1.0
4028,Person_1358,Group_1,Item_2,Threshold_4,1.0
4029,Person_1360,Group_2,Item_2,Threshold_4,1.0
4030,Person_1361,Group_1,Item_2,Threshold_4,1.0
4031,Person_1363,Group_2,Item_2,Threshold_4,1.0
4032,Person_1364,Group_2,Item_2,Threshold_4,0.0
4033,Person_1372,Group_2,Item_2,Threshold_4,0.0
4034,Person_1373,Group_2,Item_2,Threshold_4,0.0
4035,Person_1376,Group_1,Item_2,Threshold_4,1.0
4036,Person_1378,Group_2,Item_2,Threshold_4,1.0
4037,Person_1384,Group_2,Item_2,Threshold_4,1.0
4038,Person_1385,Group_1,Item_2,Threshold_4,1.0
4039,Person_1386,Group_2,Item_2,Threshold_4,1.0
4040,Person_1391,Group_2,Item_2,Threshold_4,1.0
4041,Person_1398,Group_2,Item_2,Threshold_4,1.0
4042,Person_1399,Group_1,Item_2,Threshold_4,0.0
4043,Person_1401,Group_2,Item_2,Threshold_4,1.0
4044,Person_1408,Group_2,Item_2,Threshold_4,0.0
4045,Person_1413,Group_2,Item_2,Threshold_4,1.0
4046,Person_1414,Group_2,Item_2,Threshold_4,0.0
4047,Person_1425,Group_1,Item_2,Threshold_4,0.0
4048,Person_1428,Group_1,Item_2,Threshold_4,0.0
4049,Person_1435,Group_2,Item_2,Threshold_4,1.0
4050,Person_1441,Group_1,Item_2,Threshold_4,1.0
4051,Person_1450,Group_2,Item_2,Threshold_4,0.0
4052,Person_1452,Group_2,Item_2,Threshold_4,1.0
4053,Person_1455,Group_2,Item_2,Threshold_4,0.0
4054,Person_1458,Group_2,Item_2,Threshold_4,1.0
4055,Person_1472,Group_1,Item_2,Threshold_4,1.0
4056,Person_1474,Group_1,Item_2,Threshold_4,0.0
4057,Person_1480,Group_2,Item_2,Threshold_4,1.0
4058,Person_1481,Group_2,Item_2,Threshold_4,1.0
4059,Person_1482,Group_1,Item_2,Threshold_4,1.0
4060,Person_1491,Group_2,Item_2,Threshold_4,0.0
4061,Person_1496,Group_1,Item_2,Threshold_4,0.0
4062,Person_1498,Group_2,Item_2,Threshold_4,1.0
4063,Person_1504,Group_2,Item_2,Threshold_4,0.0
4064,Person_1506,Group_2,Item_2,Threshold_4,0.0
4065,Person_1511,Group_2,Item_2,Threshold_4,0.0
4066,Person_1512,Group_2,Item_2,Threshold_4,0.0
4067,Person_1516,Group_1,Item_2,Threshold_4,1.0
4068,Person_1520,Group_1,Item_2,Threshold_4,0.0
4069,Person_1522,Group_2,Item_2,Threshold_4,0.0
4070,Person_1523,Group_1,Item_2,Threshold_4,1.0
4071,Person_1524,Group_2,Item_2,Threshold_4,1.0
4072,Person_1526,Group_1,Item_2,Threshold_4,1.0
4073,Person_1533,Group_1,Item_2,Threshold_4,0.0
4074,Person_1538,Group_1,Item_2,Threshold_4,0.0
4075,Person_1541,Group_1,Item_2,Threshold_4,0.0
4076,Person_1543,Group_1,Item_2,Threshold_4,1.0
4077,Person_1547,Group_1,Item_2,Threshold_4,1.0
4078,Person_1554,Group_2,Item_2,Threshold_4,0.0
4079,Person_1562,Group_1,Item_2,Threshold_4,0.0
4080,Person_1564,Group_1,Item_2,Threshold_4,1.0
4081,Person_1568,Group_2,Item_2,Threshold_4,0.0
4082,Person_1572,Group_1,Item_2,Threshold_4,0.0
4083,Person_1576,Group_2,Item_2,Threshold_4,0.0
4084,Person_1577,Group_1,Item_2,Threshold_4,1.0
4085,Person_1580,Group_2,Item_2,Threshold_4,0.0
4086,Person_1585,Group_1,Item_2,Threshold_4,0.0
4087,Person_1590,Group_2,Item_2,Threshold_4,1.0
4088,Person_1595,Group_2,Item_2,Threshold_4,1.0
4089,Person_1596,Group_2,Item_2,Threshold_4,1.0
4090,Person_1597,Group_1,Item_2,Threshold_4,1.0
4091,Person_1601,Group_2,Item_2,Threshold_4,1.0
4092,Person_1604,Group_2,Item_2,Threshold_4,1.0
4093,Person_1612,Group_1,Item_2,Threshold_4,1.0
4094,Person_1614,Group_2,Item_2,Threshold_4,1.0
4095,Person_1630,Group_1,Item_2,Threshold_4,0.0
4096,Person_1637,Group_1,Item_2,Threshold_4,1.0
4097,Person_1638,Group_2,Item_2,Threshold_4,0.0
4098,Person_2,Group_2,Item_2,Threshold_5,1.0
4099,Person_5,Group_1,Item_2,Threshold_5,1.0
4100,Person_6,Group_1,Item_2,Threshold_5,1.0
4101,Person_9,Group_2,Item_2,Threshold_5,0.0
4102,Person_10,Group_2,Item_2,Threshold_5,1.0
4103,Person_11,Group_2,Item_2,Threshold_5,1.0
4104,Person_12,Group_2,Item_2,Threshold_5,1.0
4105,Person_17,Group_2,Item_2,Threshold_5,0.0
4106,Person_20,Group_1,Item_2,Threshold_5,1.0
4107,Person_21,Group_1,Item_2,Threshold_5,1.0
4108,Person_23,Group_1,Item_2,Threshold_5,0.0
4109,Person_24,Group_2,Item_2,Threshold_5,1.0
4110,Person_29,Group_1,Item_2,Threshold_5,0.0
4111,Person_32,Group_1,Item_2,Threshold_5,1.0
4112,Person_37,Group_1,Item_2,Threshold_5,1.0
4113,Person_42,Group_1,Item_2,Threshold_5,1.0
4114,Person_43,Group_2,Item_2,Threshold_5,0.0
4115,Person_45,Group_2,Item_2,Threshold_5,1.0
4116,Person_46,Group_1,Item_2,Threshold_5,0.0
4117,Person_47,Group_2,Item_2,Threshold_5,1.0
4118,Person_48,Group_1,Item_2,Threshold_5,1.0
4119,Person_50,Group_1,Item_2,Threshold_5,0.0
4120,Person_51,Group_2,Item_2,Threshold_5,1.0
4121,Person_53,Group_2,Item_2,Threshold_5,1.0
4122,Person_56,Group_1,Item_2,Threshold_5,0.0
4123,Person_57,Group_2,Item_2,Threshold_5,0.0
4124,Person_60,Group_2,Item_2,Threshold_5,1.0
4125,Person_61,Group_1,Item_2,Threshold_5,0.0
4126,Person_63,Group_2,Item_2,Threshold_5,1.0
4127,Person_65,Group_2,Item_2,Threshold_5,0.0
4128,Person_67,Group_1,Item_2,Threshold_5,1.0
4129,Person_69,Group_2,Item_2,Threshold_5,1.0
4130,Person_71,Group_2,Item_2,Threshold_5,0.0
4131,Person_75,Group_1,Item_2,Threshold_5,1.0
4132,Person_76,Group_2,Item_2,Threshold_5,1.0
4133,Person_77,Group_2,Item_2,Threshold_5,1.0
4134,Person_79,Group_2,Item_2,Threshold_5,0.0
4135,Person_80,Group_1,Item_2,Threshold_5,1.0
4136,Person_83,Group_2,Item_2,Threshold_5,1.0
4137,Person_84,Group_2,Item_2,Threshold_5,1.0
4138,Person_85,Group_2,Item_2,Threshold_5,0.0
4139,Person_86,Group_2,Item_2,Threshold_5,1.0
4140,Person_88,Group_1,Item_2,Threshold_5,1.0
4141,Person_89,Group_1,Item_2,Threshold_5,1.0
4142,Person_90,Group_1,Item_2,Threshold_5,1.0
4143,Person_91,Group_2,Item_2,Threshold_5,0.0
4144,Person_92,Group_2,Item_2,Threshold_5,0.0
4145,Person_93,Group_2,Item_2,Threshold_5,0.0
4146,Person_94,Group_2,Item_2,Threshold_5,1.0
4147,Person_95,Group_1,Item_2,Threshold_5,1.0
4148,Person_96,Group_1,Item_2,Threshold_5,0.0
4149,Person_99,Group_2,Item_2,Threshold_5,1.0
4150,Person_100,Group_2,Item_2,Threshold_5,1.0
4151,Person_102,Group_2,Item_2,Threshold_5,1.0
4152,Person_103,Group_2,Item_2,Threshold_5,0.0
4153,Person_106,Group_2,Item_2,Threshold_5,1.0
4154,Person_109,Group_2,Item_2,Threshold_5,1.0
4155,Person_111,Group_2,Item_2,Threshold_5,1.0
4156,Person_112,Group_1,Item_2,Threshold_5,1.0
4157,Person_113,Group_1,Item_2,Threshold_5,1.0
4158,Person_115,Group_2,Item_2,Threshold_5,0.0
4159,Person_118,Group_2,Item_2,Threshold_5,1.0
4160,Person_119,Group_1,Item_2,Threshold_5,1.0
4161,Person_123,Group_1,Item_2,Threshold_5,1.0
4162,Person_124,Group_2,Item_2,Threshold_5,1.0
4163,Person_125,Group_1,Item_2,Threshold_5,0.0
4164,Person_129,Group_1,Item_2,Threshold_5,1.0
4165,Person_131,Group_2,Item_2,Threshold_5,1.0
4166,Person_132,Group_1,Item_2,Threshold_5,0.0
4167,Person_133,Group_2,Item_2,Threshold_5,1.0
4168,Person_134,Group_1,Item_2,Threshold_5,1.0
4169,Person_135,Group_2,Item_2,Threshold_5,1.0
4170,Person_136,Group_1,Item_2,Threshold_5,1.0
4171,Person_138,Group_1,Item_2,Threshold_5,0.0
4172,Person_139,Group_2,Item_2,Threshold_5,1.0
4173,Person_141,Group_1,Item_2,Threshold_5,1.0
4174,Person_144,Group_1,Item_2,Threshold_5,1.0
4175,Person_145,Group_2,Item_2,Threshold_5,1.0
4176,Person_147,Group_1,Item_2,Threshold_5,1.0
4177,Person_148,Group_2,Item_2,Threshold_5,1.0
4178,Person_149,Group_2,Item_2,Threshold_5,1.0
4179,Person_150,Group_1,Item_2,Threshold_5,1.0
4180,Person_151,Group_1,Item_2,Threshold_5,1.0
4181,Person_152,Group_1,Item_2,Threshold_5,1.0
4182,Person_155,Group_1,Item_2,Threshold_5,0.0
4183,Person_160,Group_1,Item_2,Threshold_5,1.0
4184,Person_162,Group_1,Item_2,Threshold_5,0.0
4185,Person_167,Group_2,Item_2,Threshold_5,1.0
4186,Person_168,Group_1,Item_2,Threshold_5,0.0
4187,Person_173,Group_2,Item_2,Threshold_5,1.0
4188,Person_175,Group_1,Item_2,Threshold_5,1.0
4189,Person_176,Group_2,Item_2,Threshold_5,1.0
4190,Person_182,Group_1,Item_2,Threshold_5,0.0
4191,Person_186,Group_1,Item_2,Threshold_5,1.0
4192,Person_195,Group_1,Item_2,Threshold_5,1.0
4193,Person_196,Group_2,Item_2,Threshold_5,1.0
4194,Person_197,Group_1,Item_2,Threshold_5,0.0
4195,Person_200,Group_2,Item_2,Threshold_5,1.0
4196,Person_201,Group_2,Item_2,Threshold_5,0.0
4197,Person_204,Group_1,Item_2,Threshold_5,0.0
4198,Person_206,Group_2,Item_2,Threshold_5,1.0
4199,Person_208,Group_1,Item_2,Threshold_5,1.0
4200,Person_209,Group_1,Item_2,Threshold_5,1.0
4201,Person_210,Group_2,Item_2,Threshold_5,0.0
4202,Person_211,Group_2,Item_2,Threshold_5,1.0
4203,Person_212,Group_1,Item_2,Threshold_5,1.0
4204,Person_213,Group_2,Item_2,Threshold_5,1.0
4205,Person_215,Group_2,Item_2,Threshold_5,1.0
4206,Person_216,Group_1,Item_2,Threshold_5,0.0
4207,Person_219,Group_2,Item_2,Threshold_5,0.0
4208,Person_220,Group_2,Item_2,Threshold_5,1.0
4209,Person_221,Group_2,Item_2,Threshold_5,1.0
4210,Person_222,Group_1,Item_2,Threshold_5,1.0
4211,Person_224,Group_1,Item_2,Threshold_5,1.0
4212,Person_227,Group_2,Item_2,Threshold_5,1.0
4213,Person_233,Group_2,Item_2,Threshold_5,0.0
4214,Person_234,Group_1,Item_2,Threshold_5,1.0
4215,Person_235,Group_2,Item_2,Threshold_5,1.0
4216,Person_237,Group_1,Item_2,Threshold_5,1.0
4217,Person_238,Group_2,Item_2,Threshold_5,1.0
4218,Person_239,Group_2,Item_2,Threshold_5,1.0
4219,Person_240,Group_2,Item_2,Threshold_5,1.0
4220,Person_242,Group_2,Item_2,Threshold_5,0.0
4221,Person_244,Group_2,Item_2,Threshold_5,1.0
4222,Person_245,Group_1,Item_2,Threshold_5,1.0
4223,Person_247,Group_2,Item_2,Threshold_5,1.0
4224,Person_248,Group_2,Item_2,Threshold_5,1.0
4225,Person_249,Group_1,Item_2,Threshold_5,0.0
4226,Person_252,Group_1,Item_2,Threshold_5,1.0
4227,Person_253,Group_1,Item_2,Threshold_5,1.0
4228,Person_254,Group_2,Item_2,Threshold_5,1.0
4229,Person_255,Group_1,Item_2,Threshold_5,1.0
4230,Person_257,Group_2,Item_2,Threshold_5,0.0
4231,Person_259,Group_1,Item_2,Threshold_5,1.0
4232,Person_260,Group_2,Item_2,Threshold_5,1.0
4233,Person_262,Group_2,Item_2,Threshold_5,1.0
4234,Person_264,Group_1,Item_2,Threshold_5,0.0
4235,Person_266,Group_1,Item_2,Threshold_5,1.0
4236,Person_267,Group_1,Item_2,Threshold_5,1.0
4237,Person_270,Group_1,Item_2,Threshold_5,1.0
4238,Person_272,Group_2,Item_2,Threshold_5,0.0
4239,Person_273,Group_1,Item_2,Threshold_5,0.0
4240,Person_274,Group_2,Item_2,Threshold_5,0.0
4241,Person_276,Group_1,Item_2,Threshold_5,1.0
4242,Person_277,Group_1,Item_2,Threshold_5,1.0
4243,Person_278,Group_1,Item_2,Threshold_5,0.0
4244,Person_279,Group_1,Item_2,Threshold_5,1.0
4245,Person_282,Group_1,Item_2,Threshold_5,1.0
4246,Person_284,Group_2,Item_2,Threshold_5,1.0
4247,Person_286,Group_1,Item_2,Threshold_5,0.0
4248,Person_287,Group_2,Item_2,Threshold_5,0.0
4249,Person_289,Group_2,Item_2,Threshold_5,0.0
4250,Person_290,Group_2,Item_2,Threshold_5,1.0
4251,Person_291,Group_1,Item_2,Threshold_5,0.0
4252,Person_292,Group_1,Item_2,Threshold_5,1.0
4253,Person_296,Group_2,Item_2,Threshold_5,1.0
4254,Person_298,Group_2,Item_2,Threshold_5,1.0
4255,Person_299,Group_2,Item_2,Threshold_5,1.0
4256,Person_300,Group_2,Item_2,Threshold_5,1.0
4257,Person_301,Group_1,Item_2,Threshold_5,0.0
4258,Person_302,Group_2,Item_2,Threshold_5,0.0
4259,Person_303,Group_2,Item_2,Threshold_5,0.0
4260,Person_304,Group_2,Item_2,Threshold_5,0.0
4261,Person_306,Group_1,Item_2,Threshold_5,1.0
4262,Person_310,Group_2,Item_2,Threshold_5,1.0
4263,Person_311,Group_2,Item_2,Threshold_5,0.0
4264,Person_314,Group_2,Item_2,Threshold_5,1.0
4265,Person_315,Group_2,Item_2,Threshold_5,0.0
4266,Person_316,Group_2,Item_2,Threshold_5,1.0
4267,Person_324,Group_2,Item_2,Threshold_5,1.0
4268,Person_326,Group_1,Item_2,Threshold_5,1.0
4269,Person_327,Group_1,Item_2,Threshold_5,0.0
4270,Person_329,Group_1,Item_2,Threshold_5,0.0
4271,Person_330,Group_2,Item_2,Threshold_5,0.0
4272,Person_332,Group_1,Item_2,Threshold_5,0.0
4273,Person_333,Group_2,Item_2,Threshold_5,0.0
4274,Person_335,Group_1,Item_2,Threshold_5,1.0
4275,Person_336,Group_2,Item_2,Threshold_5,0.0
4276,Person_339,Group_1,Item_2,Threshold_5,1.0
4277,Person_341,Group_2,Item_2,Threshold_5,1.0
4278,Person_343,Group_1,Item_2,Threshold_5,1.0
4279,Person_345,Group_2,Item_2,Threshold_5,1.0
4280,Person_346,Group_1,Item_2,Threshold_5,1.0
4281,Person_347,Group_1,Item_2,Threshold_5,1.0
4282,Person_353,Group_1,Item_2,Threshold_5,0.0
4283,Person_354,Group_1,Item_2,Threshold_5,1.0
4284,Person_355,Group_1,Item_2,Threshold_5,1.0
4285,Person_357,Group_1,Item_2,Threshold_5,0.0
4286,Person_359,Group_2,Item_2,Threshold_5,0.0
4287,Person_364,Group_1,Item_2,Threshold_5,1.0
4288,Person_366,Group_2,Item_2,Threshold_5,1.0
4289,Person_368,Group_2,Item_2,Threshold_5,0.0
4290,Person_371,Group_1,Item_2,Threshold_5,0.0
4291,Person_372,Group_1,Item_2,Threshold_5,0.0
4292,Person_373,Group_2,Item_2,Threshold_5,1.0
4293,Person_376,Group_2,Item_2,Threshold_5,0.0
4294,Person_380,Group_2,Item_2,Threshold_5,1.0
4295,Person_381,Group_1,Item_2,Threshold_5,1.0
4296,Person_382,Group_1,Item_2,Threshold_5,0.0
4297,Person_385,Group_1,Item_2,Threshold_5,1.0
4298,Person_386,Group_2,Item_2,Threshold_5,1.0
4299,Person_387,Group_1,Item_2,Threshold_5,1.0
4300,Person_395,Group_2,Item_2,Threshold_5,0.0
4301,Person_397,Group_2,Item_2,Threshold_5,1.0
4302,Person_400,Group_2,Item_2,Threshold_5,0.0
4303,Person_403,Group_1,Item_2,Threshold_5,0.0
4304,Person_404,Group_2,Item_2,Threshold_5,0.0
4305,Person_406,Group_2,Item_2,Threshold_5,1.0
4306,Person_407,Group_1,Item_2,Threshold_5,1.0
4307,Person_408,Group_1,Item_2,Threshold_5,1.0
4308,Person_410,Group_2,Item_2,Threshold_5,1.0
4309,Person_411,Group_2,Item_2,Threshold_5,1.0
4310,Person_413,Group_2,Item_2,Threshold_5,1.0
4311,Person_416,Group_1,Item_2,Threshold_5,1.0
4312,Person_417,Group_2,Item_2,Threshold_5,1.0
4313,Person_418,Group_1,Item_2,Threshold_5,1.0
4314,Person_422,Group_2,Item_2,Threshold_5,1.0
4315,Person_423,Group_1,Item_2,Threshold_5,0.0
4316,Person_425,Group_2,Item_2,Threshold_5,0.0
4317,Person_427,Group_1,Item_2,Threshold_5,1.0
4318,Person_429,Group_2,Item_2,Threshold_5,1.0
4319,Person_433,Group_1,Item_2,Threshold_5,0.0
4320,Person_434,Group_1,Item_2,Threshold_5,0.0
4321,Person_435,Group_2,Item_2,Threshold_5,0.0
4322,Person_437,Group_2,Item_2,Threshold_5,1.0
4323,Person_439,Group_1,Item_2,Threshold_5,1.0
4324,Person_440,Group_2,Item_2,Threshold_5,1.0
4325,Person_442,Group_2,Item_2,Threshold_5,1.0
4326,Person_443,Group_1,Item_2,Threshold_5,0.0
4327,Person_445,Group_2,Item_2,Threshold_5,1.0
4328,Person_451,Group_1,Item_2,Threshold_5,1.0
4329,Person_452,Group_2,Item_2,Threshold_5,0.0
4330,Person_454,Group_2,Item_2,Threshold_5,1.0
4331,Person_456,Group_2,Item_2,Threshold_5,0.0
4332,Person_459,Group_2,Item_2,Threshold_5,1.0
4333,Person_461,Group_2,Item_2,Threshold_5,1.0
4334,Person_462,Group_1,Item_2,Threshold_5,1.0
4335,Person_464,Group_1,Item_2,Threshold_5,0.0
4336,Person_465,Group_2,Item_2,Threshold_5,0.0
4337,Person_466,Group_1,Item_2,Threshold_5,1.0
4338,Person_467,Group_1,Item_2,Threshold_5,0.0
4339,Person_469,Group_1,Item_2,Threshold_5,1.0
4340,Person_471,Group_1,Item_2,Threshold_5,1.0
4341,Person_472,Group_2,Item_2,Threshold_5,1.0
4342,Person_476,Group_1,Item_2,Threshold_5,1.0
4343,Person_477,Group_2,Item_2,Threshold_5,1.0
4344,Person_479,Group_2,Item_2,Threshold_5,1.0
4345,Person_482,Group_2,Item_2,Threshold_5,1.0
4346,Person_483,Group_1,Item_2,Threshold_5,1.0
4347,Person_484,Group_1,Item_2,Threshold_5,0.0
4348,Person_486,Group_1,Item_2,Threshold_5,1.0
4349,Person_490,Group_2,Item_2,Threshold_5,1.0
4350,Person_493,Group_2,Item_2,Threshold_5,1.0
4351,Person_496,Group_1,Item_2,Threshold_5,0.0
4352,Person_497,Group_1,Item_2,Threshold_5,0.0
4353,Person_498,Group_1,Item_2,Threshold_5,1.0
4354,Person_502,Group_2,Item_2,Threshold_5,1.0
4355,Person_503,Group_1,Item_2,Threshold_5,0.0
4356,Person_504,Group_2,Item_2,Threshold_5,0.0
4357,Person_505,Group_1,Item_2,Threshold_5,1.0
4358,Person_506,Group_2,Item_2,Threshold_5,1.0
4359,Person_510,Group_2,Item_2,Threshold_5,1.0
4360,Person_511,Group_2,Item_2,Threshold_5,0.0
4361,Person_512,Group_1,Item_2,Threshold_5,1.0
4362,Person_513,Group_2,Item_2,Threshold_5,1.0
4363,Person_515,Group_2,Item_2,Threshold_5,1.0
4364,Person_518,Group_1,Item_2,Threshold_5,0.0
4365,Person_519,Group_1,Item_2,Threshold_5,1.0
4366,Person_520,Group_2,Item_2,Threshold_5,0.0
4367,Person_521,Group_1,Item_2,Threshold_5,1.0
4368,Person_523,Group_2,Item_2,Threshold_5,0.0
4369,Person_526,Group_2,Item_2,Threshold_5,1.0
4370,Person_527,Group_1,Item_2,Threshold_5,0.0
4371,Person_530,Group_2,Item_2,Threshold_5,0.0
4372,Person_534,Group_1,Item_2,Threshold_5,0.0
4373,Person_535,Group_1,Item_2,Threshold_5,0.0
4374,Person_537,Group_2,Item_2,Threshold_5,1.0
4375,Person_541,Group_1,Item_2,Threshold_5,1.0
4376,Person_542,Group_1,Item_2,Threshold_5,1.0
4377,Person_544,Group_2,Item_2,Threshold_5,0.0
4378,Person_545,Group_2,Item_2,Threshold_5,0.0
4379,Person_546,Group_2,Item_2,Threshold_5,1.0
4380,Person_549,Group_1,Item_2,Threshold_5,1.0
4381,Person_554,Group_1,Item_2,Threshold_5,0.0
4382,Person_555,Group_2,Item_2,Threshold_5,1.0
4383,Person_556,Group_1,Item_2,Threshold_5,1.0
4384,Person_557,Group_1,Item_2,Threshold_5,1.0
4385,Person_558,Group_2,Item_2,Threshold_5,0.0
4386,Person_561,Group_2,Item_2,Threshold_5,0.0
4387,Person_563,Group_1,Item_2,Threshold_5,1.0
4388,Person_565,Group_1,Item_2,Threshold_5,1.0
4389,Person_567,Group_2,Item_2,Threshold_5,0.0
4390,Person_570,Group_2,Item_2,Threshold_5,0.0
4391,Person_572,Group_2,Item_2,Threshold_5,0.0
4392,Person_573,Group_1,Item_2,Threshold_5,0.0
4393,Person_574,Group_2,Item_2,Threshold_5,1.0
4394,Person_575,Group_2,Item_2,Threshold_5,1.0
4395,Person_576,Group_2,Item_2,Threshold_5,1.0
4396,Person_577,Group_1,Item_2,Threshold_5,1.0
4397,Person_580,Group_1,Item_2,Threshold_5,1.0
4398,Person_585,Group_2,Item_2,Threshold_5,1.0
4399,Person_589,Group_2,Item_2,Threshold_5,1.0
4400,Person_591,Group_1,Item_2,Threshold_5,1.0
4401,Person_592,Group_2,Item_2,Threshold_5,1.0
4402,Person_599,Group_1,Item_2,Threshold_5,1.0
4403,Person_600,Group_2,Item_2,Threshold_5,1.0
4404,Person_601,Group_1,Item_2,Threshold_5,1.0
4405,Person_602,Group_2,Item_2,Threshold_5,1.0
4406,Person_607,Group_2,Item_2,Threshold_5,1.0
4407,Person_611,Group_1,Item_2,Threshold_5,1.0
4408,Person_613,Group_2,Item_2,Threshold_5,1.0
4409,Person_614,Group_1,Item_2,Threshold_5,1.0
4410,Person_615,Group_2,Item_2,Threshold_5,1.0
4411,Person_616,Group_2,Item_2,Threshold_5,1.0
4412,Person_617,Group_1,Item_2,Threshold_5,1.0
4413,Person_619,Group_1,Item_2,Threshold_5,1.0
4414,Person_621,Group_1,Item_2,Threshold_5,1.0
4415,Person_623,Group_1,Item_2,Threshold_5,1.0
4416,Person_625,Group_2,Item_2,Threshold_5,0.0
4417,Person_628,Group_1,Item_2,Threshold_5,1.0
4418,Person_629,Group_2,Item_2,Threshold_5,1.0
4419,Person_630,Group_1,Item_2,Threshold_5,0.0
4420,Person_631,Group_2,Item_2,Threshold_5,0.0
4421,Person_632,Group_1,Item_2,Threshold_5,0.0
4422,Person_635,Group_1,Item_2,Threshold_5,1.0
4423,Person_636,Group_1,Item_2,Threshold_5,0.0
4424,Person_637,Group_2,Item_2,Threshold_5,0.0
4425,Person_639,Group_2,Item_2,Threshold_5,1.0
4426,Person_641,Group_2,Item_2,Threshold_5,1.0
4427,Person_643,Group_1,Item_2,Threshold_5,1.0
4428,Person_646,Group_1,Item_2,Threshold_5,0.0
4429,Person_649,Group_2,Item_2,Threshold_5,1.0
4430,Person_650,Group_2,Item_2,Threshold_5,1.0
4431,Person_651,Group_1,Item_2,Threshold_5,1.0
4432,Person_652,Group_1,Item_2,Threshold_5,1.0
4433,Person_653,Group_2,Item_2,Threshold_5,1.0
4434,Person_654,Group_2,Item_2,Threshold_5,1.0
4435,Person_658,Group_2,Item_2,Threshold_5,0.0
4436,Person_662,Group_1,Item_2,Threshold_5,1.0
4437,Person_664,Group_2,Item_2,Threshold_5,1.0
4438,Person_667,Group_1,Item_2,Threshold_5,0.0
4439,Person_671,Group_2,Item_2,Threshold_5,1.0
4440,Person_674,Group_1,Item_2,Threshold_5,0.0
4441,Person_676,Group_1,Item_2,Threshold_5,1.0
4442,Person_683,Group_1,Item_2,Threshold_5,0.0
4443,Person_684,Group_1,Item_2,Threshold_5,1.0
4444,Person_685,Group_2,Item_2,Threshold_5,1.0
4445,Person_686,Group_1,Item_2,Threshold_5,0.0
4446,Person_687,Group_1,Item_2,Threshold_5,1.0
4447,Person_689,Group_1,Item_2,Threshold_5,1.0
4448,Person_690,Group_1,Item_2,Threshold_5,0.0
4449,Person_691,Group_2,Item_2,Threshold_5,1.0
4450,Person_692,Group_1,Item_2,Threshold_5,1.0
4451,Person_693,Group_2,Item_2,Threshold_5,0.0
4452,Person_694,Group_1,Item_2,Threshold_5,1.0
4453,Person_696,Group_1,Item_2,Threshold_5,0.0
4454,Person_698,Group_1,Item_2,Threshold_5,1.0
4455,Person_705,Group_2,Item_2,Threshold_5,1.0
4456,Person_707,Group_2,Item_2,Threshold_5,1.0
4457,Person_708,Group_2,Item_2,Threshold_5,0.0
4458,Person_709,Group_1,Item_2,Threshold_5,1.0
4459,Person_710,Group_1,Item_2,Threshold_5,1.0
4460,Person_711,Group_1,Item_2,Threshold_5,1.0
4461,Person_713,Group_2,Item_2,Threshold_5,1.0
4462,Person_718,Group_1,Item_2,Threshold_5,0.0
4463,Person_723,Group_2,Item_2,Threshold_5,1.0
4464,Person_725,Group_1,Item_2,Threshold_5,1.0
4465,Person_731,Group_2,Item_2,Threshold_5,1.0
4466,Person_734,Group_1,Item_2,Threshold_5,0.0
4467,Person_735,Group_1,Item_2,Threshold_5,1.0
4468,Person_736,Group_1,Item_2,Threshold_5,1.0
4469,Person_737,Group_1,Item_2,Threshold_5,1.0
4470,Person_738,Group_1,Item_2,Threshold_5,1.0
4471,Person_739,Group_2,Item_2,Threshold_5,1.0
4472,Person_740,Group_2,Item_2,Threshold_5,0.0
4473,Person_741,Group_1,Item_2,Threshold_5,0.0
4474,Person_742,Group_1,Item_2,Threshold_5,1.0
4475,Person_743,Group_2,Item_2,Threshold_5,1.0
4476,Person_744,Group_1,Item_2,Threshold_5,0.0
4477,Person_746,Group_1,Item_2,Threshold_5,1.0
4478,Person_747,Group_1,Item_2,Threshold_5,1.0
4479,Person_748,Group_1,Item_2,Threshold_5,1.0
4480,Person_751,Group_2,Item_2,Threshold_5,1.0
4481,Person_757,Group_1,Item_2,Threshold_5,1.0
4482,Person_762,Group_1,Item_2,Threshold_5,1.0
4483,Person_763,Group_1,Item_2,Threshold_5,1.0
4484,Person_764,Group_2,Item_2,Threshold_5,1.0
4485,Person_765,Group_2,Item_2,Threshold_5,1.0
4486,Person_768,Group_2,Item_2,Threshold_5,0.0
4487,Person_771,Group_2,Item_2,Threshold_5,0.0
4488,Person_772,Group_2,Item_2,Threshold_5,0.0
4489,Person_773,Group_1,Item_2,Threshold_5,0.0
4490,Person_776,Group_1,Item_2,Threshold_5,1.0
4491,Person_777,Group_2,Item_2,Threshold_5,1.0
4492,Person_778,Group_1,Item_2,Threshold_5,0.0
4493,Person_781,Group_2,Item_2,Threshold_5,1.0
4494,Person_782,Group_1,Item_2,Threshold_5,1.0
4495,Person_784,Group_2,Item_2,Threshold_5,1.0
4496,Person_786,Group_1,Item_2,Threshold_5,1.0
4497,Person_791,Group_2,Item_2,Threshold_5,0.0
4498,Person_792,Group_2,Item_2,Threshold_5,1.0
4499,Person_795,Group_2,Item_2,Threshold_5,1.0
4500,Person_796,Group_2,Item_2,Threshold_5,1.0
4501,Person_797,Group_1,Item_2,Threshold_5,0.0
4502,Person_798,Group_1,Item_2,Threshold_5,0.0
4503,Person_800,Group_1,Item_2,Threshold_5,1.0
4504,Person_802,Group_1,Item_2,Threshold_5,1.0
4505,Person_804,Group_2,Item_2,Threshold_5,1.0
4506,Person_805,Group_2,Item_2,Threshold_5,1.0
4507,Person_806,Group_1,Item_2,Threshold_5,1.0
4508,Person_807,Group_2,Item_2,Threshold_5,1.0
4509,Person_809,Group_1,Item_2,Threshold_5,0.0
4510,Person_811,Group_2,Item_2,Threshold_5,1.0
4511,Person_814,Group_1,Item_2,Threshold_5,0.0
4512,Person_817,Group_1,Item_2,Threshold_5,1.0
4513,Person_818,Group_1,Item_2,Threshold_5,1.0
4514,Person_820,Group_1,Item_2,Threshold_5,0.0
4515,Person_821,Group_1,Item_2,Threshold_5,1.0
4516,Person_822,Group_2,Item_2,Threshold_5,0.0
4517,Person_823,Group_1,Item_2,Threshold_5,1.0
4518,Person_825,Group_2,Item_2,Threshold_5,1.0
4519,Person_828,Group_2,Item_2,Threshold_5,1.0
4520,Person_829,Group_1,Item_2,Threshold_5,1.0
4521,Person_830,Group_1,Item_2,Threshold_5,1.0
4522,Person_831,Group_1,Item_2,Threshold_5,0.0
4523,Person_834,Group_1,Item_2,Threshold_5,0.0
4524,Person_835,Group_2,Item_2,Threshold_5,0.0
4525,Person_840,Group_1,Item_2,Threshold_5,1.0
4526,Person_844,Group_2,Item_2,Threshold_5,1.0
4527,Person_845,Group_2,Item_2,Threshold_5,1.0
4528,Person_847,Group_1,Item_2,Threshold_5,0.0
4529,Person_848,Group_1,Item_2,Threshold_5,0.0
4530,Person_850,Group_2,Item_2,Threshold_5,0.0
4531,Person_851,Group_2,Item_2,Threshold_5,0.0
4532,Person_853,Group_2,Item_2,Threshold_5,1.0
4533,Person_854,Group_1,Item_2,Threshold_5,1.0
4534,Person_855,Group_2,Item_2,Threshold_5,1.0
4535,Person_860,Group_1,Item_2,Threshold_5,1.0
4536,Person_861,Group_1,Item_2,Threshold_5,1.0
4537,Person_864,Group_1,Item_2,Threshold_5,1.0
4538,Person_866,Group_1,Item_2,Threshold_5,1.0
4539,Person_870,Group_2,Item_2,Threshold_5,1.0
4540,Person_871,Group_1,Item_2,Threshold_5,1.0
4541,Person_872,Group_1,Item_2,Threshold_5,0.0
4542,Person_874,Group_1,Item_2,Threshold_5,1.0
4543,Person_876,Group_1,Item_2,Threshold_5,1.0
4544,Person_878,Group_1,Item_2,Threshold_5,1.0
4545,Person_884,Group_2,Item_2,Threshold_5,1.0
4546,Person_888,Group_2,Item_2,Threshold_5,0.0
4547,Person_889,Group_2,Item_2,Threshold_5,1.0
4548,Person_890,Group_2,Item_2,Threshold_5,0.0
4549,Person_892,Group_1,Item_2,Threshold_5,1.0
4550,Person_894,Group_1,Item_2,Threshold_5,0.0
4551,Person_895,Group_1,Item_2,Threshold_5,0.0
4552,Person_897,Group_2,Item_2,Threshold_5,1.0
4553,Person_898,Group_2,Item_2,Threshold_5,0.0
4554,Person_899,Group_2,Item_2,Threshold_5,0.0
4555,Person_900,Group_2,Item_2,Threshold_5,1.0
4556,Person_901,Group_1,Item_2,Threshold_5,1.0
4557,Person_902,Group_2,Item_2,Threshold_5,1.0
4558,Person_904,Group_2,Item_2,Threshold_5,0.0
4559,Person_905,Group_2,Item_2,Threshold_5,1.0
4560,Person_906,Group_2,Item_2,Threshold_5,1.0
4561,Person_909,Group_1,Item_2,Threshold_5,0.0
4562,Person_910,Group_1,Item_2,Threshold_5,0.0
4563,Person_911,Group_2,Item_2,Threshold_5,1.0
4564,Person_916,Group_1,Item_2,Threshold_5,0.0
4565,Person_919,Group_2,Item_2,Threshold_5,1.0
4566,Person_920,Group_1,Item_2,Threshold_5,1.0
4567,Person_921,Group_2,Item_2,Threshold_5,1.0
4568,Person_922,Group_1,Item_2,Threshold_5,0.0
4569,Person_926,Group_1,Item_2,Threshold_5,1.0
4570,Person_927,Group_1,Item_2,Threshold_5,1.0
4571,Person_929,Group_1,Item_2,Threshold_5,1.0
4572,Person_931,Group_1,Item_2,Threshold_5,1.0
4573,Person_933,Group_1,Item_2,Threshold_5,1.0
4574,Person_936,Group_1,Item_2,Threshold_5,1.0
4575,Person_938,Group_1,Item_2,Threshold_5,1.0
4576,Person_939,Group_2,Item_2,Threshold_5,0.0
4577,Person_941,Group_2,Item_2,Threshold_5,0.0
4578,Person_942,Group_2,Item_2,Threshold_5,1.0
4579,Person_943,Group_2,Item_2,Threshold_5,0.0
4580,Person_944,Group_2,Item_2,Threshold_5,1.0
4581,Person_945,Group_1,Item_2,Threshold_5,0.0
4582,Person_946,Group_2,Item_2,Threshold_5,1.0
4583,Person_948,Group_2,Item_2,Threshold_5,1.0
4584,Person_949,Group_1,Item_2,Threshold_5,1.0
4585,Person_952,Group_2,Item_2,Threshold_5,1.0
4586,Person_958,Group_2,Item_2,Threshold_5,0.0
4587,Person_960,Group_1,Item_2,Threshold_5,0.0
4588,Person_966,Group_1,Item_2,Threshold_5,0.0
4589,Person_968,Group_2,Item_2,Threshold_5,1.0
4590,Person_970,Group_1,Item_2,Threshold_5,1.0
4591,Person_971,Group_2,Item_2,Threshold_5,1.0
4592,Person_975,Group_1,Item_2,Threshold_5,0.0
4593,Person_976,Group_2,Item_2,Threshold_5,0.0
4594,Person_977,Group_1,Item_2,Threshold_5,0.0
4595,Person_979,Group_1,Item_2,Threshold_5,1.0
4596,Person_980,Group_2,Item_2,Threshold_5,0.0
4597,Person_981,Group_1,Item_2,Threshold_5,1.0
4598,Person_985,Group_1,Item_2,Threshold_5,0.0
4599,Person_987,Group_2,Item_2,Threshold_5,1.0
4600,Person_988,Group_2,Item_2,Threshold_5,0.0
4601,Person_989,Group_1,Item_2,Threshold_5,1.0
4602,Person_990,Group_1,Item_2,Threshold_5,1.0
4603,Person_993,Group_1,Item_2,Threshold_5,1.0
4604,Person_994,Group_1,Item_2,Threshold_5,0.0
4605,Person_995,Group_1,Item_2,Threshold_5,1.0
4606,Person_997,Group_1,Item_2,Threshold_5,1.0
4607,Person_1000,Group_1,Item_2,Threshold_5,0.0
4608,Person_1001,Group_2,Item_2,Threshold_5,1.0
4609,Person_1003,Group_2,Item_2,Threshold_5,1.0
4610,Person_1005,Group_2,Item_2,Threshold_5,0.0
4611,Person_1007,Group_1,Item_2,Threshold_5,0.0
4612,Person_1008,Group_1,Item_2,Threshold_5,1.0
4613,Person_1010,Group_1,Item_2,Threshold_5,1.0
4614,Person_1013,Group_2,Item_2,Threshold_5,1.0
4615,Person_1014,Group_2,Item_2,Threshold_5,1.0
4616,Person_1015,Group_1,Item_2,Threshold_5,0.0
4617,Person_1017,Group_2,Item_2,Threshold_5,1.0
4618,Person_1021,Group_1,Item_2,Threshold_5,1.0
4619,Person_1030,Group_1,Item_2,Threshold_5,0.0
4620,Person_1031,Group_1,Item_2,Threshold_5,0.0
4621,Person_1032,Group_2,Item_2,Threshold_5,1.0
4622,Person_1034,Group_2,Item_2,Threshold_5,0.0
4623,Person_1035,Group_1,Item_2,Threshold_5,1.0
4624,Person_1041,Group_2,Item_2,Threshold_5,0.0
4625,Person_1045,Group_2,Item_2,Threshold_5,1.0
4626,Person_1047,Group_2,Item_2,Threshold_5,1.0
4627,Person_1048,Group_2,Item_2,Threshold_5,1.0
4628,Person_1051,Group_1,Item_2,Threshold_5,0.0
4629,Person_1053,Group_2,Item_2,Threshold_5,0.0
4630,Person_1055,Group_2,Item_2,Threshold_5,1.0
4631,Person_1056,Group_2,Item_2,Threshold_5,1.0
4632,Person_1058,Group_1,Item_2,Threshold_5,1.0
4633,Person_1060,Group_1,Item_2,Threshold_5,1.0
4634,Person_1061,Group_1,Item_2,Threshold_5,1.0
4635,Person_1065,Group_2,Item_2,Threshold_5,1.0
4636,Person_1066,Group_2,Item_2,Threshold_5,1.0
4637,Person_1068,Group_2,Item_2,Threshold_5,0.0
4638,Person_1070,Group_1,Item_2,Threshold_5,1.0
4639,Person_1074,Group_1,Item_2,Threshold_5,1.0
4640,Person_1078,Group_2,Item_2,Threshold_5,1.0
4641,Person_1079,Group_2,Item_2,Threshold_5,0.0
4642,Person_1082,Group_2,Item_2,Threshold_5,1.0
4643,Person_1083,Group_1,Item_2,Threshold_5,1.0
4644,Person_1084,Group_1,Item_2,Threshold_5,1.0
4645,Person_1085,Group_1,Item_2,Threshold_5,0.0
4646,Person_1086,Group_2,Item_2,Threshold_5,1.0
4647,Person_1088,Group_2,Item_2,Threshold_5,1.0
4648,Person_1089,Group_1,Item_2,Threshold_5,1.0
4649,Person_1090,Group_2,Item_2,Threshold_5,0.0
4650,Person_1094,Group_2,Item_2,Threshold_5,1.0
4651,Person_1095,Group_1,Item_2,Threshold_5,0.0
4652,Person_1097,Group_2,Item_2,Threshold_5,1.0
4653,Person_1100,Group_2,Item_2,Threshold_5,1.0
4654,Person_1103,Group_1,Item_2,Threshold_5,0.0
4655,Person_1105,Group_2,Item_2,Threshold_5,1.0
4656,Person_1106,Group_1,Item_2,Threshold_5,1.0
4657,Person_1107,Group_1,Item_2,Threshold_5,1.0
4658,Person_1108,Group_1,Item_2,Threshold_5,0.0
4659,Person_1110,Group_2,Item_2,Threshold_5,1.0
4660,Person_1111,Group_1,Item_2,Threshold_5,1.0
4661,Person_1115,Group_2,Item_2,Threshold_5,0.0
4662,Person_1118,Group_2,Item_2,Threshold_5,0.0
4663,Person_1124,Group_2,Item_2,Threshold_5,1.0
4664,Person_1125,Group_1,Item_2,Threshold_5,1.0
4665,Person_1126,Group_2,Item_2,Threshold_5,0.0
4666,Person_1127,Group_1,Item_2,Threshold_5,1.0
4667,Person_1128,Group_1,Item_2,Threshold_5,0.0
4668,Person_1131,Group_2,Item_2,Threshold_5,1.0
4669,Person_1133,Group_1,Item_2,Threshold_5,0.0
4670,Person_1134,Group_2,Item_2,Threshold_5,0.0
4671,Person_1135,Group_1,Item_2,Threshold_5,1.0
4672,Person_1137,Group_2,Item_2,Threshold_5,1.0
4673,Person_1138,Group_1,Item_2,Threshold_5,1.0
4674,Person_1140,Group_2,Item_2,Threshold_5,1.0
4675,Person_1145,Group_2,Item_2,Threshold_5,1.0
4676,Person_1146,Group_1,Item_2,Threshold_5,0.0
4677,Person_1148,Group_1,Item_2,Threshold_5,1.0
4678,Person_1152,Group_1,Item_2,Threshold_5,0.0
4679,Person_1155,Group_1,Item_2,Threshold_5,1.0
4680,Person_1156,Group_1,Item_2,Threshold_5,1.0
4681,Person_1157,Group_2,Item_2,Threshold_5,1.0
4682,Person_1159,Group_1,Item_2,Threshold_5,1.0
4683,Person_1160,Group_1,Item_2,Threshold_5,1.0
4684,Person_1161,Group_1,Item_2,Threshold_5,1.0
4685,Person_1162,Group_1,Item_2,Threshold_5,0.0
4686,Person_1164,Group_1,Item_2,Threshold_5,1.0
4687,Person_1166,Group_1,Item_2,Threshold_5,0.0
4688,Person_1167,Group_1,Item_2,Threshold_5,1.0
4689,Person_1172,Group_2,Item_2,Threshold_5,0.0
4690,Person_1174,Group_2,Item_2,Threshold_5,1.0
4691,Person_1177,Group_1,Item_2,Threshold_5,1.0
4692,Person_1178,Group_2,Item_2,Threshold_5,1.0
4693,Person_1181,Group_2,Item_2,Threshold_5,1.0
4694,Person_1182,Group_2,Item_2,Threshold_5,1.0
4695,Person_1183,Group_2,Item_2,Threshold_5,0.0
4696,Person_1184,Group_1,Item_2,Threshold_5,0.0
4697,Person_1185,Group_1,Item_2,Threshold_5,1.0
4698,Person_1186,Group_1,Item_2,Threshold_5,1.0
4699,Person_1187,Group_2,Item_2,Threshold_5,0.0
4700,Person_1189,Group_1,Item_2,Threshold_5,1.0
4701,Person_1190,Group_2,Item_2,Threshold_5,1.0
4702,Person_1191,Group_2,Item_2,Threshold_5,0.0
4703,Person_1195,Group_1,Item_2,Threshold_5,1.0
4704,Person_1196,Group_1,Item_2,Threshold_5,1.0
4705,Person_1200,Group_1,Item_2,Threshold_5,0.0
4706,Person_1201,Group_2,Item_2,Threshold_5,1.0
4707,Person_1202,Group_2,Item_2,Threshold_5,0.0
4708,Person_1204,Group_1,Item_2,Threshold_5,0.0
4709,Person_1205,Group_1,Item_2,Threshold_5,0.0
4710,Person_1209,Group_2,Item_2,Threshold_5,1.0
4711,Person_1210,Group_2,Item_2,Threshold_5,0.0
4712,Person_1212,Group_2,Item_2,Threshold_5,1.0
4713,Person_1214,Group_2,Item_2,Threshold_5,0.0
4714,Person_1215,Group_1,Item_2,Threshold_5,1.0
4715,Person_1218,Group_2,Item_2,Threshold_5,0.0
4716,Person_1220,Group_1,Item_2,Threshold_5,1.0
4717,Person_1221,Group_1,Item_2,Threshold_5,0.0
4718,Person_1222,Group_2,Item_2,Threshold_5,0.0
4719,Person_1223,Group_2,Item_2,Threshold_5,1.0
4720,Person_1224,Group_1,Item_2,Threshold_5,1.0
4721,Person_1225,Group_2,Item_2,Threshold_5,0.0
4722,Person_1227,Group_1,Item_2,Threshold_5,0.0
4723,Person_1230,Group_2,Item_2,Threshold_5,0.0
4724,Person_1231,Group_1,Item_2,Threshold_5,1.0
4725,Person_1233,Group_1,Item_2,Threshold_5,1.0
4726,Person_1234,Group_1,Item_2,Threshold_5,0.0
4727,Person_1236,Group_1,Item_2,Threshold_5,0.0
4728,Person_1237,Group_2,Item_2,Threshold_5,1.0
4729,Person_1238,Group_1,Item_2,Threshold_5,1.0
4730,Person_1239,Group_2,Item_2,Threshold_5,1.0
4731,Person_1242,Group_1,Item_2,Threshold_5,1.0
4732,Person_1246,Group_2,Item_2,Threshold_5,1.0
4733,Person_1247,Group_2,Item_2,Threshold_5,1.0
4734,Person_1249,Group_1,Item_2,Threshold_5,0.0
4735,Person_1251,Group_2,Item_2,Threshold_5,1.0
4736,Person_1253,Group_1,Item_2,Threshold_5,0.0
4737,Person_1255,Group_2,Item_2,Threshold_5,1.0
4738,Person_1257,Group_1,Item_2,Threshold_5,1.0
4739,Person_1265,Group_1,Item_2,Threshold_5,1.0
4740,Person_1266,Group_1,Item_2,Threshold_5,1.0
4741,Person_1270,Group_2,Item_2,Threshold_5,1.0
4742,Person_1272,Group_1,Item_2,Threshold_5,0.0
4743,Person_1273,Group_1,Item_2,Threshold_5,1.0
4744,Person_1277,Group_1,Item_2,Threshold_5,1.0
4745,Person_1282,Group_1,Item_2,Threshold_5,0.0
4746,Person_1283,Group_1,Item_2,Threshold_5,1.0
4747,Person_1285,Group_1,Item_2,Threshold_5,1.0
4748,Person_1286,Group_2,Item_2,Threshold_5,1.0
4749,Person_1289,Group_2,Item_2,Threshold_5,0.0
4750,Person_1290,Group_2,Item_2,Threshold_5,1.0
4751,Person_1291,Group_2,Item_2,Threshold_5,1.0
4752,Person_1292,Group_1,Item_2,Threshold_5,1.0
4753,Person_1297,Group_1,Item_2,Threshold_5,0.0
4754,Person_1299,Group_1,Item_2,Threshold_5,1.0
4755,Person_1305,Group_1,Item_2,Threshold_5,1.0
4756,Person_1307,Group_1,Item_2,Threshold_5,1.0
4757,Person_1309,Group_2,Item_2,Threshold_5,0.0
4758,Person_1310,Group_2,Item_2,Threshold_5,1.0
4759,Person_1311,Group_1,Item_2,Threshold_5,1.0
4760,Person_1312,Group_2,Item_2,Threshold_5,1.0
4761,Person_1314,Group_2,Item_2,Threshold_5,1.0
4762,Person_1315,Group_2,Item_2,Threshold_5,1.0
4763,Person_1316,Group_2,Item_2,Threshold_5,0.0
4764,Person_1317,Group_1,Item_2,Threshold_5,1.0
4765,Person_1319,Group_2,Item_2,Threshold_5,0.0
4766,Person_1321,Group_2,Item_2,Threshold_5,1.0
4767,Person_1323,Group_2,Item_2,Threshold_5,1.0
4768,Person_1324,Group_2,Item_2,Threshold_5,1.0
4769,Person_1325,Group_2,Item_2,Threshold_5,1.0
4770,Person_1326,Group_1,Item_2,Threshold_5,1.0
4771,Person_1327,Group_2,Item_2,Threshold_5,1.0
4772,Person_1328,Group_2,Item_2,Threshold_5,1.0
4773,Person_1329,Group_1,Item_2,Threshold_5,1.0
4774,Person_1331,Group_2,Item_2,Threshold_5,1.0
4775,Person_1332,Group_1,Item_2,Threshold_5,1.0
4776,Person_1333,Group_2,Item_2,Threshold_5,0.0
4777,Person_1334,Group_2,Item_2,Threshold_5,1.0
4778,Person_1337,Group_1,Item_2,Threshold_5,1.0
4779,Person_1340,Group_2,Item_2,Threshold_5,0.0
4780,Person_1343,Group_2,Item_2,Threshold_5,1.0
4781,Person_1344,Group_1,Item_2,Threshold_5,1.0
4782,Person_1346,Group_1,Item_2,Threshold_5,1.0
4783,Person_1347,Group_1,Item_2,Threshold_5,0.0
4784,Person_1348,Group_1,Item_2,Threshold_5,1.0
4785,Person_1349,Group_2,Item_2,Threshold_5,1.0
4786,Person_1351,Group_2,Item_2,Threshold_5,1.0
4787,Person_1353,Group_2,Item_2,Threshold_5,1.0
4788,Person_1355,Group_1,Item_2,Threshold_5,0.0
4789,Person_1358,Group_2,Item_2,Threshold_5,0.0
4790,Person_1360,Group_1,Item_2,Threshold_5,0.0
4791,Person_1361,Group_1,Item_2,Threshold_5,0.0
4792,Person_1362,Group_2,Item_2,Threshold_5,1.0
4793,Person_1363,Group_1,Item_2,Threshold_5,0.0
4794,Person_1375,Group_2,Item_2,Threshold_5,1.0
4795,Person_1376,Group_2,Item_2,Threshold_5,0.0
4796,Person_1377,Group_2,Item_2,Threshold_5,1.0
4797,Person_1378,Group_2,Item_2,Threshold_5,0.0
4798,Person_1379,Group_2,Item_2,Threshold_5,1.0
4799,Person_1384,Group_1,Item_2,Threshold_5,0.0
4800,Person_1385,Group_1,Item_2,Threshold_5,0.0
4801,Person_1386,Group_2,Item_2,Threshold_5,0.0
4802,Person_1388,Group_1,Item_2,Threshold_5,1.0
4803,Person_1389,Group_2,Item_2,Threshold_5,1.0
4804,Person_1391,Group_2,Item_2,Threshold_5,0.0
4805,Person_1395,Group_2,Item_2,Threshold_5,1.0
4806,Person_1398,Group_2,Item_2,Threshold_5,0.0
4807,Person_1401,Group_1,Item_2,Threshold_5,0.0
4808,Person_1405,Group_1,Item_2,Threshold_5,1.0
4809,Person_1406,Group_1,Item_2,Threshold_5,1.0
4810,Person_1407,Group_2,Item_2,Threshold_5,1.0
4811,Person_1409,Group_1,Item_2,Threshold_5,1.0
4812,Person_1411,Group_2,Item_2,Threshold_5,1.0
4813,Person_1413,Group_2,Item_2,Threshold_5,0.0
4814,Person_1415,Group_1,Item_2,Threshold_5,1.0
4815,Person_1416,Group_2,Item_2,Threshold_5,1.0
4816,Person_1417,Group_1,Item_2,Threshold_5,1.0
4817,Person_1418,Group_2,Item_2,Threshold_5,1.0
4818,Person_1419,Group_1,Item_2,Threshold_5,1.0
4819,Person_1420,Group_1,Item_2,Threshold_5,1.0
4820,Person_1421,Group_1,Item_2,Threshold_5,1.0
4821,Person_1422,Group_2,Item_2,Threshold_5,1.0
4822,Person_1423,Group_2,Item_2,Threshold_5,1.0
4823,Person_1427,Group_1,Item_2,Threshold_5,1.0
4824,Person_1431,Group_2,Item_2,Threshold_5,1.0
4825,Person_1432,Group_2,Item_2,Threshold_5,1.0
4826,Person_1435,Group_2,Item_2,Threshold_5,0.0
4827,Person_1436,Group_2,Item_2,Threshold_5,1.0
4828,Person_1441,Group_1,Item_2,Threshold_5,0.0
4829,Person_1442,Group_2,Item_2,Threshold_5,1.0
4830,Person_1445,Group_2,Item_2,Threshold_5,1.0
4831,Person_1446,Group_1,Item_2,Threshold_5,1.0
4832,Person_1451,Group_1,Item_2,Threshold_5,1.0
4833,Person_1452,Group_1,Item_2,Threshold_5,0.0
4834,Person_1458,Group_1,Item_2,Threshold_5,0.0
4835,Person_1461,Group_2,Item_2,Threshold_5,1.0
4836,Person_1464,Group_2,Item_2,Threshold_5,1.0
4837,Person_1466,Group_1,Item_2,Threshold_5,1.0
4838,Person_1472,Group_2,Item_2,Threshold_5,0.0
4839,Person_1473,Group_1,Item_2,Threshold_5,1.0
4840,Person_1478,Group_1,Item_2,Threshold_5,1.0
4841,Person_1480,Group_2,Item_2,Threshold_5,0.0
4842,Person_1481,Group_2,Item_2,Threshold_5,0.0
4843,Person_1482,Group_2,Item_2,Threshold_5,0.0
4844,Person_1483,Group_1,Item_2,Threshold_5,1.0
4845,Person_1484,Group_2,Item_2,Threshold_5,1.0
4846,Person_1486,Group_1,Item_2,Threshold_5,1.0
4847,Person_1490,Group_2,Item_2,Threshold_5,1.0
4848,Person_1493,Group_2,Item_2,Threshold_5,1.0
4849,Person_1494,Group_1,Item_2,Threshold_5,1.0
4850,Person_1498,Group_2,Item_2,Threshold_5,0.0
4851,Person_1499,Group_2,Item_2,Threshold_5,1.0
4852,Person_1500,Group_2,Item_2,Threshold_5,1.0
4853,Person_1502,Group_1,Item_2,Threshold_5,1.0
4854,Person_1503,Group_1,Item_2,Threshold_5,1.0
4855,Person_1505,Group_1,Item_2,Threshold_5,1.0
4856,Person_1510,Group_1,Item_2,Threshold_5,1.0
4857,Person_1514,Group_1,Item_2,Threshold_5,1.0
4858,Person_1516,Group_2,Item_2,Threshold_5,0.0
4859,Person_1517,Group_1,Item_2,Threshold_5,1.0
4860,Person_1519,Group_1,Item_2,Threshold_5,1.0
4861,Person_1521,Group_1,Item_2,Threshold_5,1.0
4862,Person_1523,Group_1,Item_2,Threshold_5,0.0
4863,Person_1524,Group_1,Item_2,Threshold_5,0.0
4864,Person_1526,Group_2,Item_2,Threshold_5,0.0
4865,Person_1536,Group_1,Item_2,Threshold_5,1.0
4866,Person_1539,Group_2,Item_2,Threshold_5,1.0
4867,Person_1540,Group_1,Item_2,Threshold_5,1.0
4868,Person_1542,Group_1,Item_2,Threshold_5,1.0
4869,Person_1543,Group_2,Item_2,Threshold_5,0.0
4870,Person_1547,Group_1,Item_2,Threshold_5,0.0
4871,Person_1550,Group_1,Item_2,Threshold_5,1.0
4872,Person_1551,Group_2,Item_2,Threshold_5,1.0
4873,Person_1552,Group_1,Item_2,Threshold_5,1.0
4874,Person_1553,Group_2,Item_2,Threshold_5,1.0
4875,Person_1555,Group_2,Item_2,Threshold_5,1.0
4876,Person_1556,Group_2,Item_2,Threshold_5,1.0
4877,Person_1560,Group_2,Item_2,Threshold_5,1.0
4878,Person_1564,Group_1,Item_2,Threshold_5,0.0
4879,Person_1565,Group_1,Item_2,Threshold_5,1.0
4880,Person_1567,Group_1,Item_2,Threshold_5,1.0
4881,Person_1569,Group_1,Item_2,Threshold_5,1.0
4882,Person_1571,Group_1,Item_2,Threshold_5,1.0
4883,Person_1573,Group_1,Item_2,Threshold_5,1.0
4884,Person_1574,Group_2,Item_2,Threshold_5,1.0
4885,Person_1577,Group_2,Item_2,Threshold_5,0.0
4886,Person_1579,Group_1,Item_2,Threshold_5,1.0
4887,Person_1582,Group_2,Item_2,Threshold_5,1.0
4888,Person_1583,Group_1,Item_2,Threshold_5,1.0
4889,Person_1588,Group_2,Item_2,Threshold_5,1.0
4890,Person_1590,Group_2,Item_2,Threshold_5,0.0
4891,Person_1592,Group_2,Item_2,Threshold_5,1.0
4892,Person_1595,Group_1,Item_2,Threshold_5,0.0
4893,Person_1596,Group_1,Item_2,Threshold_5,0.0
4894,Person_1597,Group_2,Item_2,Threshold_5,0.0
4895,Person_1601,Group_1,Item_2,Threshold_5,0.0
4896,Person_1603,Group_1,Item_2,Threshold_5,1.0
4897,Person_1604,Group_1,Item_2,Threshold_5,0.0
4898,Person_1606,Group_2,Item_2,Threshold_5,1.0
4899,Person_1610,Group_2,Item_2,Threshold_5,1.0
4900,Person_1612,Group_2,Item_2,Threshold_5,0.0
4901,Person_1613,Group_1,Item_2,Threshold_5,1.0
4902,Person_1614,Group_2,Item_2,Threshold_5,0.0
4903,Person_1617,Group_2,Item_2,Threshold_5,1.0
4904,Person_1619,Group_1,Item_2,Threshold_5,1.0
4905,Person_1624,Group_1,Item_2,Threshold_5,1.0
4906,Person_1625,Group_1,Item_2,Threshold_5,1.0
4907,Person_1628,Group_2,Item_2,Threshold_5,1.0
4908,Person_1633,Group_2,Item_2,Threshold_5,1.0
4909,Person_1634,Group_1,Item_2,Threshold_5,1.0
4910,Person_1635,Group_2,Item_2,Threshold_5,1.0
4911,Person_1636,Group_1,Item_2,Threshold_5,1.0
4912,Person_1637,Group_2,Item_2,Threshold_5,0.0
4913,Person_1,Group_1,Item_3,Threshold_1,0.0
4914,Person_3,Group_1,Item_3,Threshold_1,0.0
4915,Person_4,Group_2,Item_3,Threshold_1,0.0
4916,Person_7,Group_2,Item_3,Threshold_1,0.0
4917,Person_8,Group_1,Item_3,Threshold_1,0.0
4918,Person_13,Group_1,Item_3,Threshold_1,1.0
4919,Person_14,Group_1,Item_3,Threshold_1,0.0
4920,Person_15,Group_1,Item_3,Threshold_1,0.0
4921,Person_18,Group_1,Item_3,Threshold_1,0.0
4922,Person_19,Group_1,Item_3,Threshold_1,0.0
4923,Person_26,Group_1,Item_3,Threshold_1,1.0
4924,Person_27,Group_1,Item_3,Threshold_1,0.0
4925,Person_28,Group_1,Item_3,Threshold_1,0.0
4926,Person_31,Group_2,Item_3,Threshold_1,1.0
4927,Person_35,Group_2,Item_3,Threshold_1,0.0
4928,Person_36,Group_2,Item_3,Threshold_1,0.0
4929,Person_39,Group_2,Item_3,Threshold_1,1.0
4930,Person_40,Group_1,Item_3,Threshold_1,1.0
4931,Person_49,Group_2,Item_3,Threshold_1,0.0
4932,Person_52,Group_1,Item_3,Threshold_1,0.0
4933,Person_58,Group_1,Item_3,Threshold_1,0.0
4934,Person_59,Group_2,Item_3,Threshold_1,1.0
4935,Person_62,Group_2,Item_3,Threshold_1,1.0
4936,Person_64,Group_2,Item_3,Threshold_1,1.0
4937,Person_66,Group_2,Item_3,Threshold_1,1.0
4938,Person_68,Group_1,Item_3,Threshold_1,1.0
4939,Person_72,Group_1,Item_3,Threshold_1,1.0
4940,Person_74,Group_1,Item_3,Threshold_1,0.0
4941,Person_87,Group_1,Item_3,Threshold_1,1.0
4942,Person_93,Group_1,Item_3,Threshold_1,0.0
4943,Person_97,Group_1,Item_3,Threshold_1,0.0
4944,Person_104,Group_1,Item_3,Threshold_1,0.0
4945,Person_110,Group_1,Item_3,Threshold_1,1.0
4946,Person_114,Group_2,Item_3,Threshold_1,1.0
4947,Person_116,Group_2,Item_3,Threshold_1,0.0
4948,Person_117,Group_2,Item_3,Threshold_1,1.0
4949,Person_127,Group_1,Item_3,Threshold_1,0.0
4950,Person_137,Group_1,Item_3,Threshold_1,0.0
4951,Person_140,Group_1,Item_3,Threshold_1,0.0
4952,Person_143,Group_2,Item_3,Threshold_1,0.0
4953,Person_146,Group_2,Item_3,Threshold_1,0.0
4954,Person_153,Group_1,Item_3,Threshold_1,0.0
4955,Person_154,Group_1,Item_3,Threshold_1,0.0
4956,Person_156,Group_1,Item_3,Threshold_1,1.0
4957,Person_157,Group_1,Item_3,Threshold_1,0.0
4958,Person_159,Group_2,Item_3,Threshold_1,0.0
4959,Person_164,Group_1,Item_3,Threshold_1,0.0
4960,Person_178,Group_1,Item_3,Threshold_1,1.0
4961,Person_179,Group_1,Item_3,Threshold_1,0.0
4962,Person_185,Group_2,Item_3,Threshold_1,1.0
4963,Person_187,Group_1,Item_3,Threshold_1,0.0
4964,Person_189,Group_1,Item_3,Threshold_1,0.0
4965,Person_190,Group_1,Item_3,Threshold_1,0.0
4966,Person_191,Group_2,Item_3,Threshold_1,1.0
4967,Person_192,Group_2,Item_3,Threshold_1,0.0
4968,Person_193,Group_2,Item_3,Threshold_1,0.0
4969,Person_194,Group_1,Item_3,Threshold_1,0.0
4970,Person_199,Group_1,Item_3,Threshold_1,0.0
4971,Person_202,Group_1,Item_3,Threshold_1,1.0
4972,Person_205,Group_2,Item_3,Threshold_1,1.0
4973,Person_217,Group_1,Item_3,Threshold_1,0.0
4974,Person_218,Group_2,Item_3,Threshold_1,1.0
4975,Person_223,Group_2,Item_3,Threshold_1,1.0
4976,Person_226,Group_2,Item_3,Threshold_1,1.0
4977,Person_229,Group_2,Item_3,Threshold_1,1.0
4978,Person_236,Group_2,Item_3,Threshold_1,0.0
4979,Person_250,Group_1,Item_3,Threshold_1,0.0
4980,Person_251,Group_1,Item_3,Threshold_1,0.0
4981,Person_258,Group_1,Item_3,Threshold_1,0.0
4982,Person_263,Group_2,Item_3,Threshold_1,0.0
4983,Person_268,Group_1,Item_3,Threshold_1,0.0
4984,Person_271,Group_1,Item_3,Threshold_1,0.0
4985,Person_275,Group_1,Item_3,Threshold_1,1.0
4986,Person_285,Group_1,Item_3,Threshold_1,0.0
4987,Person_293,Group_1,Item_3,Threshold_1,0.0
4988,Person_294,Group_2,Item_3,Threshold_1,0.0
4989,Person_304,Group_2,Item_3,Threshold_1,1.0
4990,Person_309,Group_2,Item_3,Threshold_1,0.0
4991,Person_312,Group_2,Item_3,Threshold_1,0.0
4992,Person_313,Group_2,Item_3,Threshold_1,0.0
4993,Person_318,Group_1,Item_3,Threshold_1,1.0
4994,Person_320,Group_2,Item_3,Threshold_1,0.0
4995,Person_321,Group_1,Item_3,Threshold_1,1.0
4996,Person_322,Group_1,Item_3,Threshold_1,0.0
4997,Person_325,Group_2,Item_3,Threshold_1,0.0
4998,Person_334,Group_1,Item_3,Threshold_1,0.0
4999,Person_338,Group_1,Item_3,Threshold_1,1.0
5000,Person_340,Group_1,Item_3,Threshold_1,0.0
5001,Person_342,Group_1,Item_3,Threshold_1,1.0
5002,Person_344,Group_2,Item_3,Threshold_1,0.0
5003,Person_348,Group_2,Item_3,Threshold_1,1.0
5004,Person_349,Group_1,Item_3,Threshold_1,0.0
5005,Person_352,Group_2,Item_3,Threshold_1,0.0
5006,Person_356,Group_1,Item_3,Threshold_1,0.0
5007,Person_358,Group_1,Item_3,Threshold_1,0.0
5008,Person_361,Group_2,Item_3,Threshold_1,0.0
5009,Person_362,Group_2,Item_3,Threshold_1,0.0
5010,Person_367,Group_1,Item_3,Threshold_1,0.0
5011,Person_370,Group_2,Item_3,Threshold_1,0.0
5012,Person_374,Group_2,Item_3,Threshold_1,1.0
5013,Person_377,Group_1,Item_3,Threshold_1,0.0
5014,Person_378,Group_1,Item_3,Threshold_1,0.0
5015,Person_383,Group_1,Item_3,Threshold_1,0.0
5016,Person_391,Group_2,Item_3,Threshold_1,0.0
5017,Person_392,Group_2,Item_3,Threshold_1,0.0
5018,Person_393,Group_1,Item_3,Threshold_1,0.0
5019,Person_394,Group_2,Item_3,Threshold_1,0.0
5020,Person_396,Group_2,Item_3,Threshold_1,1.0
5021,Person_398,Group_2,Item_3,Threshold_1,1.0
5022,Person_405,Group_2,Item_3,Threshold_1,0.0
5023,Person_409,Group_2,Item_3,Threshold_1,0.0
5024,Person_414,Group_1,Item_3,Threshold_1,1.0
5025,Person_420,Group_1,Item_3,Threshold_1,0.0
5026,Person_421,Group_1,Item_3,Threshold_1,0.0
5027,Person_424,Group_1,Item_3,Threshold_1,0.0
5028,Person_425,Group_2,Item_3,Threshold_1,1.0
5029,Person_430,Group_1,Item_3,Threshold_1,0.0
5030,Person_431,Group_1,Item_3,Threshold_1,0.0
5031,Person_438,Group_1,Item_3,Threshold_1,0.0
5032,Person_446,Group_1,Item_3,Threshold_1,0.0
5033,Person_449,Group_2,Item_3,Threshold_1,0.0
5034,Person_458,Group_1,Item_3,Threshold_1,0.0
5035,Person_460,Group_1,Item_3,Threshold_1,0.0
5036,Person_470,Group_1,Item_3,Threshold_1,0.0
5037,Person_473,Group_2,Item_3,Threshold_1,0.0
5038,Person_474,Group_2,Item_3,Threshold_1,0.0
5039,Person_475,Group_1,Item_3,Threshold_1,0.0
5040,Person_480,Group_1,Item_3,Threshold_1,0.0
5041,Person_481,Group_1,Item_3,Threshold_1,1.0
5042,Person_488,Group_1,Item_3,Threshold_1,1.0
5043,Person_494,Group_2,Item_3,Threshold_1,0.0
5044,Person_500,Group_1,Item_3,Threshold_1,1.0
5045,Person_507,Group_1,Item_3,Threshold_1,0.0
5046,Person_508,Group_2,Item_3,Threshold_1,0.0
5047,Person_516,Group_1,Item_3,Threshold_1,1.0
5048,Person_517,Group_1,Item_3,Threshold_1,1.0
5049,Person_518,Group_1,Item_3,Threshold_1,1.0
5050,Person_522,Group_2,Item_3,Threshold_1,1.0
5051,Person_528,Group_1,Item_3,Threshold_1,1.0
5052,Person_529,Group_1,Item_3,Threshold_1,0.0
5053,Person_532,Group_2,Item_3,Threshold_1,0.0
5054,Person_533,Group_2,Item_3,Threshold_1,0.0
5055,Person_538,Group_1,Item_3,Threshold_1,0.0
5056,Person_548,Group_2,Item_3,Threshold_1,0.0
5057,Person_550,Group_1,Item_3,Threshold_1,1.0
5058,Person_552,Group_1,Item_3,Threshold_1,1.0
5059,Person_553,Group_1,Item_3,Threshold_1,0.0
5060,Person_560,Group_1,Item_3,Threshold_1,1.0
5061,Person_562,Group_1,Item_3,Threshold_1,0.0
5062,Person_568,Group_2,Item_3,Threshold_1,0.0
5063,Person_569,Group_2,Item_3,Threshold_1,0.0
5064,Person_572,Group_2,Item_3,Threshold_1,1.0
5065,Person_579,Group_2,Item_3,Threshold_1,0.0
5066,Person_581,Group_1,Item_3,Threshold_1,0.0
5067,Person_582,Group_1,Item_3,Threshold_1,1.0
5068,Person_583,Group_1,Item_3,Threshold_1,1.0
5069,Person_584,Group_1,Item_3,Threshold_1,1.0
5070,Person_586,Group_2,Item_3,Threshold_1,1.0
5071,Person_590,Group_2,Item_3,Threshold_1,1.0
5072,Person_606,Group_1,Item_3,Threshold_1,1.0
5073,Person_608,Group_1,Item_3,Threshold_1,0.0
5074,Person_609,Group_1,Item_3,Threshold_1,1.0
5075,Person_622,Group_2,Item_3,Threshold_1,1.0
5076,Person_626,Group_1,Item_3,Threshold_1,0.0
5077,Person_634,Group_1,Item_3,Threshold_1,1.0
5078,Person_642,Group_1,Item_3,Threshold_1,0.0
5079,Person_645,Group_1,Item_3,Threshold_1,0.0
5080,Person_647,Group_2,Item_3,Threshold_1,0.0
5081,Person_656,Group_1,Item_3,Threshold_1,0.0
5082,Person_660,Group_2,Item_3,Threshold_1,1.0
5083,Person_661,Group_2,Item_3,Threshold_1,0.0
5084,Person_663,Group_2,Item_3,Threshold_1,0.0
5085,Person_673,Group_1,Item_3,Threshold_1,1.0
5086,Person_677,Group_2,Item_3,Threshold_1,0.0
5087,Person_682,Group_1,Item_3,Threshold_1,1.0
5088,Person_699,Group_2,Item_3,Threshold_1,1.0
5089,Person_702,Group_2,Item_3,Threshold_1,0.0
5090,Person_706,Group_2,Item_3,Threshold_1,1.0
5091,Person_712,Group_1,Item_3,Threshold_1,0.0
5092,Person_714,Group_1,Item_3,Threshold_1,1.0
5093,Person_715,Group_1,Item_3,Threshold_1,0.0
5094,Person_716,Group_1,Item_3,Threshold_1,0.0
5095,Person_721,Group_1,Item_3,Threshold_1,1.0
5096,Person_729,Group_1,Item_3,Threshold_1,0.0
5097,Person_730,Group_2,Item_3,Threshold_1,0.0
5098,Person_750,Group_2,Item_3,Threshold_1,0.0
5099,Person_752,Group_2,Item_3,Threshold_1,0.0
5100,Person_753,Group_2,Item_3,Threshold_1,1.0
5101,Person_754,Group_2,Item_3,Threshold_1,1.0
5102,Person_755,Group_2,Item_3,Threshold_1,1.0
5103,Person_756,Group_2,Item_3,Threshold_1,0.0
5104,Person_760,Group_2,Item_3,Threshold_1,0.0
5105,Person_766,Group_2,Item_3,Threshold_1,1.0
5106,Person_774,Group_1,Item_3,Threshold_1,0.0
5107,Person_779,Group_1,Item_3,Threshold_1,1.0
5108,Person_780,Group_2,Item_3,Threshold_1,0.0
5109,Person_783,Group_1,Item_3,Threshold_1,1.0
5110,Person_785,Group_1,Item_3,Threshold_1,0.0
5111,Person_787,Group_1,Item_3,Threshold_1,0.0
5112,Person_788,Group_1,Item_3,Threshold_1,1.0
5113,Person_789,Group_2,Item_3,Threshold_1,0.0
5114,Person_790,Group_2,Item_3,Threshold_1,0.0
5115,Person_793,Group_2,Item_3,Threshold_1,1.0
5116,Person_794,Group_1,Item_3,Threshold_1,0.0
5117,Person_808,Group_1,Item_3,Threshold_1,0.0
5118,Person_810,Group_1,Item_3,Threshold_1,1.0
5119,Person_812,Group_1,Item_3,Threshold_1,0.0
5120,Person_816,Group_2,Item_3,Threshold_1,1.0
5121,Person_819,Group_2,Item_3,Threshold_1,0.0
5122,Person_832,Group_1,Item_3,Threshold_1,0.0
5123,Person_846,Group_2,Item_3,Threshold_1,0.0
5124,Person_856,Group_2,Item_3,Threshold_1,0.0
5125,Person_857,Group_1,Item_3,Threshold_1,1.0
5126,Person_858,Group_1,Item_3,Threshold_1,0.0
5127,Person_859,Group_1,Item_3,Threshold_1,0.0
5128,Person_862,Group_2,Item_3,Threshold_1,0.0
5129,Person_865,Group_2,Item_3,Threshold_1,0.0
5130,Person_867,Group_2,Item_3,Threshold_1,0.0
5131,Person_869,Group_2,Item_3,Threshold_1,1.0
5132,Person_880,Group_2,Item_3,Threshold_1,0.0
5133,Person_881,Group_2,Item_3,Threshold_1,0.0
5134,Person_883,Group_2,Item_3,Threshold_1,0.0
5135,Person_885,Group_2,Item_3,Threshold_1,0.0
5136,Person_886,Group_1,Item_3,Threshold_1,0.0
5137,Person_888,Group_2,Item_3,Threshold_1,0.0
5138,Person_891,Group_2,Item_3,Threshold_1,0.0
5139,Person_903,Group_1,Item_3,Threshold_1,0.0
5140,Person_907,Group_1,Item_3,Threshold_1,0.0
5141,Person_912,Group_1,Item_3,Threshold_1,0.0
5142,Person_914,Group_2,Item_3,Threshold_1,0.0
5143,Person_915,Group_2,Item_3,Threshold_1,0.0
5144,Person_923,Group_2,Item_3,Threshold_1,0.0
5145,Person_924,Group_2,Item_3,Threshold_1,0.0
5146,Person_925,Group_2,Item_3,Threshold_1,1.0
5147,Person_932,Group_1,Item_3,Threshold_1,0.0
5148,Person_934,Group_1,Item_3,Threshold_1,1.0
5149,Person_935,Group_2,Item_3,Threshold_1,0.0
5150,Person_940,Group_1,Item_3,Threshold_1,1.0
5151,Person_945,Group_2,Item_3,Threshold_1,1.0
5152,Person_947,Group_1,Item_3,Threshold_1,0.0
5153,Person_950,Group_1,Item_3,Threshold_1,0.0
5154,Person_951,Group_1,Item_3,Threshold_1,1.0
5155,Person_953,Group_2,Item_3,Threshold_1,1.0
5156,Person_957,Group_2,Item_3,Threshold_1,0.0
5157,Person_959,Group_2,Item_3,Threshold_1,0.0
5158,Person_961,Group_1,Item_3,Threshold_1,1.0
5159,Person_965,Group_1,Item_3,Threshold_1,0.0
5160,Person_967,Group_2,Item_3,Threshold_1,1.0
5161,Person_969,Group_2,Item_3,Threshold_1,0.0
5162,Person_974,Group_1,Item_3,Threshold_1,0.0
5163,Person_978,Group_2,Item_3,Threshold_1,1.0
5164,Person_983,Group_1,Item_3,Threshold_1,1.0
5165,Person_984,Group_1,Item_3,Threshold_1,1.0
5166,Person_992,Group_1,Item_3,Threshold_1,1.0
5167,Person_1006,Group_1,Item_3,Threshold_1,1.0
5168,Person_1012,Group_1,Item_3,Threshold_1,1.0
5169,Person_1018,Group_2,Item_3,Threshold_1,0.0
5170,Person_1019,Group_1,Item_3,Threshold_1,1.0
5171,Person_1022,Group_2,Item_3,Threshold_1,1.0
5172,Person_1024,Group_2,Item_3,Threshold_1,0.0
5173,Person_1025,Group_1,Item_3,Threshold_1,1.0
5174,Person_1027,Group_2,Item_3,Threshold_1,0.0
5175,Person_1029,Group_1,Item_3,Threshold_1,0.0
5176,Person_1037,Group_2,Item_3,Threshold_1,1.0
5177,Person_1040,Group_1,Item_3,Threshold_1,0.0
5178,Person_1044,Group_2,Item_3,Threshold_1,0.0
5179,Person_1052,Group_1,Item_3,Threshold_1,0.0
5180,Person_1059,Group_1,Item_3,Threshold_1,1.0
5181,Person_1062,Group_2,Item_3,Threshold_1,1.0
5182,Person_1067,Group_1,Item_3,Threshold_1,0.0
5183,Person_1076,Group_2,Item_3,Threshold_1,1.0
5184,Person_1087,Group_2,Item_3,Threshold_1,0.0
5185,Person_1091,Group_1,Item_3,Threshold_1,0.0
5186,Person_1096,Group_1,Item_3,Threshold_1,0.0
5187,Person_1098,Group_1,Item_3,Threshold_1,1.0
5188,Person_1104,Group_1,Item_3,Threshold_1,1.0
5189,Person_1112,Group_2,Item_3,Threshold_1,0.0
5190,Person_1114,Group_1,Item_3,Threshold_1,1.0
5191,Person_1116,Group_1,Item_3,Threshold_1,1.0
5192,Person_1117,Group_2,Item_3,Threshold_1,0.0
5193,Person_1121,Group_2,Item_3,Threshold_1,0.0
5194,Person_1132,Group_1,Item_3,Threshold_1,0.0
5195,Person_1139,Group_2,Item_3,Threshold_1,0.0
5196,Person_1143,Group_2,Item_3,Threshold_1,1.0
5197,Person_1144,Group_1,Item_3,Threshold_1,0.0
5198,Person_1149,Group_2,Item_3,Threshold_1,0.0
5199,Person_1158,Group_1,Item_3,Threshold_1,1.0
5200,Person_1168,Group_2,Item_3,Threshold_1,1.0
5201,Person_1169,Group_2,Item_3,Threshold_1,0.0
5202,Person_1171,Group_1,Item_3,Threshold_1,1.0
5203,Person_1184,Group_2,Item_3,Threshold_1,1.0
5204,Person_1192,Group_1,Item_3,Threshold_1,0.0
5205,Person_1203,Group_1,Item_3,Threshold_1,0.0
5206,Person_1204,Group_1,Item_3,Threshold_1,1.0
5207,Person_1207,Group_2,Item_3,Threshold_1,0.0
5208,Person_1219,Group_2,Item_3,Threshold_1,0.0
5209,Person_1228,Group_1,Item_3,Threshold_1,1.0
5210,Person_1230,Group_1,Item_3,Threshold_1,1.0
5211,Person_1232,Group_2,Item_3,Threshold_1,1.0
5212,Person_1241,Group_2,Item_3,Threshold_1,1.0
5213,Person_1243,Group_1,Item_3,Threshold_1,0.0
5214,Person_1245,Group_2,Item_3,Threshold_1,1.0
5215,Person_1252,Group_1,Item_3,Threshold_1,0.0
5216,Person_1254,Group_2,Item_3,Threshold_1,1.0
5217,Person_1258,Group_1,Item_3,Threshold_1,1.0
5218,Person_1259,Group_2,Item_3,Threshold_1,0.0
5219,Person_1262,Group_2,Item_3,Threshold_1,0.0
5220,Person_1263,Group_2,Item_3,Threshold_1,0.0
5221,Person_1267,Group_1,Item_3,Threshold_1,1.0
5222,Person_1268,Group_1,Item_3,Threshold_1,1.0
5223,Person_1269,Group_2,Item_3,Threshold_1,0.0
5224,Person_1275,Group_1,Item_3,Threshold_1,0.0
5225,Person_1278,Group_1,Item_3,Threshold_1,0.0
5226,Person_1279,Group_2,Item_3,Threshold_1,0.0
5227,Person_1281,Group_1,Item_3,Threshold_1,0.0
5228,Person_1284,Group_1,Item_3,Threshold_1,1.0
5229,Person_1300,Group_1,Item_3,Threshold_1,1.0
5230,Person_1303,Group_2,Item_3,Threshold_1,0.0
5231,Person_1308,Group_2,Item_3,Threshold_1,0.0
5232,Person_1313,Group_2,Item_3,Threshold_1,0.0
5233,Person_1320,Group_2,Item_3,Threshold_1,0.0
5234,Person_1335,Group_1,Item_3,Threshold_1,1.0
5235,Person_1336,Group_2,Item_3,Threshold_1,0.0
5236,Person_1338,Group_2,Item_3,Threshold_1,0.0
5237,Person_1339,Group_1,Item_3,Threshold_1,1.0
5238,Person_1350,Group_2,Item_3,Threshold_1,0.0
5239,Person_1356,Group_1,Item_3,Threshold_1,0.0
5240,Person_1357,Group_1,Item_3,Threshold_1,1.0
5241,Person_1365,Group_2,Item_3,Threshold_1,1.0
5242,Person_1366,Group_2,Item_3,Threshold_1,0.0
5243,Person_1367,Group_1,Item_3,Threshold_1,0.0
5244,Person_1368,Group_2,Item_3,Threshold_1,1.0
5245,Person_1369,Group_1,Item_3,Threshold_1,0.0
5246,Person_1370,Group_2,Item_3,Threshold_1,1.0
5247,Person_1371,Group_1,Item_3,Threshold_1,0.0
5248,Person_1374,Group_2,Item_3,Threshold_1,0.0
5249,Person_1387,Group_2,Item_3,Threshold_1,1.0
5250,Person_1390,Group_1,Item_3,Threshold_1,0.0
5251,Person_1392,Group_2,Item_3,Threshold_1,0.0
5252,Person_1393,Group_1,Item_3,Threshold_1,0.0
5253,Person_1394,Group_2,Item_3,Threshold_1,0.0
5254,Person_1396,Group_2,Item_3,Threshold_1,1.0
5255,Person_1399,Group_1,Item_3,Threshold_1,1.0
5256,Person_1402,Group_2,Item_3,Threshold_1,0.0
5257,Person_1403,Group_2,Item_3,Threshold_1,1.0
5258,Person_1410,Group_2,Item_3,Threshold_1,1.0
5259,Person_1424,Group_2,Item_3,Threshold_1,0.0
5260,Person_1428,Group_1,Item_3,Threshold_1,1.0
5261,Person_1429,Group_2,Item_3,Threshold_1,0.0
5262,Person_1438,Group_2,Item_3,Threshold_1,0.0
5263,Person_1439,Group_1,Item_3,Threshold_1,0.0
5264,Person_1444,Group_2,Item_3,Threshold_1,1.0
5265,Person_1447,Group_2,Item_3,Threshold_1,0.0
5266,Person_1449,Group_1,Item_3,Threshold_1,0.0
5267,Person_1453,Group_1,Item_3,Threshold_1,0.0
5268,Person_1454,Group_2,Item_3,Threshold_1,0.0
5269,Person_1457,Group_1,Item_3,Threshold_1,0.0
5270,Person_1459,Group_1,Item_3,Threshold_1,1.0
5271,Person_1465,Group_1,Item_3,Threshold_1,0.0
5272,Person_1467,Group_2,Item_3,Threshold_1,0.0
5273,Person_1469,Group_2,Item_3,Threshold_1,0.0
5274,Person_1470,Group_1,Item_3,Threshold_1,0.0
5275,Person_1471,Group_2,Item_3,Threshold_1,0.0
5276,Person_1476,Group_2,Item_3,Threshold_1,0.0
5277,Person_1487,Group_2,Item_3,Threshold_1,1.0
5278,Person_1488,Group_1,Item_3,Threshold_1,0.0
5279,Person_1495,Group_2,Item_3,Threshold_1,1.0
5280,Person_1507,Group_2,Item_3,Threshold_1,0.0
5281,Person_1508,Group_2,Item_3,Threshold_1,1.0
5282,Person_1509,Group_2,Item_3,Threshold_1,0.0
5283,Person_1513,Group_1,Item_3,Threshold_1,1.0
5284,Person_1515,Group_1,Item_3,Threshold_1,1.0
5285,Person_1518,Group_1,Item_3,Threshold_1,0.0
5286,Person_1529,Group_1,Item_3,Threshold_1,0.0
5287,Person_1531,Group_1,Item_3,Threshold_1,0.0
5288,Person_1532,Group_1,Item_3,Threshold_1,0.0
5289,Person_1535,Group_2,Item_3,Threshold_1,1.0
5290,Person_1537,Group_1,Item_3,Threshold_1,0.0
5291,Person_1546,Group_1,Item_3,Threshold_1,0.0
5292,Person_1548,Group_1,Item_3,Threshold_1,0.0
5293,Person_1557,Group_1,Item_3,Threshold_1,0.0
5294,Person_1558,Group_2,Item_3,Threshold_1,0.0
5295,Person_1563,Group_1,Item_3,Threshold_1,0.0
5296,Person_1566,Group_1,Item_3,Threshold_1,0.0
5297,Person_1570,Group_2,Item_3,Threshold_1,0.0
5298,Person_1575,Group_1,Item_3,Threshold_1,0.0
5299,Person_1578,Group_2,Item_3,Threshold_1,1.0
5300,Person_1581,Group_1,Item_3,Threshold_1,0.0
5301,Person_1584,Group_2,Item_3,Threshold_1,0.0
5302,Person_1587,Group_2,Item_3,Threshold_1,0.0
5303,Person_1589,Group_2,Item_3,Threshold_1,0.0
5304,Person_1593,Group_2,Item_3,Threshold_1,1.0
5305,Person_1599,Group_1,Item_3,Threshold_1,1.0
5306,Person_1600,Group_2,Item_3,Threshold_1,0.0
5307,Person_1602,Group_2,Item_3,Threshold_1,0.0
5308,Person_1605,Group_1,Item_3,Threshold_1,0.0
5309,Person_1615,Group_1,Item_3,Threshold_1,0.0
5310,Person_1616,Group_1,Item_3,Threshold_1,0.0
5311,Person_1618,Group_1,Item_3,Threshold_1,1.0
5312,Person_1620,Group_2,Item_3,Threshold_1,0.0
5313,Person_1622,Group_2,Item_3,Threshold_1,0.0
5314,Person_1626,Group_2,Item_3,Threshold_1,0.0
5315,Person_1627,Group_2,Item_3,Threshold_1,1.0
5316,Person_1629,Group_1,Item_3,Threshold_1,0.0
5317,Person_1630,Group_1,Item_3,Threshold_1,1.0
5318,Person_1631,Group_2,Item_3,Threshold_1,0.0
5319,Person_13,Group_1,Item_3,Threshold_2,0.0
5320,Person_16,Group_1,Item_3,Threshold_2,1.0
5321,Person_17,Group_2,Item_3,Threshold_2,1.0
5322,Person_25,Group_1,Item_3,Threshold_2,1.0
5323,Person_26,Group_1,Item_3,Threshold_2,0.0
5324,Person_30,Group_1,Item_3,Threshold_2,1.0
5325,Person_31,Group_2,Item_3,Threshold_2,0.0
5326,Person_33,Group_2,Item_3,Threshold_2,1.0
5327,Person_38,Group_2,Item_3,Threshold_2,1.0
5328,Person_39,Group_2,Item_3,Threshold_2,0.0
5329,Person_40,Group_2,Item_3,Threshold_2,0.0
5330,Person_41,Group_2,Item_3,Threshold_2,1.0
5331,Person_44,Group_2,Item_3,Threshold_2,1.0
5332,Person_46,Group_2,Item_3,Threshold_2,1.0
5333,Person_48,Group_2,Item_3,Threshold_2,1.0
5334,Person_54,Group_1,Item_3,Threshold_2,1.0
5335,Person_55,Group_1,Item_3,Threshold_2,1.0
5336,Person_59,Group_1,Item_3,Threshold_2,0.0
5337,Person_61,Group_1,Item_3,Threshold_2,1.0
5338,Person_62,Group_2,Item_3,Threshold_2,0.0
5339,Person_64,Group_1,Item_3,Threshold_2,0.0
5340,Person_66,Group_2,Item_3,Threshold_2,0.0
5341,Person_68,Group_1,Item_3,Threshold_2,0.0
5342,Person_72,Group_1,Item_3,Threshold_2,0.0
5343,Person_73,Group_2,Item_3,Threshold_2,1.0
5344,Person_81,Group_2,Item_3,Threshold_2,1.0
5345,Person_82,Group_2,Item_3,Threshold_2,1.0
5346,Person_87,Group_1,Item_3,Threshold_2,0.0
5347,Person_91,Group_2,Item_3,Threshold_2,1.0
5348,Person_101,Group_1,Item_3,Threshold_2,1.0
5349,Person_105,Group_2,Item_3,Threshold_2,1.0
5350,Person_108,Group_1,Item_3,Threshold_2,1.0
5351,Person_110,Group_1,Item_3,Threshold_2,0.0
5352,Person_114,Group_2,Item_3,Threshold_2,0.0
5353,Person_115,Group_1,Item_3,Threshold_2,1.0
5354,Person_117,Group_1,Item_3,Threshold_2,0.0
5355,Person_121,Group_2,Item_3,Threshold_2,1.0
5356,Person_156,Group_1,Item_3,Threshold_2,0.0
5357,Person_161,Group_2,Item_3,Threshold_2,1.0
5358,Person_169,Group_2,Item_3,Threshold_2,1.0
5359,Person_178,Group_2,Item_3,Threshold_2,0.0
5360,Person_181,Group_1,Item_3,Threshold_2,1.0
5361,Person_184,Group_1,Item_3,Threshold_2,1.0
5362,Person_185,Group_1,Item_3,Threshold_2,0.0
5363,Person_191,Group_1,Item_3,Threshold_2,0.0
5364,Person_202,Group_1,Item_3,Threshold_2,0.0
5365,Person_203,Group_1,Item_3,Threshold_2,1.0
5366,Person_205,Group_1,Item_3,Threshold_2,0.0
5367,Person_218,Group_2,Item_3,Threshold_2,0.0
5368,Person_223,Group_1,Item_3,Threshold_2,0.0
5369,Person_226,Group_1,Item_3,Threshold_2,0.0
5370,Person_229,Group_2,Item_3,Threshold_2,0.0
5371,Person_231,Group_1,Item_3,Threshold_2,1.0
5372,Person_232,Group_1,Item_3,Threshold_2,1.0
5373,Person_241,Group_2,Item_3,Threshold_2,1.0
5374,Person_265,Group_1,Item_3,Threshold_2,1.0
5375,Person_275,Group_1,Item_3,Threshold_2,0.0
5376,Person_281,Group_1,Item_3,Threshold_2,1.0
5377,Person_295,Group_1,Item_3,Threshold_2,1.0
5378,Person_304,Group_1,Item_3,Threshold_2,0.0
5379,Person_318,Group_2,Item_3,Threshold_2,0.0
5380,Person_319,Group_1,Item_3,Threshold_2,1.0
5381,Person_321,Group_2,Item_3,Threshold_2,0.0
5382,Person_323,Group_1,Item_3,Threshold_2,1.0
5383,Person_328,Group_1,Item_3,Threshold_2,1.0
5384,Person_333,Group_1,Item_3,Threshold_2,1.0
5385,Person_338,Group_2,Item_3,Threshold_2,0.0
5386,Person_342,Group_1,Item_3,Threshold_2,0.0
5387,Person_348,Group_1,Item_3,Threshold_2,0.0
5388,Person_374,Group_1,Item_3,Threshold_2,0.0
5389,Person_379,Group_1,Item_3,Threshold_2,1.0
5390,Person_384,Group_2,Item_3,Threshold_2,1.0
5391,Person_388,Group_1,Item_3,Threshold_2,1.0
5392,Person_395,Group_1,Item_3,Threshold_2,1.0
5393,Person_396,Group_1,Item_3,Threshold_2,0.0
5394,Person_398,Group_2,Item_3,Threshold_2,0.0
5395,Person_401,Group_2,Item_3,Threshold_2,1.0
5396,Person_404,Group_2,Item_3,Threshold_2,1.0
5397,Person_414,Group_1,Item_3,Threshold_2,0.0
5398,Person_415,Group_1,Item_3,Threshold_2,1.0
5399,Person_419,Group_2,Item_3,Threshold_2,1.0
5400,Person_425,Group_1,Item_3,Threshold_2,0.0
5401,Person_436,Group_1,Item_3,Threshold_2,1.0
5402,Person_437,Group_2,Item_3,Threshold_2,1.0
5403,Person_441,Group_2,Item_3,Threshold_2,1.0
5404,Person_444,Group_2,Item_3,Threshold_2,1.0
5405,Person_450,Group_2,Item_3,Threshold_2,1.0
5406,Person_452,Group_1,Item_3,Threshold_2,1.0
5407,Person_453,Group_2,Item_3,Threshold_2,1.0
5408,Person_462,Group_2,Item_3,Threshold_2,1.0
5409,Person_464,Group_1,Item_3,Threshold_2,1.0
5410,Person_478,Group_2,Item_3,Threshold_2,1.0
5411,Person_481,Group_1,Item_3,Threshold_2,0.0
5412,Person_485,Group_2,Item_3,Threshold_2,1.0
5413,Person_488,Group_1,Item_3,Threshold_2,0.0
5414,Person_491,Group_1,Item_3,Threshold_2,1.0
5415,Person_500,Group_2,Item_3,Threshold_2,0.0
5416,Person_511,Group_2,Item_3,Threshold_2,1.0
5417,Person_514,Group_1,Item_3,Threshold_2,1.0
5418,Person_516,Group_1,Item_3,Threshold_2,0.0
5419,Person_517,Group_1,Item_3,Threshold_2,0.0
5420,Person_518,Group_2,Item_3,Threshold_2,0.0
5421,Person_522,Group_1,Item_3,Threshold_2,0.0
5422,Person_523,Group_1,Item_3,Threshold_2,1.0
5423,Person_528,Group_1,Item_3,Threshold_2,0.0
5424,Person_534,Group_2,Item_3,Threshold_2,1.0
5425,Person_550,Group_2,Item_3,Threshold_2,0.0
5426,Person_552,Group_2,Item_3,Threshold_2,0.0
5427,Person_560,Group_2,Item_3,Threshold_2,0.0
5428,Person_564,Group_2,Item_3,Threshold_2,1.0
5429,Person_566,Group_2,Item_3,Threshold_2,1.0
5430,Person_572,Group_1,Item_3,Threshold_2,0.0
5431,Person_573,Group_1,Item_3,Threshold_2,1.0
5432,Person_582,Group_2,Item_3,Threshold_2,0.0
5433,Person_583,Group_1,Item_3,Threshold_2,0.0
5434,Person_584,Group_1,Item_3,Threshold_2,0.0
5435,Person_586,Group_1,Item_3,Threshold_2,0.0
5436,Person_587,Group_1,Item_3,Threshold_2,1.0
5437,Person_590,Group_1,Item_3,Threshold_2,0.0
5438,Person_598,Group_1,Item_3,Threshold_2,1.0
5439,Person_606,Group_2,Item_3,Threshold_2,0.0
5440,Person_609,Group_1,Item_3,Threshold_2,0.0
5441,Person_610,Group_2,Item_3,Threshold_2,1.0
5442,Person_618,Group_1,Item_3,Threshold_2,1.0
5443,Person_622,Group_2,Item_3,Threshold_2,0.0
5444,Person_630,Group_1,Item_3,Threshold_2,1.0
5445,Person_634,Group_1,Item_3,Threshold_2,0.0
5446,Person_638,Group_2,Item_3,Threshold_2,1.0
5447,Person_640,Group_1,Item_3,Threshold_2,1.0
5448,Person_657,Group_2,Item_3,Threshold_2,1.0
5449,Person_660,Group_1,Item_3,Threshold_2,0.0
5450,Person_665,Group_1,Item_3,Threshold_2,1.0
5451,Person_666,Group_1,Item_3,Threshold_2,1.0
5452,Person_668,Group_1,Item_3,Threshold_2,1.0
5453,Person_670,Group_1,Item_3,Threshold_2,1.0
5454,Person_673,Group_1,Item_3,Threshold_2,0.0
5455,Person_675,Group_2,Item_3,Threshold_2,1.0
5456,Person_679,Group_2,Item_3,Threshold_2,1.0
5457,Person_682,Group_2,Item_3,Threshold_2,0.0
5458,Person_695,Group_2,Item_3,Threshold_2,1.0
5459,Person_699,Group_1,Item_3,Threshold_2,0.0
5460,Person_703,Group_1,Item_3,Threshold_2,1.0
5461,Person_706,Group_2,Item_3,Threshold_2,0.0
5462,Person_714,Group_2,Item_3,Threshold_2,0.0
5463,Person_717,Group_2,Item_3,Threshold_2,1.0
5464,Person_721,Group_1,Item_3,Threshold_2,0.0
5465,Person_732,Group_2,Item_3,Threshold_2,1.0
5466,Person_734,Group_2,Item_3,Threshold_2,1.0
5467,Person_745,Group_1,Item_3,Threshold_2,1.0
5468,Person_749,Group_2,Item_3,Threshold_2,1.0
5469,Person_753,Group_1,Item_3,Threshold_2,0.0
5470,Person_754,Group_1,Item_3,Threshold_2,0.0
5471,Person_755,Group_1,Item_3,Threshold_2,0.0
5472,Person_758,Group_2,Item_3,Threshold_2,1.0
5473,Person_759,Group_2,Item_3,Threshold_2,1.0
5474,Person_766,Group_2,Item_3,Threshold_2,0.0
5475,Person_767,Group_2,Item_3,Threshold_2,1.0
5476,Person_769,Group_1,Item_3,Threshold_2,1.0
5477,Person_770,Group_1,Item_3,Threshold_2,1.0
5478,Person_771,Group_2,Item_3,Threshold_2,1.0
5479,Person_779,Group_1,Item_3,Threshold_2,0.0
5480,Person_783,Group_2,Item_3,Threshold_2,0.0
5481,Person_788,Group_2,Item_3,Threshold_2,0.0
5482,Person_793,Group_2,Item_3,Threshold_2,0.0
5483,Person_797,Group_1,Item_3,Threshold_2,1.0
5484,Person_798,Group_1,Item_3,Threshold_2,1.0
5485,Person_810,Group_2,Item_3,Threshold_2,0.0
5486,Person_813,Group_2,Item_3,Threshold_2,1.0
5487,Person_814,Group_2,Item_3,Threshold_2,1.0
5488,Person_816,Group_2,Item_3,Threshold_2,0.0
5489,Person_826,Group_2,Item_3,Threshold_2,1.0
5490,Person_827,Group_2,Item_3,Threshold_2,1.0
5491,Person_829,Group_1,Item_3,Threshold_2,1.0
5492,Person_835,Group_1,Item_3,Threshold_2,1.0
5493,Person_843,Group_2,Item_3,Threshold_2,1.0
5494,Person_848,Group_1,Item_3,Threshold_2,1.0
5495,Person_852,Group_1,Item_3,Threshold_2,1.0
5496,Person_857,Group_1,Item_3,Threshold_2,0.0
5497,Person_868,Group_1,Item_3,Threshold_2,1.0
5498,Person_869,Group_1,Item_3,Threshold_2,0.0
5499,Person_873,Group_2,Item_3,Threshold_2,1.0
5500,Person_896,Group_2,Item_3,Threshold_2,1.0
5501,Person_925,Group_2,Item_3,Threshold_2,0.0
5502,Person_928,Group_1,Item_3,Threshold_2,1.0
5503,Person_934,Group_1,Item_3,Threshold_2,0.0
5504,Person_939,Group_1,Item_3,Threshold_2,1.0
5505,Person_940,Group_1,Item_3,Threshold_2,0.0
5506,Person_945,Group_2,Item_3,Threshold_2,0.0
5507,Person_951,Group_1,Item_3,Threshold_2,0.0
5508,Person_953,Group_2,Item_3,Threshold_2,0.0
5509,Person_954,Group_2,Item_3,Threshold_2,1.0
5510,Person_961,Group_1,Item_3,Threshold_2,0.0
5511,Person_962,Group_2,Item_3,Threshold_2,1.0
5512,Person_967,Group_1,Item_3,Threshold_2,0.0
5513,Person_973,Group_2,Item_3,Threshold_2,1.0
5514,Person_978,Group_2,Item_3,Threshold_2,0.0
5515,Person_983,Group_2,Item_3,Threshold_2,0.0
5516,Person_984,Group_2,Item_3,Threshold_2,0.0
5517,Person_985,Group_2,Item_3,Threshold_2,1.0
5518,Person_986,Group_1,Item_3,Threshold_2,1.0
5519,Person_992,Group_1,Item_3,Threshold_2,0.0
5520,Person_998,Group_2,Item_3,Threshold_2,1.0
5521,Person_999,Group_2,Item_3,Threshold_2,1.0
5522,Person_1004,Group_2,Item_3,Threshold_2,1.0
5523,Person_1006,Group_1,Item_3,Threshold_2,0.0
5524,Person_1011,Group_1,Item_3,Threshold_2,1.0
5525,Person_1012,Group_2,Item_3,Threshold_2,0.0
5526,Person_1019,Group_1,Item_3,Threshold_2,0.0
5527,Person_1022,Group_2,Item_3,Threshold_2,0.0
5528,Person_1025,Group_1,Item_3,Threshold_2,0.0
5529,Person_1026,Group_1,Item_3,Threshold_2,1.0
5530,Person_1033,Group_1,Item_3,Threshold_2,1.0
5531,Person_1037,Group_2,Item_3,Threshold_2,0.0
5532,Person_1039,Group_2,Item_3,Threshold_2,1.0
5533,Person_1042,Group_1,Item_3,Threshold_2,1.0
5534,Person_1057,Group_1,Item_3,Threshold_2,1.0
5535,Person_1059,Group_1,Item_3,Threshold_2,0.0
5536,Person_1062,Group_1,Item_3,Threshold_2,0.0
5537,Person_1064,Group_2,Item_3,Threshold_2,1.0
5538,Person_1070,Group_2,Item_3,Threshold_2,1.0
5539,Person_1071,Group_2,Item_3,Threshold_2,1.0
5540,Person_1072,Group_2,Item_3,Threshold_2,1.0
5541,Person_1073,Group_2,Item_3,Threshold_2,1.0
5542,Person_1076,Group_2,Item_3,Threshold_2,0.0
5543,Person_1095,Group_1,Item_3,Threshold_2,1.0
5544,Person_1098,Group_2,Item_3,Threshold_2,0.0
5545,Person_1104,Group_1,Item_3,Threshold_2,0.0
5546,Person_1109,Group_1,Item_3,Threshold_2,1.0
5547,Person_1113,Group_2,Item_3,Threshold_2,1.0
5548,Person_1114,Group_2,Item_3,Threshold_2,0.0
5549,Person_1116,Group_2,Item_3,Threshold_2,0.0
5550,Person_1122,Group_1,Item_3,Threshold_2,1.0
5551,Person_1123,Group_2,Item_3,Threshold_2,1.0
5552,Person_1141,Group_2,Item_3,Threshold_2,1.0
5553,Person_1142,Group_1,Item_3,Threshold_2,1.0
5554,Person_1143,Group_1,Item_3,Threshold_2,0.0
5555,Person_1150,Group_1,Item_3,Threshold_2,1.0
5556,Person_1151,Group_2,Item_3,Threshold_2,1.0
5557,Person_1154,Group_1,Item_3,Threshold_2,1.0
5558,Person_1158,Group_1,Item_3,Threshold_2,0.0
5559,Person_1161,Group_2,Item_3,Threshold_2,1.0
5560,Person_1163,Group_2,Item_3,Threshold_2,1.0
5561,Person_1165,Group_1,Item_3,Threshold_2,1.0
5562,Person_1166,Group_1,Item_3,Threshold_2,1.0
5563,Person_1168,Group_2,Item_3,Threshold_2,0.0
5564,Person_1171,Group_2,Item_3,Threshold_2,0.0
5565,Person_1173,Group_1,Item_3,Threshold_2,1.0
5566,Person_1175,Group_2,Item_3,Threshold_2,1.0
5567,Person_1184,Group_2,Item_3,Threshold_2,0.0
5568,Person_1188,Group_2,Item_3,Threshold_2,1.0
5569,Person_1191,Group_2,Item_3,Threshold_2,1.0
5570,Person_1194,Group_2,Item_3,Threshold_2,1.0
5571,Person_1198,Group_1,Item_3,Threshold_2,1.0
5572,Person_1199,Group_2,Item_3,Threshold_2,1.0
5573,Person_1204,Group_1,Item_3,Threshold_2,0.0
5574,Person_1216,Group_2,Item_3,Threshold_2,1.0
5575,Person_1217,Group_2,Item_3,Threshold_2,1.0
5576,Person_1227,Group_2,Item_3,Threshold_2,1.0
5577,Person_1228,Group_1,Item_3,Threshold_2,0.0
5578,Person_1230,Group_1,Item_3,Threshold_2,0.0
5579,Person_1232,Group_1,Item_3,Threshold_2,0.0
5580,Person_1235,Group_1,Item_3,Threshold_2,1.0
5581,Person_1241,Group_1,Item_3,Threshold_2,0.0
5582,Person_1244,Group_2,Item_3,Threshold_2,1.0
5583,Person_1245,Group_2,Item_3,Threshold_2,0.0
5584,Person_1254,Group_1,Item_3,Threshold_2,0.0
5585,Person_1256,Group_1,Item_3,Threshold_2,1.0
5586,Person_1258,Group_1,Item_3,Threshold_2,0.0
5587,Person_1260,Group_2,Item_3,Threshold_2,1.0
5588,Person_1264,Group_1,Item_3,Threshold_2,1.0
5589,Person_1267,Group_1,Item_3,Threshold_2,0.0
5590,Person_1268,Group_1,Item_3,Threshold_2,0.0
5591,Person_1280,Group_1,Item_3,Threshold_2,1.0
5592,Person_1284,Group_2,Item_3,Threshold_2,0.0
5593,Person_1287,Group_2,Item_3,Threshold_2,1.0
5594,Person_1295,Group_2,Item_3,Threshold_2,1.0
5595,Person_1298,Group_2,Item_3,Threshold_2,1.0
5596,Person_1300,Group_2,Item_3,Threshold_2,0.0
5597,Person_1301,Group_1,Item_3,Threshold_2,1.0
5598,Person_1335,Group_1,Item_3,Threshold_2,0.0
5599,Person_1339,Group_2,Item_3,Threshold_2,0.0
5600,Person_1341,Group_2,Item_3,Threshold_2,1.0
5601,Person_1343,Group_1,Item_3,Threshold_2,1.0
5602,Person_1354,Group_1,Item_3,Threshold_2,1.0
5603,Person_1357,Group_2,Item_3,Threshold_2,0.0
5604,Person_1359,Group_2,Item_3,Threshold_2,1.0
5605,Person_1361,Group_2,Item_3,Threshold_2,1.0
5606,Person_1365,Group_2,Item_3,Threshold_2,0.0
5607,Person_1368,Group_2,Item_3,Threshold_2,0.0
5608,Person_1370,Group_1,Item_3,Threshold_2,0.0
5609,Person_1373,Group_1,Item_3,Threshold_2,1.0
5610,Person_1384,Group_1,Item_3,Threshold_2,1.0
5611,Person_1387,Group_1,Item_3,Threshold_2,0.0
5612,Person_1396,Group_1,Item_3,Threshold_2,0.0
5613,Person_1399,Group_2,Item_3,Threshold_2,0.0
5614,Person_1403,Group_2,Item_3,Threshold_2,0.0
5615,Person_1404,Group_1,Item_3,Threshold_2,1.0
5616,Person_1408,Group_1,Item_3,Threshold_2,1.0
5617,Person_1410,Group_2,Item_3,Threshold_2,0.0
5618,Person_1428,Group_2,Item_3,Threshold_2,0.0
5619,Person_1430,Group_1,Item_3,Threshold_2,1.0
5620,Person_1433,Group_1,Item_3,Threshold_2,1.0
5621,Person_1434,Group_2,Item_3,Threshold_2,1.0
5622,Person_1435,Group_2,Item_3,Threshold_2,1.0
5623,Person_1437,Group_2,Item_3,Threshold_2,1.0
5624,Person_1440,Group_2,Item_3,Threshold_2,1.0
5625,Person_1444,Group_2,Item_3,Threshold_2,0.0
5626,Person_1446,Group_2,Item_3,Threshold_2,1.0
5627,Person_1452,Group_1,Item_3,Threshold_2,1.0
5628,Person_1459,Group_2,Item_3,Threshold_2,0.0
5629,Person_1462,Group_2,Item_3,Threshold_2,1.0
5630,Person_1468,Group_2,Item_3,Threshold_2,1.0
5631,Person_1477,Group_2,Item_3,Threshold_2,1.0
5632,Person_1479,Group_2,Item_3,Threshold_2,1.0
5633,Person_1487,Group_1,Item_3,Threshold_2,0.0
5634,Person_1492,Group_1,Item_3,Threshold_2,1.0
5635,Person_1495,Group_1,Item_3,Threshold_2,0.0
5636,Person_1497,Group_2,Item_3,Threshold_2,1.0
5637,Person_1508,Group_2,Item_3,Threshold_2,0.0
5638,Person_1513,Group_1,Item_3,Threshold_2,0.0
5639,Person_1515,Group_1,Item_3,Threshold_2,0.0
5640,Person_1516,Group_1,Item_3,Threshold_2,1.0
5641,Person_1523,Group_2,Item_3,Threshold_2,1.0
5642,Person_1527,Group_2,Item_3,Threshold_2,1.0
5643,Person_1534,Group_2,Item_3,Threshold_2,1.0
5644,Person_1535,Group_1,Item_3,Threshold_2,0.0
5645,Person_1538,Group_2,Item_3,Threshold_2,1.0
5646,Person_1541,Group_2,Item_3,Threshold_2,1.0
5647,Person_1559,Group_2,Item_3,Threshold_2,1.0
5648,Person_1564,Group_1,Item_3,Threshold_2,1.0
5649,Person_1576,Group_2,Item_3,Threshold_2,1.0
5650,Person_1578,Group_1,Item_3,Threshold_2,0.0
5651,Person_1593,Group_1,Item_3,Threshold_2,0.0
5652,Person_1596,Group_1,Item_3,Threshold_2,1.0
5653,Person_1597,Group_2,Item_3,Threshold_2,1.0
5654,Person_1599,Group_1,Item_3,Threshold_2,0.0
5655,Person_1601,Group_1,Item_3,Threshold_2,1.0
5656,Person_1608,Group_1,Item_3,Threshold_2,1.0
5657,Person_1609,Group_1,Item_3,Threshold_2,1.0
5658,Person_1618,Group_1,Item_3,Threshold_2,0.0
5659,Person_1621,Group_1,Item_3,Threshold_2,1.0
5660,Person_1627,Group_2,Item_3,Threshold_2,0.0
5661,Person_1630,Group_1,Item_3,Threshold_2,0.0
5662,Person_1637,Group_2,Item_3,Threshold_2,1.0
5663,Person_1638,Group_1,Item_3,Threshold_2,1.0
5664,Person_16,Group_2,Item_3,Threshold_3,0.0
5665,Person_17,Group_1,Item_3,Threshold_3,0.0
5666,Person_25,Group_2,Item_3,Threshold_3,0.0
5667,Person_30,Group_1,Item_3,Threshold_3,0.0
5668,Person_32,Group_1,Item_3,Threshold_3,1.0
5669,Person_33,Group_2,Item_3,Threshold_3,0.0
5670,Person_38,Group_2,Item_3,Threshold_3,0.0
5671,Person_41,Group_2,Item_3,Threshold_3,0.0
5672,Person_44,Group_1,Item_3,Threshold_3,0.0
5673,Person_46,Group_1,Item_3,Threshold_3,0.0
5674,Person_48,Group_1,Item_3,Threshold_3,0.0
5675,Person_54,Group_1,Item_3,Threshold_3,0.0
5676,Person_55,Group_1,Item_3,Threshold_3,0.0
5677,Person_61,Group_2,Item_3,Threshold_3,0.0
5678,Person_65,Group_1,Item_3,Threshold_3,1.0
5679,Person_70,Group_1,Item_3,Threshold_3,1.0
5680,Person_71,Group_2,Item_3,Threshold_3,1.0
5681,Person_73,Group_1,Item_3,Threshold_3,0.0
5682,Person_78,Group_1,Item_3,Threshold_3,1.0
5683,Person_81,Group_1,Item_3,Threshold_3,0.0
5684,Person_82,Group_1,Item_3,Threshold_3,0.0
5685,Person_91,Group_1,Item_3,Threshold_3,0.0
5686,Person_101,Group_1,Item_3,Threshold_3,0.0
5687,Person_105,Group_2,Item_3,Threshold_3,0.0
5688,Person_108,Group_1,Item_3,Threshold_3,0.0
5689,Person_111,Group_2,Item_3,Threshold_3,1.0
5690,Person_115,Group_1,Item_3,Threshold_3,0.0
5691,Person_121,Group_1,Item_3,Threshold_3,0.0
5692,Person_122,Group_1,Item_3,Threshold_3,1.0
5693,Person_126,Group_2,Item_3,Threshold_3,1.0
5694,Person_128,Group_1,Item_3,Threshold_3,1.0
5695,Person_130,Group_1,Item_3,Threshold_3,1.0
5696,Person_142,Group_2,Item_3,Threshold_3,1.0
5697,Person_161,Group_1,Item_3,Threshold_3,0.0
5698,Person_169,Group_2,Item_3,Threshold_3,0.0
5699,Person_170,Group_1,Item_3,Threshold_3,1.0
5700,Person_177,Group_1,Item_3,Threshold_3,1.0
5701,Person_181,Group_2,Item_3,Threshold_3,0.0
5702,Person_184,Group_2,Item_3,Threshold_3,0.0
5703,Person_197,Group_1,Item_3,Threshold_3,1.0
5704,Person_198,Group_2,Item_3,Threshold_3,1.0
5705,Person_203,Group_1,Item_3,Threshold_3,0.0
5706,Person_212,Group_1,Item_3,Threshold_3,1.0
5707,Person_230,Group_1,Item_3,Threshold_3,1.0
5708,Person_231,Group_2,Item_3,Threshold_3,0.0
5709,Person_232,Group_2,Item_3,Threshold_3,0.0
5710,Person_241,Group_1,Item_3,Threshold_3,0.0
5711,Person_265,Group_2,Item_3,Threshold_3,0.0
5712,Person_273,Group_1,Item_3,Threshold_3,1.0
5713,Person_280,Group_2,Item_3,Threshold_3,1.0
5714,Person_281,Group_1,Item_3,Threshold_3,0.0
5715,Person_288,Group_1,Item_3,Threshold_3,1.0
5716,Person_295,Group_1,Item_3,Threshold_3,0.0
5717,Person_300,Group_2,Item_3,Threshold_3,1.0
5718,Person_305,Group_2,Item_3,Threshold_3,1.0
5719,Person_307,Group_2,Item_3,Threshold_3,1.0
5720,Person_315,Group_2,Item_3,Threshold_3,1.0
5721,Person_317,Group_2,Item_3,Threshold_3,1.0
5722,Person_319,Group_1,Item_3,Threshold_3,0.0
5723,Person_323,Group_2,Item_3,Threshold_3,0.0
5724,Person_326,Group_1,Item_3,Threshold_3,1.0
5725,Person_327,Group_2,Item_3,Threshold_3,1.0
5726,Person_328,Group_2,Item_3,Threshold_3,0.0
5727,Person_331,Group_2,Item_3,Threshold_3,1.0
5728,Person_332,Group_1,Item_3,Threshold_3,1.0
5729,Person_333,Group_1,Item_3,Threshold_3,0.0
5730,Person_337,Group_1,Item_3,Threshold_3,1.0
5731,Person_350,Group_1,Item_3,Threshold_3,1.0
5732,Person_376,Group_1,Item_3,Threshold_3,1.0
5733,Person_379,Group_2,Item_3,Threshold_3,0.0
5734,Person_384,Group_2,Item_3,Threshold_3,0.0
5735,Person_388,Group_1,Item_3,Threshold_3,0.0
5736,Person_395,Group_1,Item_3,Threshold_3,0.0
5737,Person_401,Group_1,Item_3,Threshold_3,0.0
5738,Person_402,Group_1,Item_3,Threshold_3,1.0
5739,Person_404,Group_2,Item_3,Threshold_3,0.0
5740,Person_408,Group_2,Item_3,Threshold_3,1.0
5741,Person_412,Group_1,Item_3,Threshold_3,1.0
5742,Person_415,Group_2,Item_3,Threshold_3,0.0
5743,Person_419,Group_1,Item_3,Threshold_3,0.0
5744,Person_428,Group_2,Item_3,Threshold_3,1.0
5745,Person_432,Group_2,Item_3,Threshold_3,1.0
5746,Person_435,Group_1,Item_3,Threshold_3,1.0
5747,Person_436,Group_1,Item_3,Threshold_3,0.0
5748,Person_437,Group_2,Item_3,Threshold_3,0.0
5749,Person_441,Group_1,Item_3,Threshold_3,0.0
5750,Person_444,Group_1,Item_3,Threshold_3,0.0
5751,Person_447,Group_2,Item_3,Threshold_3,1.0
5752,Person_450,Group_2,Item_3,Threshold_3,0.0
5753,Person_452,Group_2,Item_3,Threshold_3,0.0
5754,Person_453,Group_1,Item_3,Threshold_3,0.0
5755,Person_457,Group_2,Item_3,Threshold_3,1.0
5756,Person_462,Group_1,Item_3,Threshold_3,0.0
5757,Person_464,Group_1,Item_3,Threshold_3,0.0
5758,Person_467,Group_1,Item_3,Threshold_3,1.0
5759,Person_478,Group_1,Item_3,Threshold_3,0.0
5760,Person_485,Group_1,Item_3,Threshold_3,0.0
5761,Person_486,Group_1,Item_3,Threshold_3,1.0
5762,Person_491,Group_1,Item_3,Threshold_3,0.0
5763,Person_492,Group_2,Item_3,Threshold_3,1.0
5764,Person_499,Group_1,Item_3,Threshold_3,1.0
5765,Person_501,Group_1,Item_3,Threshold_3,1.0
5766,Person_504,Group_2,Item_3,Threshold_3,1.0
5767,Person_509,Group_2,Item_3,Threshold_3,1.0
5768,Person_511,Group_2,Item_3,Threshold_3,0.0
5769,Person_514,Group_1,Item_3,Threshold_3,0.0
5770,Person_523,Group_2,Item_3,Threshold_3,0.0
5771,Person_527,Group_2,Item_3,Threshold_3,1.0
5772,Person_531,Group_2,Item_3,Threshold_3,1.0
5773,Person_534,Group_2,Item_3,Threshold_3,0.0
5774,Person_535,Group_1,Item_3,Threshold_3,1.0
5775,Person_536,Group_1,Item_3,Threshold_3,1.0
5776,Person_540,Group_2,Item_3,Threshold_3,1.0
5777,Person_564,Group_1,Item_3,Threshold_3,0.0
5778,Person_566,Group_2,Item_3,Threshold_3,0.0
5779,Person_571,Group_2,Item_3,Threshold_3,1.0
5780,Person_573,Group_2,Item_3,Threshold_3,0.0
5781,Person_576,Group_1,Item_3,Threshold_3,1.0
5782,Person_587,Group_1,Item_3,Threshold_3,0.0
5783,Person_593,Group_1,Item_3,Threshold_3,1.0
5784,Person_594,Group_2,Item_3,Threshold_3,1.0
5785,Person_597,Group_1,Item_3,Threshold_3,1.0
5786,Person_598,Group_2,Item_3,Threshold_3,0.0
5787,Person_603,Group_1,Item_3,Threshold_3,1.0
5788,Person_607,Group_2,Item_3,Threshold_3,1.0
5789,Person_610,Group_1,Item_3,Threshold_3,0.0
5790,Person_612,Group_2,Item_3,Threshold_3,1.0
5791,Person_618,Group_1,Item_3,Threshold_3,0.0
5792,Person_620,Group_2,Item_3,Threshold_3,1.0
5793,Person_624,Group_1,Item_3,Threshold_3,1.0
5794,Person_630,Group_2,Item_3,Threshold_3,0.0
5795,Person_638,Group_2,Item_3,Threshold_3,0.0
5796,Person_640,Group_2,Item_3,Threshold_3,0.0
5797,Person_655,Group_1,Item_3,Threshold_3,1.0
5798,Person_657,Group_2,Item_3,Threshold_3,0.0
5799,Person_665,Group_1,Item_3,Threshold_3,0.0
5800,Person_666,Group_2,Item_3,Threshold_3,0.0
5801,Person_668,Group_2,Item_3,Threshold_3,0.0
5802,Person_670,Group_1,Item_3,Threshold_3,0.0
5803,Person_675,Group_1,Item_3,Threshold_3,0.0
5804,Person_679,Group_1,Item_3,Threshold_3,0.0
5805,Person_680,Group_1,Item_3,Threshold_3,1.0
5806,Person_681,Group_2,Item_3,Threshold_3,1.0
5807,Person_683,Group_1,Item_3,Threshold_3,1.0
5808,Person_695,Group_1,Item_3,Threshold_3,0.0
5809,Person_696,Group_1,Item_3,Threshold_3,1.0
5810,Person_700,Group_2,Item_3,Threshold_3,1.0
5811,Person_701,Group_2,Item_3,Threshold_3,1.0
5812,Person_703,Group_1,Item_3,Threshold_3,0.0
5813,Person_717,Group_1,Item_3,Threshold_3,0.0
5814,Person_719,Group_1,Item_3,Threshold_3,1.0
5815,Person_726,Group_2,Item_3,Threshold_3,1.0
5816,Person_728,Group_1,Item_3,Threshold_3,1.0
5817,Person_732,Group_2,Item_3,Threshold_3,0.0
5818,Person_734,Group_1,Item_3,Threshold_3,0.0
5819,Person_745,Group_2,Item_3,Threshold_3,0.0
5820,Person_749,Group_2,Item_3,Threshold_3,0.0
5821,Person_757,Group_1,Item_3,Threshold_3,1.0
5822,Person_758,Group_2,Item_3,Threshold_3,0.0
5823,Person_759,Group_1,Item_3,Threshold_3,0.0
5824,Person_767,Group_1,Item_3,Threshold_3,0.0
5825,Person_768,Group_1,Item_3,Threshold_3,1.0
5826,Person_769,Group_1,Item_3,Threshold_3,0.0
5827,Person_770,Group_1,Item_3,Threshold_3,0.0
5828,Person_771,Group_2,Item_3,Threshold_3,0.0
5829,Person_775,Group_2,Item_3,Threshold_3,1.0
5830,Person_797,Group_1,Item_3,Threshold_3,0.0
5831,Person_798,Group_2,Item_3,Threshold_3,0.0
5832,Person_804,Group_1,Item_3,Threshold_3,1.0
5833,Person_809,Group_1,Item_3,Threshold_3,1.0
5834,Person_813,Group_1,Item_3,Threshold_3,0.0
5835,Person_814,Group_2,Item_3,Threshold_3,0.0
5836,Person_821,Group_2,Item_3,Threshold_3,1.0
5837,Person_822,Group_2,Item_3,Threshold_3,1.0
5838,Person_826,Group_2,Item_3,Threshold_3,0.0
5839,Person_827,Group_2,Item_3,Threshold_3,0.0
5840,Person_829,Group_2,Item_3,Threshold_3,0.0
5841,Person_831,Group_1,Item_3,Threshold_3,1.0
5842,Person_835,Group_2,Item_3,Threshold_3,0.0
5843,Person_837,Group_1,Item_3,Threshold_3,1.0
5844,Person_838,Group_2,Item_3,Threshold_3,1.0
5845,Person_840,Group_2,Item_3,Threshold_3,1.0
5846,Person_843,Group_1,Item_3,Threshold_3,0.0
5847,Person_844,Group_1,Item_3,Threshold_3,1.0
5848,Person_847,Group_1,Item_3,Threshold_3,1.0
5849,Person_848,Group_2,Item_3,Threshold_3,0.0
5850,Person_852,Group_2,Item_3,Threshold_3,0.0
5851,Person_863,Group_2,Item_3,Threshold_3,1.0
5852,Person_868,Group_2,Item_3,Threshold_3,0.0
5853,Person_873,Group_1,Item_3,Threshold_3,0.0
5854,Person_875,Group_2,Item_3,Threshold_3,1.0
5855,Person_882,Group_1,Item_3,Threshold_3,1.0
5856,Person_887,Group_1,Item_3,Threshold_3,1.0
5857,Person_896,Group_1,Item_3,Threshold_3,0.0
5858,Person_902,Group_1,Item_3,Threshold_3,1.0
5859,Person_908,Group_1,Item_3,Threshold_3,1.0
5860,Person_916,Group_1,Item_3,Threshold_3,1.0
5861,Person_928,Group_2,Item_3,Threshold_3,0.0
5862,Person_931,Group_1,Item_3,Threshold_3,1.0
5863,Person_939,Group_2,Item_3,Threshold_3,0.0
5864,Person_944,Group_1,Item_3,Threshold_3,1.0
5865,Person_954,Group_2,Item_3,Threshold_3,0.0
5866,Person_955,Group_1,Item_3,Threshold_3,1.0
5867,Person_956,Group_1,Item_3,Threshold_3,1.0
5868,Person_962,Group_2,Item_3,Threshold_3,0.0
5869,Person_973,Group_1,Item_3,Threshold_3,0.0
5870,Person_985,Group_2,Item_3,Threshold_3,0.0
5871,Person_986,Group_2,Item_3,Threshold_3,0.0
5872,Person_988,Group_2,Item_3,Threshold_3,1.0
5873,Person_991,Group_2,Item_3,Threshold_3,1.0
5874,Person_998,Group_1,Item_3,Threshold_3,0.0
5875,Person_999,Group_1,Item_3,Threshold_3,0.0
5876,Person_1002,Group_1,Item_3,Threshold_3,1.0
5877,Person_1004,Group_1,Item_3,Threshold_3,0.0
5878,Person_1008,Group_1,Item_3,Threshold_3,1.0
5879,Person_1011,Group_1,Item_3,Threshold_3,0.0
5880,Person_1014,Group_2,Item_3,Threshold_3,1.0
5881,Person_1020,Group_1,Item_3,Threshold_3,1.0
5882,Person_1026,Group_2,Item_3,Threshold_3,0.0
5883,Person_1033,Group_1,Item_3,Threshold_3,0.0
5884,Person_1034,Group_1,Item_3,Threshold_3,1.0
5885,Person_1039,Group_2,Item_3,Threshold_3,0.0
5886,Person_1041,Group_2,Item_3,Threshold_3,1.0
5887,Person_1042,Group_1,Item_3,Threshold_3,0.0
5888,Person_1043,Group_2,Item_3,Threshold_3,1.0
5889,Person_1053,Group_2,Item_3,Threshold_3,1.0
5890,Person_1054,Group_2,Item_3,Threshold_3,1.0
5891,Person_1056,Group_2,Item_3,Threshold_3,1.0
5892,Person_1057,Group_2,Item_3,Threshold_3,0.0
5893,Person_1063,Group_1,Item_3,Threshold_3,1.0
5894,Person_1064,Group_2,Item_3,Threshold_3,0.0
5895,Person_1070,Group_1,Item_3,Threshold_3,0.0
5896,Person_1071,Group_2,Item_3,Threshold_3,0.0
5897,Person_1072,Group_2,Item_3,Threshold_3,0.0
5898,Person_1073,Group_2,Item_3,Threshold_3,0.0
5899,Person_1079,Group_2,Item_3,Threshold_3,1.0
5900,Person_1080,Group_2,Item_3,Threshold_3,1.0
5901,Person_1081,Group_2,Item_3,Threshold_3,1.0
5902,Person_1093,Group_2,Item_3,Threshold_3,1.0
5903,Person_1095,Group_1,Item_3,Threshold_3,0.0
5904,Person_1101,Group_2,Item_3,Threshold_3,1.0
5905,Person_1102,Group_2,Item_3,Threshold_3,1.0
5906,Person_1109,Group_2,Item_3,Threshold_3,0.0
5907,Person_1113,Group_2,Item_3,Threshold_3,0.0
5908,Person_1119,Group_2,Item_3,Threshold_3,1.0
5909,Person_1120,Group_2,Item_3,Threshold_3,1.0
5910,Person_1122,Group_1,Item_3,Threshold_3,0.0
5911,Person_1123,Group_1,Item_3,Threshold_3,0.0
5912,Person_1127,Group_1,Item_3,Threshold_3,1.0
5913,Person_1129,Group_1,Item_3,Threshold_3,1.0
5914,Person_1130,Group_1,Item_3,Threshold_3,1.0
5915,Person_1141,Group_1,Item_3,Threshold_3,0.0
5916,Person_1142,Group_2,Item_3,Threshold_3,0.0
5917,Person_1147,Group_1,Item_3,Threshold_3,1.0
5918,Person_1150,Group_2,Item_3,Threshold_3,0.0
5919,Person_1151,Group_2,Item_3,Threshold_3,0.0
5920,Person_1154,Group_1,Item_3,Threshold_3,0.0
5921,Person_1161,Group_1,Item_3,Threshold_3,0.0
5922,Person_1163,Group_2,Item_3,Threshold_3,0.0
5923,Person_1165,Group_1,Item_3,Threshold_3,0.0
5924,Person_1166,Group_1,Item_3,Threshold_3,0.0
5925,Person_1170,Group_2,Item_3,Threshold_3,1.0
5926,Person_1173,Group_1,Item_3,Threshold_3,0.0
5927,Person_1175,Group_2,Item_3,Threshold_3,0.0
5928,Person_1176,Group_1,Item_3,Threshold_3,1.0
5929,Person_1180,Group_2,Item_3,Threshold_3,1.0
5930,Person_1188,Group_1,Item_3,Threshold_3,0.0
5931,Person_1191,Group_2,Item_3,Threshold_3,0.0
5932,Person_1194,Group_2,Item_3,Threshold_3,0.0
5933,Person_1197,Group_2,Item_3,Threshold_3,1.0
5934,Person_1198,Group_2,Item_3,Threshold_3,0.0
5935,Person_1199,Group_2,Item_3,Threshold_3,0.0
5936,Person_1216,Group_2,Item_3,Threshold_3,0.0
5937,Person_1217,Group_2,Item_3,Threshold_3,0.0
5938,Person_1226,Group_1,Item_3,Threshold_3,1.0
5939,Person_1227,Group_1,Item_3,Threshold_3,0.0
5940,Person_1229,Group_1,Item_3,Threshold_3,1.0
5941,Person_1235,Group_2,Item_3,Threshold_3,0.0
5942,Person_1244,Group_1,Item_3,Threshold_3,0.0
5943,Person_1247,Group_1,Item_3,Threshold_3,1.0
5944,Person_1250,Group_2,Item_3,Threshold_3,1.0
5945,Person_1256,Group_2,Item_3,Threshold_3,0.0
5946,Person_1260,Group_2,Item_3,Threshold_3,0.0
5947,Person_1261,Group_1,Item_3,Threshold_3,1.0
5948,Person_1264,Group_2,Item_3,Threshold_3,0.0
5949,Person_1273,Group_2,Item_3,Threshold_3,1.0
5950,Person_1274,Group_1,Item_3,Threshold_3,1.0
5951,Person_1280,Group_2,Item_3,Threshold_3,0.0
5952,Person_1287,Group_1,Item_3,Threshold_3,0.0
5953,Person_1290,Group_1,Item_3,Threshold_3,1.0
5954,Person_1295,Group_1,Item_3,Threshold_3,0.0
5955,Person_1297,Group_2,Item_3,Threshold_3,1.0
5956,Person_1298,Group_2,Item_3,Threshold_3,0.0
5957,Person_1301,Group_1,Item_3,Threshold_3,0.0
5958,Person_1304,Group_1,Item_3,Threshold_3,1.0
5959,Person_1306,Group_1,Item_3,Threshold_3,1.0
5960,Person_1315,Group_2,Item_3,Threshold_3,1.0
5961,Person_1318,Group_2,Item_3,Threshold_3,1.0
5962,Person_1321,Group_2,Item_3,Threshold_3,1.0
5963,Person_1328,Group_1,Item_3,Threshold_3,1.0
5964,Person_1333,Group_2,Item_3,Threshold_3,1.0
5965,Person_1341,Group_1,Item_3,Threshold_3,0.0
5966,Person_1343,Group_2,Item_3,Threshold_3,0.0
5967,Person_1345,Group_2,Item_3,Threshold_3,1.0
5968,Person_1352,Group_1,Item_3,Threshold_3,1.0
5969,Person_1354,Group_2,Item_3,Threshold_3,0.0
5970,Person_1359,Group_1,Item_3,Threshold_3,0.0
5971,Person_1361,Group_2,Item_3,Threshold_3,0.0
5972,Person_1373,Group_1,Item_3,Threshold_3,0.0
5973,Person_1380,Group_2,Item_3,Threshold_3,1.0
5974,Person_1381,Group_1,Item_3,Threshold_3,1.0
5975,Person_1384,Group_1,Item_3,Threshold_3,0.0
5976,Person_1404,Group_2,Item_3,Threshold_3,0.0
5977,Person_1407,Group_2,Item_3,Threshold_3,1.0
5978,Person_1408,Group_1,Item_3,Threshold_3,0.0
5979,Person_1412,Group_2,Item_3,Threshold_3,1.0
5980,Person_1413,Group_1,Item_3,Threshold_3,1.0
5981,Person_1414,Group_2,Item_3,Threshold_3,1.0
5982,Person_1430,Group_1,Item_3,Threshold_3,0.0
5983,Person_1433,Group_1,Item_3,Threshold_3,0.0
5984,Person_1434,Group_1,Item_3,Threshold_3,0.0
5985,Person_1435,Group_1,Item_3,Threshold_3,0.0
5986,Person_1437,Group_2,Item_3,Threshold_3,0.0
5987,Person_1440,Group_1,Item_3,Threshold_3,0.0
5988,Person_1443,Group_2,Item_3,Threshold_3,1.0
5989,Person_1446,Group_1,Item_3,Threshold_3,0.0
5990,Person_1452,Group_2,Item_3,Threshold_3,0.0
5991,Person_1456,Group_2,Item_3,Threshold_3,1.0
5992,Person_1462,Group_2,Item_3,Threshold_3,0.0
5993,Person_1468,Group_2,Item_3,Threshold_3,0.0
5994,Person_1472,Group_1,Item_3,Threshold_3,1.0
5995,Person_1474,Group_1,Item_3,Threshold_3,1.0
5996,Person_1477,Group_2,Item_3,Threshold_3,0.0
5997,Person_1479,Group_2,Item_3,Threshold_3,0.0
5998,Person_1483,Group_1,Item_3,Threshold_3,1.0
5999,Person_1485,Group_2,Item_3,Threshold_3,1.0
6000,Person_1490,Group_1,Item_3,Threshold_3,1.0
6001,Person_1492,Group_1,Item_3,Threshold_3,0.0
6002,Person_1497,Group_1,Item_3,Threshold_3,0.0
6003,Person_1498,Group_1,Item_3,Threshold_3,1.0
6004,Person_1501,Group_2,Item_3,Threshold_3,1.0
6005,Person_1516,Group_1,Item_3,Threshold_3,0.0
6006,Person_1520,Group_2,Item_3,Threshold_3,1.0
6007,Person_1522,Group_1,Item_3,Threshold_3,1.0
6008,Person_1523,Group_1,Item_3,Threshold_3,0.0
6009,Person_1527,Group_1,Item_3,Threshold_3,0.0
6010,Person_1530,Group_1,Item_3,Threshold_3,1.0
6011,Person_1533,Group_1,Item_3,Threshold_3,1.0
6012,Person_1534,Group_1,Item_3,Threshold_3,0.0
6013,Person_1538,Group_1,Item_3,Threshold_3,0.0
6014,Person_1541,Group_2,Item_3,Threshold_3,0.0
6015,Person_1549,Group_1,Item_3,Threshold_3,1.0
6016,Person_1554,Group_2,Item_3,Threshold_3,1.0
6017,Person_1559,Group_1,Item_3,Threshold_3,0.0
6018,Person_1562,Group_2,Item_3,Threshold_3,1.0
6019,Person_1564,Group_2,Item_3,Threshold_3,0.0
6020,Person_1576,Group_1,Item_3,Threshold_3,0.0
6021,Person_1580,Group_2,Item_3,Threshold_3,1.0
6022,Person_1582,Group_1,Item_3,Threshold_3,1.0
6023,Person_1590,Group_1,Item_3,Threshold_3,1.0
6024,Person_1596,Group_2,Item_3,Threshold_3,0.0
6025,Person_1597,Group_1,Item_3,Threshold_3,0.0
6026,Person_1598,Group_1,Item_3,Threshold_3,1.0
6027,Person_1601,Group_2,Item_3,Threshold_3,0.0
6028,Person_1604,Group_2,Item_3,Threshold_3,1.0
6029,Person_1608,Group_2,Item_3,Threshold_3,0.0
6030,Person_1609,Group_2,Item_3,Threshold_3,0.0
6031,Person_1621,Group_2,Item_3,Threshold_3,0.0
6032,Person_1623,Group_1,Item_3,Threshold_3,1.0
6033,Person_1632,Group_2,Item_3,Threshold_3,1.0
6034,Person_1636,Group_2,Item_3,Threshold_3,1.0
6035,Person_1637,Group_1,Item_3,Threshold_3,0.0
6036,Person_1638,Group_1,Item_3,Threshold_3,0.0
6037,Person_10,Group_2,Item_3,Threshold_4,1.0
6038,Person_21,Group_2,Item_3,Threshold_4,1.0
6039,Person_22,Group_2,Item_3,Threshold_4,1.0
6040,Person_32,Group_2,Item_3,Threshold_4,0.0
6041,Person_34,Group_2,Item_3,Threshold_4,1.0
6042,Person_37,Group_1,Item_3,Threshold_4,1.0
6043,Person_42,Group_1,Item_3,Threshold_4,1.0
6044,Person_50,Group_2,Item_3,Threshold_4,1.0
6045,Person_56,Group_2,Item_3,Threshold_4,1.0
6046,Person_57,Group_1,Item_3,Threshold_4,1.0
6047,Person_65,Group_1,Item_3,Threshold_4,0.0
6048,Person_67,Group_1,Item_3,Threshold_4,1.0
6049,Person_69,Group_1,Item_3,Threshold_4,1.0
6050,Person_70,Group_1,Item_3,Threshold_4,0.0
6051,Person_71,Group_2,Item_3,Threshold_4,0.0
6052,Person_78,Group_2,Item_3,Threshold_4,0.0
6053,Person_79,Group_1,Item_3,Threshold_4,1.0
6054,Person_95,Group_2,Item_3,Threshold_4,1.0
6055,Person_96,Group_1,Item_3,Threshold_4,1.0
6056,Person_98,Group_2,Item_3,Threshold_4,1.0
6057,Person_103,Group_1,Item_3,Threshold_4,1.0
6058,Person_107,Group_1,Item_3,Threshold_4,1.0
6059,Person_111,Group_2,Item_3,Threshold_4,0.0
6060,Person_118,Group_1,Item_3,Threshold_4,1.0
6061,Person_122,Group_2,Item_3,Threshold_4,0.0
6062,Person_123,Group_1,Item_3,Threshold_4,1.0
6063,Person_124,Group_1,Item_3,Threshold_4,1.0
6064,Person_126,Group_1,Item_3,Threshold_4,0.0
6065,Person_128,Group_2,Item_3,Threshold_4,0.0
6066,Person_130,Group_1,Item_3,Threshold_4,0.0
6067,Person_133,Group_2,Item_3,Threshold_4,1.0
6068,Person_138,Group_2,Item_3,Threshold_4,1.0
6069,Person_142,Group_2,Item_3,Threshold_4,0.0
6070,Person_147,Group_2,Item_3,Threshold_4,1.0
6071,Person_148,Group_1,Item_3,Threshold_4,1.0
6072,Person_151,Group_1,Item_3,Threshold_4,1.0
6073,Person_155,Group_2,Item_3,Threshold_4,1.0
6074,Person_158,Group_1,Item_3,Threshold_4,1.0
6075,Person_163,Group_2,Item_3,Threshold_4,1.0
6076,Person_167,Group_1,Item_3,Threshold_4,1.0
6077,Person_168,Group_1,Item_3,Threshold_4,1.0
6078,Person_170,Group_2,Item_3,Threshold_4,0.0
6079,Person_171,Group_1,Item_3,Threshold_4,1.0
6080,Person_172,Group_1,Item_3,Threshold_4,1.0
6081,Person_174,Group_2,Item_3,Threshold_4,1.0
6082,Person_177,Group_2,Item_3,Threshold_4,0.0
6083,Person_180,Group_1,Item_3,Threshold_4,1.0
6084,Person_182,Group_1,Item_3,Threshold_4,1.0
6085,Person_188,Group_1,Item_3,Threshold_4,1.0
6086,Person_197,Group_2,Item_3,Threshold_4,0.0
6087,Person_198,Group_2,Item_3,Threshold_4,0.0
6088,Person_206,Group_1,Item_3,Threshold_4,1.0
6089,Person_207,Group_1,Item_3,Threshold_4,1.0
6090,Person_208,Group_1,Item_3,Threshold_4,1.0
6091,Person_210,Group_1,Item_3,Threshold_4,1.0
6092,Person_212,Group_2,Item_3,Threshold_4,0.0
6093,Person_213,Group_2,Item_3,Threshold_4,1.0
6094,Person_214,Group_1,Item_3,Threshold_4,1.0
6095,Person_216,Group_1,Item_3,Threshold_4,1.0
6096,Person_222,Group_1,Item_3,Threshold_4,1.0
6097,Person_225,Group_1,Item_3,Threshold_4,1.0
6098,Person_228,Group_1,Item_3,Threshold_4,1.0
6099,Person_230,Group_1,Item_3,Threshold_4,0.0
6100,Person_233,Group_1,Item_3,Threshold_4,1.0
6101,Person_237,Group_1,Item_3,Threshold_4,1.0
6102,Person_239,Group_1,Item_3,Threshold_4,1.0
6103,Person_240,Group_1,Item_3,Threshold_4,1.0
6104,Person_243,Group_2,Item_3,Threshold_4,1.0
6105,Person_246,Group_1,Item_3,Threshold_4,1.0
6106,Person_261,Group_2,Item_3,Threshold_4,1.0
6107,Person_264,Group_2,Item_3,Threshold_4,1.0
6108,Person_269,Group_2,Item_3,Threshold_4,1.0
6109,Person_273,Group_2,Item_3,Threshold_4,0.0
6110,Person_277,Group_1,Item_3,Threshold_4,1.0
6111,Person_280,Group_2,Item_3,Threshold_4,0.0
6112,Person_283,Group_1,Item_3,Threshold_4,1.0
6113,Person_288,Group_1,Item_3,Threshold_4,0.0
6114,Person_290,Group_2,Item_3,Threshold_4,1.0
6115,Person_300,Group_1,Item_3,Threshold_4,0.0
6116,Person_305,Group_1,Item_3,Threshold_4,0.0
6117,Person_307,Group_1,Item_3,Threshold_4,0.0
6118,Person_308,Group_2,Item_3,Threshold_4,1.0
6119,Person_315,Group_2,Item_3,Threshold_4,0.0
6120,Person_317,Group_2,Item_3,Threshold_4,0.0
6121,Person_326,Group_1,Item_3,Threshold_4,0.0
6122,Person_327,Group_1,Item_3,Threshold_4,0.0
6123,Person_329,Group_2,Item_3,Threshold_4,1.0
6124,Person_330,Group_1,Item_3,Threshold_4,1.0
6125,Person_331,Group_1,Item_3,Threshold_4,0.0
6126,Person_332,Group_2,Item_3,Threshold_4,0.0
6127,Person_336,Group_2,Item_3,Threshold_4,1.0
6128,Person_337,Group_1,Item_3,Threshold_4,0.0
6129,Person_350,Group_1,Item_3,Threshold_4,0.0
6130,Person_351,Group_1,Item_3,Threshold_4,1.0
6131,Person_355,Group_2,Item_3,Threshold_4,1.0
6132,Person_357,Group_1,Item_3,Threshold_4,1.0
6133,Person_364,Group_2,Item_3,Threshold_4,1.0
6134,Person_365,Group_2,Item_3,Threshold_4,1.0
6135,Person_369,Group_2,Item_3,Threshold_4,1.0
6136,Person_371,Group_2,Item_3,Threshold_4,1.0
6137,Person_372,Group_2,Item_3,Threshold_4,1.0
6138,Person_376,Group_2,Item_3,Threshold_4,0.0
6139,Person_382,Group_1,Item_3,Threshold_4,1.0
6140,Person_386,Group_1,Item_3,Threshold_4,1.0
6141,Person_389,Group_2,Item_3,Threshold_4,1.0
6142,Person_399,Group_2,Item_3,Threshold_4,1.0
6143,Person_400,Group_2,Item_3,Threshold_4,1.0
6144,Person_402,Group_2,Item_3,Threshold_4,0.0
6145,Person_408,Group_1,Item_3,Threshold_4,0.0
6146,Person_412,Group_1,Item_3,Threshold_4,0.0
6147,Person_417,Group_1,Item_3,Threshold_4,1.0
6148,Person_426,Group_2,Item_3,Threshold_4,1.0
6149,Person_428,Group_2,Item_3,Threshold_4,0.0
6150,Person_432,Group_1,Item_3,Threshold_4,0.0
6151,Person_434,Group_2,Item_3,Threshold_4,1.0
6152,Person_435,Group_1,Item_3,Threshold_4,0.0
6153,Person_439,Group_2,Item_3,Threshold_4,1.0
6154,Person_443,Group_1,Item_3,Threshold_4,1.0
6155,Person_447,Group_1,Item_3,Threshold_4,0.0
6156,Person_451,Group_1,Item_3,Threshold_4,1.0
6157,Person_457,Group_1,Item_3,Threshold_4,0.0
6158,Person_463,Group_1,Item_3,Threshold_4,1.0
6159,Person_465,Group_2,Item_3,Threshold_4,1.0
6160,Person_466,Group_1,Item_3,Threshold_4,1.0
6161,Person_467,Group_1,Item_3,Threshold_4,0.0
6162,Person_468,Group_1,Item_3,Threshold_4,1.0
6163,Person_472,Group_1,Item_3,Threshold_4,1.0
6164,Person_479,Group_1,Item_3,Threshold_4,1.0
6165,Person_486,Group_2,Item_3,Threshold_4,0.0
6166,Person_489,Group_1,Item_3,Threshold_4,1.0
6167,Person_492,Group_1,Item_3,Threshold_4,0.0
6168,Person_496,Group_2,Item_3,Threshold_4,1.0
6169,Person_498,Group_1,Item_3,Threshold_4,1.0
6170,Person_499,Group_1,Item_3,Threshold_4,0.0
6171,Person_501,Group_2,Item_3,Threshold_4,0.0
6172,Person_504,Group_2,Item_3,Threshold_4,0.0
6173,Person_509,Group_1,Item_3,Threshold_4,0.0
6174,Person_512,Group_2,Item_3,Threshold_4,1.0
6175,Person_513,Group_2,Item_3,Threshold_4,1.0
6176,Person_515,Group_2,Item_3,Threshold_4,1.0
6177,Person_525,Group_2,Item_3,Threshold_4,1.0
6178,Person_527,Group_1,Item_3,Threshold_4,0.0
6179,Person_530,Group_1,Item_3,Threshold_4,1.0
6180,Person_531,Group_1,Item_3,Threshold_4,0.0
6181,Person_535,Group_2,Item_3,Threshold_4,0.0
6182,Person_536,Group_2,Item_3,Threshold_4,0.0
6183,Person_539,Group_2,Item_3,Threshold_4,1.0
6184,Person_540,Group_1,Item_3,Threshold_4,0.0
6185,Person_543,Group_1,Item_3,Threshold_4,1.0
6186,Person_545,Group_2,Item_3,Threshold_4,1.0
6187,Person_547,Group_1,Item_3,Threshold_4,1.0
6188,Person_567,Group_2,Item_3,Threshold_4,1.0
6189,Person_571,Group_1,Item_3,Threshold_4,0.0
6190,Person_575,Group_1,Item_3,Threshold_4,1.0
6191,Person_576,Group_2,Item_3,Threshold_4,0.0
6192,Person_578,Group_2,Item_3,Threshold_4,1.0
6193,Person_588,Group_1,Item_3,Threshold_4,1.0
6194,Person_593,Group_1,Item_3,Threshold_4,0.0
6195,Person_594,Group_1,Item_3,Threshold_4,0.0
6196,Person_595,Group_1,Item_3,Threshold_4,1.0
6197,Person_596,Group_1,Item_3,Threshold_4,1.0
6198,Person_597,Group_2,Item_3,Threshold_4,0.0
6199,Person_601,Group_1,Item_3,Threshold_4,1.0
6200,Person_603,Group_1,Item_3,Threshold_4,0.0
6201,Person_605,Group_1,Item_3,Threshold_4,1.0
6202,Person_607,Group_2,Item_3,Threshold_4,0.0
6203,Person_612,Group_2,Item_3,Threshold_4,0.0
6204,Person_620,Group_2,Item_3,Threshold_4,0.0
6205,Person_621,Group_2,Item_3,Threshold_4,1.0
6206,Person_624,Group_2,Item_3,Threshold_4,0.0
6207,Person_625,Group_2,Item_3,Threshold_4,1.0
6208,Person_627,Group_2,Item_3,Threshold_4,1.0
6209,Person_629,Group_1,Item_3,Threshold_4,1.0
6210,Person_631,Group_1,Item_3,Threshold_4,1.0
6211,Person_637,Group_2,Item_3,Threshold_4,1.0
6212,Person_639,Group_1,Item_3,Threshold_4,1.0
6213,Person_644,Group_2,Item_3,Threshold_4,1.0
6214,Person_646,Group_2,Item_3,Threshold_4,1.0
6215,Person_655,Group_1,Item_3,Threshold_4,0.0
6216,Person_662,Group_2,Item_3,Threshold_4,1.0
6217,Person_664,Group_1,Item_3,Threshold_4,1.0
6218,Person_667,Group_2,Item_3,Threshold_4,1.0
6219,Person_671,Group_2,Item_3,Threshold_4,1.0
6220,Person_678,Group_1,Item_3,Threshold_4,1.0
6221,Person_680,Group_1,Item_3,Threshold_4,0.0
6222,Person_681,Group_2,Item_3,Threshold_4,0.0
6223,Person_683,Group_2,Item_3,Threshold_4,0.0
6224,Person_688,Group_2,Item_3,Threshold_4,1.0
6225,Person_696,Group_1,Item_3,Threshold_4,0.0
6226,Person_697,Group_1,Item_3,Threshold_4,1.0
6227,Person_700,Group_2,Item_3,Threshold_4,0.0
6228,Person_701,Group_1,Item_3,Threshold_4,0.0
6229,Person_704,Group_1,Item_3,Threshold_4,1.0
6230,Person_719,Group_2,Item_3,Threshold_4,0.0
6231,Person_722,Group_1,Item_3,Threshold_4,1.0
6232,Person_724,Group_2,Item_3,Threshold_4,1.0
6233,Person_726,Group_2,Item_3,Threshold_4,0.0
6234,Person_728,Group_2,Item_3,Threshold_4,0.0
6235,Person_731,Group_2,Item_3,Threshold_4,1.0
6236,Person_741,Group_2,Item_3,Threshold_4,1.0
6237,Person_743,Group_1,Item_3,Threshold_4,1.0
6238,Person_757,Group_1,Item_3,Threshold_4,0.0
6239,Person_761,Group_1,Item_3,Threshold_4,1.0
6240,Person_762,Group_1,Item_3,Threshold_4,1.0
6241,Person_765,Group_1,Item_3,Threshold_4,1.0
6242,Person_768,Group_2,Item_3,Threshold_4,0.0
6243,Person_772,Group_1,Item_3,Threshold_4,1.0
6244,Person_775,Group_2,Item_3,Threshold_4,0.0
6245,Person_781,Group_1,Item_3,Threshold_4,1.0
6246,Person_792,Group_1,Item_3,Threshold_4,1.0
6247,Person_799,Group_1,Item_3,Threshold_4,1.0
6248,Person_804,Group_2,Item_3,Threshold_4,0.0
6249,Person_809,Group_1,Item_3,Threshold_4,0.0
6250,Person_811,Group_1,Item_3,Threshold_4,1.0
6251,Person_820,Group_1,Item_3,Threshold_4,1.0
6252,Person_821,Group_1,Item_3,Threshold_4,0.0
6253,Person_822,Group_2,Item_3,Threshold_4,0.0
6254,Person_823,Group_2,Item_3,Threshold_4,1.0
6255,Person_824,Group_1,Item_3,Threshold_4,1.0
6256,Person_831,Group_2,Item_3,Threshold_4,0.0
6257,Person_834,Group_1,Item_3,Threshold_4,1.0
6258,Person_837,Group_2,Item_3,Threshold_4,0.0
6259,Person_838,Group_2,Item_3,Threshold_4,0.0
6260,Person_839,Group_2,Item_3,Threshold_4,1.0
6261,Person_840,Group_1,Item_3,Threshold_4,0.0
6262,Person_842,Group_1,Item_3,Threshold_4,1.0
6263,Person_844,Group_1,Item_3,Threshold_4,0.0
6264,Person_847,Group_1,Item_3,Threshold_4,0.0
6265,Person_849,Group_1,Item_3,Threshold_4,1.0
6266,Person_850,Group_2,Item_3,Threshold_4,1.0
6267,Person_854,Group_2,Item_3,Threshold_4,1.0
6268,Person_863,Group_2,Item_3,Threshold_4,0.0
6269,Person_872,Group_2,Item_3,Threshold_4,1.0
6270,Person_875,Group_1,Item_3,Threshold_4,0.0
6271,Person_876,Group_1,Item_3,Threshold_4,1.0
6272,Person_877,Group_2,Item_3,Threshold_4,1.0
6273,Person_879,Group_2,Item_3,Threshold_4,1.0
6274,Person_882,Group_2,Item_3,Threshold_4,0.0
6275,Person_887,Group_2,Item_3,Threshold_4,0.0
6276,Person_893,Group_2,Item_3,Threshold_4,1.0
6277,Person_894,Group_1,Item_3,Threshold_4,1.0
6278,Person_898,Group_2,Item_3,Threshold_4,1.0
6279,Person_902,Group_2,Item_3,Threshold_4,0.0
6280,Person_904,Group_2,Item_3,Threshold_4,1.0
6281,Person_906,Group_2,Item_3,Threshold_4,1.0
6282,Person_908,Group_2,Item_3,Threshold_4,0.0
6283,Person_910,Group_2,Item_3,Threshold_4,1.0
6284,Person_916,Group_2,Item_3,Threshold_4,0.0
6285,Person_917,Group_1,Item_3,Threshold_4,1.0
6286,Person_922,Group_2,Item_3,Threshold_4,1.0
6287,Person_930,Group_1,Item_3,Threshold_4,1.0
6288,Person_931,Group_1,Item_3,Threshold_4,0.0
6289,Person_937,Group_1,Item_3,Threshold_4,1.0
6290,Person_944,Group_2,Item_3,Threshold_4,0.0
6291,Person_955,Group_2,Item_3,Threshold_4,0.0
6292,Person_956,Group_2,Item_3,Threshold_4,0.0
6293,Person_960,Group_2,Item_3,Threshold_4,1.0
6294,Person_972,Group_1,Item_3,Threshold_4,1.0
6295,Person_976,Group_2,Item_3,Threshold_4,1.0
6296,Person_981,Group_2,Item_3,Threshold_4,1.0
6297,Person_988,Group_1,Item_3,Threshold_4,0.0
6298,Person_990,Group_1,Item_3,Threshold_4,1.0
6299,Person_991,Group_1,Item_3,Threshold_4,0.0
6300,Person_994,Group_2,Item_3,Threshold_4,1.0
6301,Person_996,Group_1,Item_3,Threshold_4,1.0
6302,Person_1000,Group_1,Item_3,Threshold_4,1.0
6303,Person_1002,Group_1,Item_3,Threshold_4,0.0
6304,Person_1008,Group_1,Item_3,Threshold_4,0.0
6305,Person_1009,Group_1,Item_3,Threshold_4,1.0
6306,Person_1014,Group_2,Item_3,Threshold_4,0.0
6307,Person_1015,Group_2,Item_3,Threshold_4,1.0
6308,Person_1016,Group_2,Item_3,Threshold_4,1.0
6309,Person_1020,Group_1,Item_3,Threshold_4,0.0
6310,Person_1030,Group_2,Item_3,Threshold_4,1.0
6311,Person_1034,Group_1,Item_3,Threshold_4,0.0
6312,Person_1041,Group_1,Item_3,Threshold_4,0.0
6313,Person_1043,Group_1,Item_3,Threshold_4,0.0
6314,Person_1045,Group_1,Item_3,Threshold_4,1.0
6315,Person_1046,Group_2,Item_3,Threshold_4,1.0
6316,Person_1047,Group_2,Item_3,Threshold_4,1.0
6317,Person_1048,Group_2,Item_3,Threshold_4,1.0
6318,Person_1051,Group_2,Item_3,Threshold_4,1.0
6319,Person_1053,Group_2,Item_3,Threshold_4,0.0
6320,Person_1054,Group_2,Item_3,Threshold_4,0.0
6321,Person_1056,Group_2,Item_3,Threshold_4,0.0
6322,Person_1058,Group_2,Item_3,Threshold_4,1.0
6323,Person_1060,Group_2,Item_3,Threshold_4,1.0
6324,Person_1063,Group_1,Item_3,Threshold_4,0.0
6325,Person_1068,Group_1,Item_3,Threshold_4,1.0
6326,Person_1069,Group_1,Item_3,Threshold_4,1.0
6327,Person_1077,Group_2,Item_3,Threshold_4,1.0
6328,Person_1078,Group_2,Item_3,Threshold_4,1.0
6329,Person_1079,Group_2,Item_3,Threshold_4,0.0
6330,Person_1080,Group_2,Item_3,Threshold_4,0.0
6331,Person_1081,Group_2,Item_3,Threshold_4,0.0
6332,Person_1092,Group_1,Item_3,Threshold_4,1.0
6333,Person_1093,Group_1,Item_3,Threshold_4,0.0
6334,Person_1094,Group_1,Item_3,Threshold_4,1.0
6335,Person_1099,Group_1,Item_3,Threshold_4,1.0
6336,Person_1101,Group_1,Item_3,Threshold_4,0.0
6337,Person_1102,Group_1,Item_3,Threshold_4,0.0
6338,Person_1103,Group_2,Item_3,Threshold_4,1.0
6339,Person_1106,Group_1,Item_3,Threshold_4,1.0
6340,Person_1119,Group_1,Item_3,Threshold_4,0.0
6341,Person_1120,Group_2,Item_3,Threshold_4,0.0
6342,Person_1127,Group_2,Item_3,Threshold_4,0.0
6343,Person_1129,Group_1,Item_3,Threshold_4,0.0
6344,Person_1130,Group_1,Item_3,Threshold_4,0.0
6345,Person_1131,Group_1,Item_3,Threshold_4,1.0
6346,Person_1133,Group_1,Item_3,Threshold_4,1.0
6347,Person_1136,Group_1,Item_3,Threshold_4,1.0
6348,Person_1146,Group_2,Item_3,Threshold_4,1.0
6349,Person_1147,Group_1,Item_3,Threshold_4,0.0
6350,Person_1152,Group_2,Item_3,Threshold_4,1.0
6351,Person_1153,Group_1,Item_3,Threshold_4,1.0
6352,Person_1157,Group_2,Item_3,Threshold_4,1.0
6353,Person_1170,Group_2,Item_3,Threshold_4,0.0
6354,Person_1176,Group_1,Item_3,Threshold_4,0.0
6355,Person_1178,Group_2,Item_3,Threshold_4,1.0
6356,Person_1179,Group_1,Item_3,Threshold_4,1.0
6357,Person_1180,Group_1,Item_3,Threshold_4,0.0
6358,Person_1183,Group_1,Item_3,Threshold_4,1.0
6359,Person_1190,Group_1,Item_3,Threshold_4,1.0
6360,Person_1193,Group_2,Item_3,Threshold_4,1.0
6361,Person_1196,Group_2,Item_3,Threshold_4,1.0
6362,Person_1197,Group_1,Item_3,Threshold_4,0.0
6363,Person_1201,Group_1,Item_3,Threshold_4,1.0
6364,Person_1205,Group_2,Item_3,Threshold_4,1.0
6365,Person_1206,Group_2,Item_3,Threshold_4,1.0
6366,Person_1211,Group_1,Item_3,Threshold_4,1.0
6367,Person_1215,Group_1,Item_3,Threshold_4,1.0
6368,Person_1222,Group_1,Item_3,Threshold_4,1.0
6369,Person_1226,Group_1,Item_3,Threshold_4,0.0
6370,Person_1229,Group_1,Item_3,Threshold_4,0.0
6371,Person_1234,Group_1,Item_3,Threshold_4,1.0
6372,Person_1247,Group_2,Item_3,Threshold_4,0.0
6373,Person_1249,Group_2,Item_3,Threshold_4,1.0
6374,Person_1250,Group_1,Item_3,Threshold_4,0.0
6375,Person_1253,Group_1,Item_3,Threshold_4,1.0
6376,Person_1261,Group_2,Item_3,Threshold_4,0.0
6377,Person_1266,Group_1,Item_3,Threshold_4,1.0
6378,Person_1271,Group_1,Item_3,Threshold_4,1.0
6379,Person_1272,Group_2,Item_3,Threshold_4,1.0
6380,Person_1273,Group_2,Item_3,Threshold_4,0.0
6381,Person_1274,Group_1,Item_3,Threshold_4,0.0
6382,Person_1276,Group_1,Item_3,Threshold_4,1.0
6383,Person_1277,Group_1,Item_3,Threshold_4,1.0
6384,Person_1288,Group_2,Item_3,Threshold_4,1.0
6385,Person_1289,Group_1,Item_3,Threshold_4,1.0
6386,Person_1290,Group_2,Item_3,Threshold_4,0.0
6387,Person_1293,Group_2,Item_3,Threshold_4,1.0
6388,Person_1296,Group_2,Item_3,Threshold_4,1.0
6389,Person_1297,Group_1,Item_3,Threshold_4,0.0
6390,Person_1302,Group_1,Item_3,Threshold_4,1.0
6391,Person_1304,Group_2,Item_3,Threshold_4,0.0
6392,Person_1306,Group_2,Item_3,Threshold_4,0.0
6393,Person_1315,Group_2,Item_3,Threshold_4,0.0
6394,Person_1316,Group_1,Item_3,Threshold_4,1.0
6395,Person_1318,Group_1,Item_3,Threshold_4,0.0
6396,Person_1321,Group_1,Item_3,Threshold_4,0.0
6397,Person_1325,Group_1,Item_3,Threshold_4,1.0
6398,Person_1328,Group_1,Item_3,Threshold_4,0.0
6399,Person_1329,Group_2,Item_3,Threshold_4,1.0
6400,Person_1330,Group_1,Item_3,Threshold_4,1.0
6401,Person_1331,Group_1,Item_3,Threshold_4,1.0
6402,Person_1333,Group_2,Item_3,Threshold_4,0.0
6403,Person_1342,Group_2,Item_3,Threshold_4,1.0
6404,Person_1345,Group_1,Item_3,Threshold_4,0.0
6405,Person_1346,Group_1,Item_3,Threshold_4,1.0
6406,Person_1348,Group_1,Item_3,Threshold_4,1.0
6407,Person_1352,Group_1,Item_3,Threshold_4,0.0
6408,Person_1360,Group_1,Item_3,Threshold_4,1.0
6409,Person_1363,Group_2,Item_3,Threshold_4,1.0
6410,Person_1364,Group_2,Item_3,Threshold_4,1.0
6411,Person_1372,Group_2,Item_3,Threshold_4,1.0
6412,Person_1375,Group_1,Item_3,Threshold_4,1.0
6413,Person_1376,Group_2,Item_3,Threshold_4,1.0
6414,Person_1378,Group_1,Item_3,Threshold_4,1.0
6415,Person_1380,Group_2,Item_3,Threshold_4,0.0
6416,Person_1381,Group_2,Item_3,Threshold_4,0.0
6417,Person_1382,Group_1,Item_3,Threshold_4,1.0
6418,Person_1383,Group_2,Item_3,Threshold_4,1.0
6419,Person_1397,Group_1,Item_3,Threshold_4,1.0
6420,Person_1400,Group_1,Item_3,Threshold_4,1.0
6421,Person_1407,Group_2,Item_3,Threshold_4,0.0
6422,Person_1411,Group_1,Item_3,Threshold_4,1.0
6423,Person_1412,Group_2,Item_3,Threshold_4,0.0
6424,Person_1413,Group_1,Item_3,Threshold_4,0.0
6425,Person_1414,Group_1,Item_3,Threshold_4,0.0
6426,Person_1422,Group_2,Item_3,Threshold_4,1.0
6427,Person_1423,Group_1,Item_3,Threshold_4,1.0
6428,Person_1425,Group_2,Item_3,Threshold_4,1.0
6429,Person_1436,Group_1,Item_3,Threshold_4,1.0
6430,Person_1442,Group_1,Item_3,Threshold_4,1.0
6431,Person_1443,Group_2,Item_3,Threshold_4,0.0
6432,Person_1448,Group_2,Item_3,Threshold_4,1.0
6433,Person_1456,Group_1,Item_3,Threshold_4,0.0
6434,Person_1460,Group_1,Item_3,Threshold_4,1.0
6435,Person_1466,Group_1,Item_3,Threshold_4,1.0
6436,Person_1472,Group_2,Item_3,Threshold_4,0.0
6437,Person_1474,Group_1,Item_3,Threshold_4,0.0
6438,Person_1481,Group_1,Item_3,Threshold_4,1.0
6439,Person_1483,Group_1,Item_3,Threshold_4,0.0
6440,Person_1485,Group_2,Item_3,Threshold_4,0.0
6441,Person_1489,Group_1,Item_3,Threshold_4,1.0
6442,Person_1490,Group_1,Item_3,Threshold_4,0.0
6443,Person_1493,Group_1,Item_3,Threshold_4,1.0
6444,Person_1496,Group_1,Item_3,Threshold_4,1.0
6445,Person_1498,Group_1,Item_3,Threshold_4,0.0
6446,Person_1501,Group_1,Item_3,Threshold_4,0.0
6447,Person_1502,Group_2,Item_3,Threshold_4,1.0
6448,Person_1510,Group_2,Item_3,Threshold_4,1.0
6449,Person_1520,Group_1,Item_3,Threshold_4,0.0
6450,Person_1521,Group_2,Item_3,Threshold_4,1.0
6451,Person_1522,Group_2,Item_3,Threshold_4,0.0
6452,Person_1525,Group_1,Item_3,Threshold_4,1.0
6453,Person_1526,Group_1,Item_3,Threshold_4,1.0
6454,Person_1530,Group_2,Item_3,Threshold_4,0.0
6455,Person_1533,Group_2,Item_3,Threshold_4,0.0
6456,Person_1544,Group_1,Item_3,Threshold_4,1.0
6457,Person_1549,Group_1,Item_3,Threshold_4,0.0
6458,Person_1554,Group_1,Item_3,Threshold_4,0.0
6459,Person_1561,Group_2,Item_3,Threshold_4,1.0
6460,Person_1562,Group_2,Item_3,Threshold_4,0.0
6461,Person_1565,Group_1,Item_3,Threshold_4,1.0
6462,Person_1568,Group_1,Item_3,Threshold_4,1.0
6463,Person_1573,Group_2,Item_3,Threshold_4,1.0
6464,Person_1580,Group_2,Item_3,Threshold_4,0.0
6465,Person_1582,Group_2,Item_3,Threshold_4,0.0
6466,Person_1586,Group_2,Item_3,Threshold_4,1.0
6467,Person_1590,Group_2,Item_3,Threshold_4,0.0
6468,Person_1591,Group_2,Item_3,Threshold_4,1.0
6469,Person_1594,Group_2,Item_3,Threshold_4,1.0
6470,Person_1595,Group_2,Item_3,Threshold_4,1.0
6471,Person_1598,Group_2,Item_3,Threshold_4,0.0
6472,Person_1604,Group_1,Item_3,Threshold_4,0.0
6473,Person_1606,Group_1,Item_3,Threshold_4,1.0
6474,Person_1607,Group_2,Item_3,Threshold_4,1.0
6475,Person_1612,Group_2,Item_3,Threshold_4,1.0
6476,Person_1623,Group_1,Item_3,Threshold_4,0.0
6477,Person_1632,Group_2,Item_3,Threshold_4,0.0
6478,Person_1635,Group_1,Item_3,Threshold_4,1.0
6479,Person_1636,Group_2,Item_3,Threshold_4,0.0
6480,Person_2,Group_1,Item_3,Threshold_5,1.0
6481,Person_5,Group_2,Item_3,Threshold_5,1.0
6482,Person_6,Group_2,Item_3,Threshold_5,1.0
6483,Person_9,Group_2,Item_3,Threshold_5,1.0
6484,Person_10,Group_2,Item_3,Threshold_5,0.0
6485,Person_11,Group_1,Item_3,Threshold_5,1.0
6486,Person_12,Group_2,Item_3,Threshold_5,1.0
6487,Person_20,Group_1,Item_3,Threshold_5,1.0
6488,Person_21,Group_1,Item_3,Threshold_5,0.0
6489,Person_22,Group_1,Item_3,Threshold_5,0.0
6490,Person_23,Group_1,Item_3,Threshold_5,1.0
6491,Person_24,Group_1,Item_3,Threshold_5,1.0
6492,Person_29,Group_2,Item_3,Threshold_5,1.0
6493,Person_34,Group_2,Item_3,Threshold_5,0.0
6494,Person_37,Group_1,Item_3,Threshold_5,0.0
6495,Person_42,Group_1,Item_3,Threshold_5,0.0
6496,Person_43,Group_2,Item_3,Threshold_5,1.0
6497,Person_45,Group_2,Item_3,Threshold_5,1.0
6498,Person_47,Group_2,Item_3,Threshold_5,1.0
6499,Person_50,Group_1,Item_3,Threshold_5,0.0
6500,Person_51,Group_1,Item_3,Threshold_5,1.0
6501,Person_53,Group_1,Item_3,Threshold_5,1.0
6502,Person_56,Group_2,Item_3,Threshold_5,0.0
6503,Person_57,Group_2,Item_3,Threshold_5,0.0
6504,Person_60,Group_2,Item_3,Threshold_5,1.0
6505,Person_63,Group_1,Item_3,Threshold_5,1.0
6506,Person_67,Group_1,Item_3,Threshold_5,0.0
6507,Person_69,Group_1,Item_3,Threshold_5,0.0
6508,Person_75,Group_1,Item_3,Threshold_5,1.0
6509,Person_76,Group_2,Item_3,Threshold_5,1.0
6510,Person_77,Group_2,Item_3,Threshold_5,1.0
6511,Person_79,Group_1,Item_3,Threshold_5,0.0
6512,Person_80,Group_1,Item_3,Threshold_5,1.0
6513,Person_83,Group_1,Item_3,Threshold_5,1.0
6514,Person_84,Group_2,Item_3,Threshold_5,1.0
6515,Person_85,Group_1,Item_3,Threshold_5,1.0
6516,Person_86,Group_2,Item_3,Threshold_5,1.0
6517,Person_88,Group_2,Item_3,Threshold_5,1.0
6518,Person_89,Group_1,Item_3,Threshold_5,1.0
6519,Person_90,Group_2,Item_3,Threshold_5,1.0
6520,Person_92,Group_1,Item_3,Threshold_5,1.0
6521,Person_94,Group_1,Item_3,Threshold_5,1.0
6522,Person_95,Group_2,Item_3,Threshold_5,0.0
6523,Person_96,Group_1,Item_3,Threshold_5,0.0
6524,Person_98,Group_2,Item_3,Threshold_5,0.0
6525,Person_99,Group_1,Item_3,Threshold_5,1.0
6526,Person_100,Group_1,Item_3,Threshold_5,1.0
6527,Person_102,Group_1,Item_3,Threshold_5,1.0
6528,Person_103,Group_2,Item_3,Threshold_5,0.0
6529,Person_106,Group_1,Item_3,Threshold_5,1.0
6530,Person_107,Group_1,Item_3,Threshold_5,0.0
6531,Person_109,Group_2,Item_3,Threshold_5,1.0
6532,Person_112,Group_2,Item_3,Threshold_5,1.0
6533,Person_113,Group_2,Item_3,Threshold_5,1.0
6534,Person_118,Group_1,Item_3,Threshold_5,0.0
6535,Person_119,Group_2,Item_3,Threshold_5,1.0
6536,Person_120,Group_2,Item_3,Threshold_5,1.0
6537,Person_123,Group_1,Item_3,Threshold_5,0.0
6538,Person_124,Group_1,Item_3,Threshold_5,0.0
6539,Person_125,Group_2,Item_3,Threshold_5,1.0
6540,Person_129,Group_2,Item_3,Threshold_5,1.0
6541,Person_131,Group_2,Item_3,Threshold_5,1.0
6542,Person_132,Group_1,Item_3,Threshold_5,1.0
6543,Person_133,Group_1,Item_3,Threshold_5,0.0
6544,Person_134,Group_2,Item_3,Threshold_5,1.0
6545,Person_135,Group_1,Item_3,Threshold_5,1.0
6546,Person_136,Group_1,Item_3,Threshold_5,1.0
6547,Person_138,Group_2,Item_3,Threshold_5,0.0
6548,Person_139,Group_2,Item_3,Threshold_5,1.0
6549,Person_141,Group_2,Item_3,Threshold_5,1.0
6550,Person_144,Group_1,Item_3,Threshold_5,1.0
6551,Person_145,Group_1,Item_3,Threshold_5,1.0
6552,Person_147,Group_2,Item_3,Threshold_5,0.0
6553,Person_148,Group_2,Item_3,Threshold_5,0.0
6554,Person_149,Group_2,Item_3,Threshold_5,1.0
6555,Person_150,Group_2,Item_3,Threshold_5,1.0
6556,Person_151,Group_2,Item_3,Threshold_5,0.0
6557,Person_152,Group_1,Item_3,Threshold_5,1.0
6558,Person_155,Group_2,Item_3,Threshold_5,0.0
6559,Person_158,Group_1,Item_3,Threshold_5,0.0
6560,Person_160,Group_1,Item_3,Threshold_5,1.0
6561,Person_162,Group_1,Item_3,Threshold_5,1.0
6562,Person_163,Group_2,Item_3,Threshold_5,0.0
6563,Person_165,Group_1,Item_3,Threshold_5,1.0
6564,Person_166,Group_1,Item_3,Threshold_5,1.0
6565,Person_167,Group_2,Item_3,Threshold_5,0.0
6566,Person_168,Group_2,Item_3,Threshold_5,0.0
6567,Person_171,Group_1,Item_3,Threshold_5,0.0
6568,Person_172,Group_1,Item_3,Threshold_5,0.0
6569,Person_173,Group_2,Item_3,Threshold_5,1.0
6570,Person_174,Group_2,Item_3,Threshold_5,0.0
6571,Person_175,Group_1,Item_3,Threshold_5,1.0
6572,Person_176,Group_1,Item_3,Threshold_5,1.0
6573,Person_180,Group_2,Item_3,Threshold_5,0.0
6574,Person_182,Group_2,Item_3,Threshold_5,0.0
6575,Person_183,Group_1,Item_3,Threshold_5,1.0
6576,Person_186,Group_2,Item_3,Threshold_5,1.0
6577,Person_188,Group_1,Item_3,Threshold_5,0.0
6578,Person_195,Group_1,Item_3,Threshold_5,1.0
6579,Person_196,Group_2,Item_3,Threshold_5,1.0
6580,Person_200,Group_1,Item_3,Threshold_5,1.0
6581,Person_201,Group_1,Item_3,Threshold_5,1.0
6582,Person_204,Group_1,Item_3,Threshold_5,1.0
6583,Person_206,Group_1,Item_3,Threshold_5,0.0
6584,Person_207,Group_1,Item_3,Threshold_5,0.0
6585,Person_208,Group_2,Item_3,Threshold_5,0.0
6586,Person_209,Group_2,Item_3,Threshold_5,1.0
6587,Person_210,Group_2,Item_3,Threshold_5,0.0
6588,Person_211,Group_1,Item_3,Threshold_5,1.0
6589,Person_213,Group_1,Item_3,Threshold_5,0.0
6590,Person_214,Group_2,Item_3,Threshold_5,0.0
6591,Person_215,Group_1,Item_3,Threshold_5,1.0
6592,Person_216,Group_2,Item_3,Threshold_5,0.0
6593,Person_219,Group_2,Item_3,Threshold_5,1.0
6594,Person_220,Group_2,Item_3,Threshold_5,1.0
6595,Person_221,Group_1,Item_3,Threshold_5,1.0
6596,Person_222,Group_1,Item_3,Threshold_5,0.0
6597,Person_224,Group_1,Item_3,Threshold_5,1.0
6598,Person_225,Group_1,Item_3,Threshold_5,0.0
6599,Person_227,Group_2,Item_3,Threshold_5,1.0
6600,Person_228,Group_1,Item_3,Threshold_5,0.0
6601,Person_233,Group_2,Item_3,Threshold_5,0.0
6602,Person_234,Group_2,Item_3,Threshold_5,1.0
6603,Person_235,Group_2,Item_3,Threshold_5,1.0
6604,Person_237,Group_1,Item_3,Threshold_5,0.0
6605,Person_238,Group_2,Item_3,Threshold_5,1.0
6606,Person_239,Group_1,Item_3,Threshold_5,0.0
6607,Person_240,Group_2,Item_3,Threshold_5,0.0
6608,Person_242,Group_1,Item_3,Threshold_5,1.0
6609,Person_243,Group_2,Item_3,Threshold_5,0.0
6610,Person_244,Group_2,Item_3,Threshold_5,1.0
6611,Person_245,Group_1,Item_3,Threshold_5,1.0
6612,Person_246,Group_2,Item_3,Threshold_5,0.0
6613,Person_247,Group_1,Item_3,Threshold_5,1.0
6614,Person_248,Group_1,Item_3,Threshold_5,1.0
6615,Person_249,Group_2,Item_3,Threshold_5,1.0
6616,Person_252,Group_2,Item_3,Threshold_5,1.0
6617,Person_253,Group_2,Item_3,Threshold_5,1.0
6618,Person_254,Group_2,Item_3,Threshold_5,1.0
6619,Person_255,Group_2,Item_3,Threshold_5,1.0
6620,Person_256,Group_1,Item_3,Threshold_5,1.0
6621,Person_257,Group_2,Item_3,Threshold_5,1.0
6622,Person_259,Group_1,Item_3,Threshold_5,1.0
6623,Person_260,Group_2,Item_3,Threshold_5,1.0
6624,Person_261,Group_2,Item_3,Threshold_5,0.0
6625,Person_262,Group_1,Item_3,Threshold_5,1.0
6626,Person_264,Group_1,Item_3,Threshold_5,0.0
6627,Person_266,Group_1,Item_3,Threshold_5,1.0
6628,Person_267,Group_1,Item_3,Threshold_5,1.0
6629,Person_269,Group_1,Item_3,Threshold_5,0.0
6630,Person_270,Group_2,Item_3,Threshold_5,1.0
6631,Person_272,Group_2,Item_3,Threshold_5,1.0
6632,Person_274,Group_2,Item_3,Threshold_5,1.0
6633,Person_276,Group_1,Item_3,Threshold_5,1.0
6634,Person_277,Group_1,Item_3,Threshold_5,0.0
6635,Person_278,Group_1,Item_3,Threshold_5,1.0
6636,Person_279,Group_2,Item_3,Threshold_5,1.0
6637,Person_282,Group_2,Item_3,Threshold_5,1.0
6638,Person_283,Group_2,Item_3,Threshold_5,0.0
6639,Person_284,Group_1,Item_3,Threshold_5,1.0
6640,Person_286,Group_2,Item_3,Threshold_5,1.0
6641,Person_287,Group_1,Item_3,Threshold_5,1.0
6642,Person_289,Group_1,Item_3,Threshold_5,1.0
6643,Person_290,Group_1,Item_3,Threshold_5,0.0
6644,Person_291,Group_2,Item_3,Threshold_5,1.0
6645,Person_292,Group_2,Item_3,Threshold_5,1.0
6646,Person_296,Group_2,Item_3,Threshold_5,1.0
6647,Person_297,Group_1,Item_3,Threshold_5,1.0
6648,Person_298,Group_1,Item_3,Threshold_5,1.0
6649,Person_299,Group_1,Item_3,Threshold_5,1.0
6650,Person_301,Group_2,Item_3,Threshold_5,1.0
6651,Person_302,Group_1,Item_3,Threshold_5,1.0
6652,Person_303,Group_2,Item_3,Threshold_5,1.0
6653,Person_306,Group_1,Item_3,Threshold_5,1.0
6654,Person_308,Group_1,Item_3,Threshold_5,0.0
6655,Person_310,Group_1,Item_3,Threshold_5,1.0
6656,Person_311,Group_1,Item_3,Threshold_5,1.0
6657,Person_314,Group_2,Item_3,Threshold_5,1.0
6658,Person_316,Group_1,Item_3,Threshold_5,1.0
6659,Person_324,Group_1,Item_3,Threshold_5,1.0
6660,Person_329,Group_1,Item_3,Threshold_5,0.0
6661,Person_330,Group_1,Item_3,Threshold_5,0.0
6662,Person_335,Group_2,Item_3,Threshold_5,1.0
6663,Person_336,Group_2,Item_3,Threshold_5,0.0
6664,Person_339,Group_1,Item_3,Threshold_5,1.0
6665,Person_341,Group_1,Item_3,Threshold_5,1.0
6666,Person_343,Group_1,Item_3,Threshold_5,1.0
6667,Person_345,Group_1,Item_3,Threshold_5,1.0
6668,Person_346,Group_1,Item_3,Threshold_5,1.0
6669,Person_347,Group_2,Item_3,Threshold_5,1.0
6670,Person_351,Group_2,Item_3,Threshold_5,0.0
6671,Person_353,Group_2,Item_3,Threshold_5,1.0
6672,Person_354,Group_1,Item_3,Threshold_5,1.0
6673,Person_355,Group_1,Item_3,Threshold_5,0.0
6674,Person_357,Group_2,Item_3,Threshold_5,0.0
6675,Person_359,Group_1,Item_3,Threshold_5,1.0
6676,Person_360,Group_2,Item_3,Threshold_5,1.0
6677,Person_363,Group_1,Item_3,Threshold_5,1.0
6678,Person_364,Group_1,Item_3,Threshold_5,0.0
6679,Person_365,Group_2,Item_3,Threshold_5,0.0
6680,Person_366,Group_1,Item_3,Threshold_5,1.0
6681,Person_368,Group_1,Item_3,Threshold_5,1.0
6682,Person_369,Group_1,Item_3,Threshold_5,0.0
6683,Person_371,Group_1,Item_3,Threshold_5,0.0
6684,Person_372,Group_2,Item_3,Threshold_5,0.0
6685,Person_373,Group_1,Item_3,Threshold_5,1.0
6686,Person_375,Group_1,Item_3,Threshold_5,1.0
6687,Person_380,Group_2,Item_3,Threshold_5,1.0
6688,Person_381,Group_2,Item_3,Threshold_5,1.0
6689,Person_382,Group_2,Item_3,Threshold_5,0.0
6690,Person_385,Group_2,Item_3,Threshold_5,1.0
6691,Person_386,Group_1,Item_3,Threshold_5,0.0
6692,Person_387,Group_2,Item_3,Threshold_5,1.0
6693,Person_389,Group_2,Item_3,Threshold_5,0.0
6694,Person_390,Group_1,Item_3,Threshold_5,1.0
6695,Person_397,Group_1,Item_3,Threshold_5,1.0
6696,Person_399,Group_1,Item_3,Threshold_5,0.0
6697,Person_400,Group_1,Item_3,Threshold_5,0.0
6698,Person_403,Group_2,Item_3,Threshold_5,1.0
6699,Person_406,Group_1,Item_3,Threshold_5,1.0
6700,Person_407,Group_2,Item_3,Threshold_5,1.0
6701,Person_410,Group_1,Item_3,Threshold_5,1.0
6702,Person_411,Group_1,Item_3,Threshold_5,1.0
6703,Person_413,Group_1,Item_3,Threshold_5,1.0
6704,Person_416,Group_1,Item_3,Threshold_5,1.0
6705,Person_417,Group_1,Item_3,Threshold_5,0.0
6706,Person_418,Group_1,Item_3,Threshold_5,1.0
6707,Person_422,Group_2,Item_3,Threshold_5,1.0
6708,Person_423,Group_1,Item_3,Threshold_5,1.0
6709,Person_426,Group_2,Item_3,Threshold_5,0.0
6710,Person_427,Group_2,Item_3,Threshold_5,1.0
6711,Person_429,Group_2,Item_3,Threshold_5,1.0
6712,Person_433,Group_2,Item_3,Threshold_5,1.0
6713,Person_434,Group_2,Item_3,Threshold_5,0.0
6714,Person_439,Group_1,Item_3,Threshold_5,0.0
6715,Person_440,Group_2,Item_3,Threshold_5,1.0
6716,Person_442,Group_2,Item_3,Threshold_5,1.0
6717,Person_443,Group_2,Item_3,Threshold_5,0.0
6718,Person_445,Group_1,Item_3,Threshold_5,1.0
6719,Person_448,Group_2,Item_3,Threshold_5,1.0
6720,Person_451,Group_2,Item_3,Threshold_5,0.0
6721,Person_454,Group_2,Item_3,Threshold_5,1.0
6722,Person_455,Group_1,Item_3,Threshold_5,1.0
6723,Person_456,Group_1,Item_3,Threshold_5,1.0
6724,Person_459,Group_2,Item_3,Threshold_5,1.0
6725,Person_461,Group_1,Item_3,Threshold_5,1.0
6726,Person_463,Group_2,Item_3,Threshold_5,0.0
6727,Person_465,Group_2,Item_3,Threshold_5,0.0
6728,Person_466,Group_1,Item_3,Threshold_5,0.0
6729,Person_468,Group_1,Item_3,Threshold_5,0.0
6730,Person_469,Group_2,Item_3,Threshold_5,1.0
6731,Person_471,Group_1,Item_3,Threshold_5,1.0
6732,Person_472,Group_1,Item_3,Threshold_5,0.0
6733,Person_476,Group_2,Item_3,Threshold_5,1.0
6734,Person_477,Group_1,Item_3,Threshold_5,1.0
6735,Person_479,Group_2,Item_3,Threshold_5,0.0
6736,Person_482,Group_2,Item_3,Threshold_5,1.0
6737,Person_483,Group_1,Item_3,Threshold_5,1.0
6738,Person_484,Group_1,Item_3,Threshold_5,1.0
6739,Person_487,Group_2,Item_3,Threshold_5,1.0
6740,Person_489,Group_2,Item_3,Threshold_5,0.0
6741,Person_490,Group_2,Item_3,Threshold_5,1.0
6742,Person_493,Group_1,Item_3,Threshold_5,1.0
6743,Person_495,Group_2,Item_3,Threshold_5,1.0
6744,Person_496,Group_1,Item_3,Threshold_5,0.0
6745,Person_497,Group_1,Item_3,Threshold_5,1.0
6746,Person_498,Group_1,Item_3,Threshold_5,0.0
6747,Person_502,Group_2,Item_3,Threshold_5,1.0
6748,Person_503,Group_2,Item_3,Threshold_5,1.0
6749,Person_505,Group_1,Item_3,Threshold_5,1.0
6750,Person_506,Group_2,Item_3,Threshold_5,1.0
6751,Person_510,Group_1,Item_3,Threshold_5,1.0
6752,Person_512,Group_1,Item_3,Threshold_5,0.0
6753,Person_513,Group_1,Item_3,Threshold_5,0.0
6754,Person_515,Group_1,Item_3,Threshold_5,0.0
6755,Person_519,Group_2,Item_3,Threshold_5,1.0
6756,Person_520,Group_2,Item_3,Threshold_5,1.0
6757,Person_521,Group_1,Item_3,Threshold_5,1.0
6758,Person_524,Group_2,Item_3,Threshold_5,1.0
6759,Person_525,Group_2,Item_3,Threshold_5,0.0
6760,Person_526,Group_2,Item_3,Threshold_5,1.0
6761,Person_530,Group_1,Item_3,Threshold_5,0.0
6762,Person_537,Group_1,Item_3,Threshold_5,1.0
6763,Person_539,Group_1,Item_3,Threshold_5,0.0
6764,Person_541,Group_1,Item_3,Threshold_5,1.0
6765,Person_542,Group_1,Item_3,Threshold_5,1.0
6766,Person_543,Group_2,Item_3,Threshold_5,0.0
6767,Person_544,Group_1,Item_3,Threshold_5,1.0
6768,Person_545,Group_2,Item_3,Threshold_5,0.0
6769,Person_546,Group_2,Item_3,Threshold_5,1.0
6770,Person_547,Group_2,Item_3,Threshold_5,0.0
6771,Person_549,Group_2,Item_3,Threshold_5,1.0
6772,Person_551,Group_1,Item_3,Threshold_5,1.0
6773,Person_554,Group_1,Item_3,Threshold_5,1.0
6774,Person_555,Group_2,Item_3,Threshold_5,1.0
6775,Person_556,Group_1,Item_3,Threshold_5,1.0
6776,Person_557,Group_1,Item_3,Threshold_5,1.0
6777,Person_558,Group_1,Item_3,Threshold_5,1.0
6778,Person_559,Group_1,Item_3,Threshold_5,1.0
6779,Person_561,Group_2,Item_3,Threshold_5,1.0
6780,Person_563,Group_1,Item_3,Threshold_5,1.0
6781,Person_565,Group_2,Item_3,Threshold_5,1.0
6782,Person_567,Group_1,Item_3,Threshold_5,0.0
6783,Person_570,Group_2,Item_3,Threshold_5,1.0
6784,Person_574,Group_1,Item_3,Threshold_5,1.0
6785,Person_575,Group_1,Item_3,Threshold_5,0.0
6786,Person_577,Group_1,Item_3,Threshold_5,1.0
6787,Person_578,Group_2,Item_3,Threshold_5,0.0
6788,Person_580,Group_2,Item_3,Threshold_5,1.0
6789,Person_585,Group_1,Item_3,Threshold_5,1.0
6790,Person_588,Group_1,Item_3,Threshold_5,0.0
6791,Person_589,Group_2,Item_3,Threshold_5,1.0
6792,Person_591,Group_1,Item_3,Threshold_5,1.0
6793,Person_592,Group_2,Item_3,Threshold_5,1.0
6794,Person_595,Group_1,Item_3,Threshold_5,0.0
6795,Person_596,Group_2,Item_3,Threshold_5,0.0
6796,Person_599,Group_1,Item_3,Threshold_5,1.0
6797,Person_600,Group_2,Item_3,Threshold_5,1.0
6798,Person_601,Group_2,Item_3,Threshold_5,0.0
6799,Person_602,Group_1,Item_3,Threshold_5,1.0
6800,Person_604,Group_1,Item_3,Threshold_5,1.0
6801,Person_605,Group_1,Item_3,Threshold_5,0.0
6802,Person_611,Group_1,Item_3,Threshold_5,1.0
6803,Person_613,Group_2,Item_3,Threshold_5,1.0
6804,Person_614,Group_1,Item_3,Threshold_5,1.0
6805,Person_615,Group_2,Item_3,Threshold_5,1.0
6806,Person_616,Group_2,Item_3,Threshold_5,1.0
6807,Person_617,Group_1,Item_3,Threshold_5,1.0
6808,Person_619,Group_1,Item_3,Threshold_5,1.0
6809,Person_621,Group_1,Item_3,Threshold_5,0.0
6810,Person_623,Group_1,Item_3,Threshold_5,1.0
6811,Person_625,Group_2,Item_3,Threshold_5,0.0
6812,Person_627,Group_2,Item_3,Threshold_5,0.0
6813,Person_628,Group_1,Item_3,Threshold_5,1.0
6814,Person_629,Group_1,Item_3,Threshold_5,0.0
6815,Person_631,Group_2,Item_3,Threshold_5,0.0
6816,Person_632,Group_2,Item_3,Threshold_5,1.0
6817,Person_633,Group_2,Item_3,Threshold_5,1.0
6818,Person_635,Group_2,Item_3,Threshold_5,1.0
6819,Person_636,Group_1,Item_3,Threshold_5,1.0
6820,Person_637,Group_2,Item_3,Threshold_5,0.0
6821,Person_639,Group_1,Item_3,Threshold_5,0.0
6822,Person_641,Group_2,Item_3,Threshold_5,1.0
6823,Person_643,Group_2,Item_3,Threshold_5,1.0
6824,Person_644,Group_2,Item_3,Threshold_5,0.0
6825,Person_646,Group_2,Item_3,Threshold_5,0.0
6826,Person_648,Group_2,Item_3,Threshold_5,1.0
6827,Person_649,Group_2,Item_3,Threshold_5,1.0
6828,Person_650,Group_2,Item_3,Threshold_5,1.0
6829,Person_651,Group_2,Item_3,Threshold_5,1.0
6830,Person_652,Group_1,Item_3,Threshold_5,1.0
6831,Person_653,Group_2,Item_3,Threshold_5,1.0
6832,Person_654,Group_2,Item_3,Threshold_5,1.0
6833,Person_658,Group_2,Item_3,Threshold_5,1.0
6834,Person_659,Group_1,Item_3,Threshold_5,1.0
6835,Person_662,Group_2,Item_3,Threshold_5,0.0
6836,Person_664,Group_1,Item_3,Threshold_5,0.0
6837,Person_667,Group_1,Item_3,Threshold_5,0.0
6838,Person_669,Group_2,Item_3,Threshold_5,1.0
6839,Person_671,Group_2,Item_3,Threshold_5,0.0
6840,Person_672,Group_1,Item_3,Threshold_5,1.0
6841,Person_674,Group_1,Item_3,Threshold_5,1.0
6842,Person_676,Group_2,Item_3,Threshold_5,1.0
6843,Person_678,Group_2,Item_3,Threshold_5,0.0
6844,Person_684,Group_1,Item_3,Threshold_5,1.0
6845,Person_685,Group_1,Item_3,Threshold_5,1.0
6846,Person_686,Group_2,Item_3,Threshold_5,1.0
6847,Person_687,Group_1,Item_3,Threshold_5,1.0
6848,Person_688,Group_1,Item_3,Threshold_5,0.0
6849,Person_689,Group_1,Item_3,Threshold_5,1.0
6850,Person_690,Group_1,Item_3,Threshold_5,1.0
6851,Person_691,Group_1,Item_3,Threshold_5,1.0
6852,Person_692,Group_1,Item_3,Threshold_5,1.0
6853,Person_693,Group_2,Item_3,Threshold_5,1.0
6854,Person_694,Group_1,Item_3,Threshold_5,1.0
6855,Person_697,Group_2,Item_3,Threshold_5,0.0
6856,Person_698,Group_1,Item_3,Threshold_5,1.0
6857,Person_704,Group_2,Item_3,Threshold_5,0.0
6858,Person_705,Group_2,Item_3,Threshold_5,1.0
6859,Person_707,Group_1,Item_3,Threshold_5,1.0
6860,Person_708,Group_1,Item_3,Threshold_5,1.0
6861,Person_709,Group_1,Item_3,Threshold_5,1.0
6862,Person_710,Group_2,Item_3,Threshold_5,1.0
6863,Person_711,Group_2,Item_3,Threshold_5,1.0
6864,Person_713,Group_1,Item_3,Threshold_5,1.0
6865,Person_718,Group_2,Item_3,Threshold_5,1.0
6866,Person_720,Group_2,Item_3,Threshold_5,1.0
6867,Person_722,Group_1,Item_3,Threshold_5,0.0
6868,Person_723,Group_2,Item_3,Threshold_5,1.0
6869,Person_724,Group_1,Item_3,Threshold_5,0.0
6870,Person_725,Group_1,Item_3,Threshold_5,1.0
6871,Person_727,Group_2,Item_3,Threshold_5,1.0
6872,Person_731,Group_1,Item_3,Threshold_5,0.0
6873,Person_733,Group_1,Item_3,Threshold_5,1.0
6874,Person_735,Group_1,Item_3,Threshold_5,1.0
6875,Person_736,Group_2,Item_3,Threshold_5,1.0
6876,Person_737,Group_1,Item_3,Threshold_5,1.0
6877,Person_738,Group_1,Item_3,Threshold_5,1.0
6878,Person_739,Group_2,Item_3,Threshold_5,1.0
6879,Person_740,Group_2,Item_3,Threshold_5,1.0
6880,Person_741,Group_2,Item_3,Threshold_5,0.0
6881,Person_742,Group_1,Item_3,Threshold_5,1.0
6882,Person_743,Group_1,Item_3,Threshold_5,0.0
6883,Person_744,Group_1,Item_3,Threshold_5,1.0
6884,Person_746,Group_1,Item_3,Threshold_5,1.0
6885,Person_747,Group_1,Item_3,Threshold_5,1.0
6886,Person_748,Group_1,Item_3,Threshold_5,1.0
6887,Person_751,Group_2,Item_3,Threshold_5,1.0
6888,Person_761,Group_1,Item_3,Threshold_5,0.0
6889,Person_762,Group_2,Item_3,Threshold_5,0.0
6890,Person_763,Group_1,Item_3,Threshold_5,1.0
6891,Person_764,Group_2,Item_3,Threshold_5,1.0
6892,Person_765,Group_2,Item_3,Threshold_5,0.0
6893,Person_772,Group_2,Item_3,Threshold_5,0.0
6894,Person_773,Group_2,Item_3,Threshold_5,1.0
6895,Person_776,Group_2,Item_3,Threshold_5,1.0
6896,Person_777,Group_2,Item_3,Threshold_5,1.0
6897,Person_778,Group_2,Item_3,Threshold_5,1.0
6898,Person_781,Group_1,Item_3,Threshold_5,0.0
6899,Person_782,Group_2,Item_3,Threshold_5,1.0
6900,Person_784,Group_1,Item_3,Threshold_5,1.0
6901,Person_786,Group_1,Item_3,Threshold_5,1.0
6902,Person_791,Group_1,Item_3,Threshold_5,1.0
6903,Person_792,Group_1,Item_3,Threshold_5,0.0
6904,Person_795,Group_1,Item_3,Threshold_5,1.0
6905,Person_796,Group_1,Item_3,Threshold_5,1.0
6906,Person_799,Group_2,Item_3,Threshold_5,0.0
6907,Person_800,Group_1,Item_3,Threshold_5,1.0
6908,Person_801,Group_1,Item_3,Threshold_5,1.0
6909,Person_802,Group_2,Item_3,Threshold_5,1.0
6910,Person_803,Group_1,Item_3,Threshold_5,1.0
6911,Person_805,Group_2,Item_3,Threshold_5,1.0
6912,Person_806,Group_1,Item_3,Threshold_5,1.0
6913,Person_807,Group_1,Item_3,Threshold_5,1.0
6914,Person_811,Group_2,Item_3,Threshold_5,0.0
6915,Person_815,Group_1,Item_3,Threshold_5,1.0
6916,Person_817,Group_2,Item_3,Threshold_5,1.0
6917,Person_818,Group_1,Item_3,Threshold_5,1.0
6918,Person_820,Group_1,Item_3,Threshold_5,0.0
6919,Person_823,Group_1,Item_3,Threshold_5,0.0
6920,Person_824,Group_2,Item_3,Threshold_5,0.0
6921,Person_825,Group_1,Item_3,Threshold_5,1.0
6922,Person_828,Group_1,Item_3,Threshold_5,1.0
6923,Person_830,Group_1,Item_3,Threshold_5,1.0
6924,Person_833,Group_2,Item_3,Threshold_5,1.0
6925,Person_834,Group_1,Item_3,Threshold_5,0.0
6926,Person_836,Group_1,Item_3,Threshold_5,1.0
6927,Person_839,Group_1,Item_3,Threshold_5,0.0
6928,Person_841,Group_1,Item_3,Threshold_5,1.0
6929,Person_842,Group_2,Item_3,Threshold_5,0.0
6930,Person_845,Group_1,Item_3,Threshold_5,1.0
6931,Person_849,Group_2,Item_3,Threshold_5,0.0
6932,Person_850,Group_2,Item_3,Threshold_5,0.0
6933,Person_851,Group_2,Item_3,Threshold_5,1.0
6934,Person_853,Group_1,Item_3,Threshold_5,1.0
6935,Person_854,Group_2,Item_3,Threshold_5,0.0
6936,Person_855,Group_2,Item_3,Threshold_5,1.0
6937,Person_860,Group_1,Item_3,Threshold_5,1.0
6938,Person_861,Group_1,Item_3,Threshold_5,1.0
6939,Person_864,Group_2,Item_3,Threshold_5,1.0
6940,Person_866,Group_2,Item_3,Threshold_5,1.0
6941,Person_870,Group_2,Item_3,Threshold_5,1.0
6942,Person_871,Group_1,Item_3,Threshold_5,1.0
6943,Person_872,Group_1,Item_3,Threshold_5,0.0
6944,Person_874,Group_1,Item_3,Threshold_5,1.0
6945,Person_876,Group_2,Item_3,Threshold_5,0.0
6946,Person_877,Group_2,Item_3,Threshold_5,0.0
6947,Person_878,Group_2,Item_3,Threshold_5,1.0
6948,Person_879,Group_2,Item_3,Threshold_5,0.0
6949,Person_884,Group_1,Item_3,Threshold_5,1.0
6950,Person_889,Group_1,Item_3,Threshold_5,1.0
6951,Person_890,Group_1,Item_3,Threshold_5,1.0
6952,Person_892,Group_1,Item_3,Threshold_5,1.0
6953,Person_893,Group_1,Item_3,Threshold_5,0.0
6954,Person_894,Group_1,Item_3,Threshold_5,0.0
6955,Person_895,Group_1,Item_3,Threshold_5,1.0
6956,Person_897,Group_2,Item_3,Threshold_5,1.0
6957,Person_898,Group_1,Item_3,Threshold_5,0.0
6958,Person_899,Group_1,Item_3,Threshold_5,1.0
6959,Person_900,Group_2,Item_3,Threshold_5,1.0
6960,Person_901,Group_1,Item_3,Threshold_5,1.0
6961,Person_904,Group_1,Item_3,Threshold_5,0.0
6962,Person_905,Group_2,Item_3,Threshold_5,1.0
6963,Person_906,Group_1,Item_3,Threshold_5,0.0
6964,Person_909,Group_2,Item_3,Threshold_5,1.0
6965,Person_910,Group_2,Item_3,Threshold_5,0.0
6966,Person_911,Group_1,Item_3,Threshold_5,1.0
6967,Person_913,Group_1,Item_3,Threshold_5,1.0
6968,Person_917,Group_1,Item_3,Threshold_5,0.0
6969,Person_918,Group_2,Item_3,Threshold_5,1.0
6970,Person_919,Group_2,Item_3,Threshold_5,1.0
6971,Person_920,Group_1,Item_3,Threshold_5,1.0
6972,Person_921,Group_1,Item_3,Threshold_5,1.0
6973,Person_922,Group_1,Item_3,Threshold_5,0.0
6974,Person_926,Group_1,Item_3,Threshold_5,1.0
6975,Person_927,Group_1,Item_3,Threshold_5,1.0
6976,Person_929,Group_2,Item_3,Threshold_5,1.0
6977,Person_930,Group_1,Item_3,Threshold_5,0.0
6978,Person_933,Group_2,Item_3,Threshold_5,1.0
6979,Person_936,Group_1,Item_3,Threshold_5,1.0
6980,Person_937,Group_1,Item_3,Threshold_5,0.0
6981,Person_938,Group_1,Item_3,Threshold_5,1.0
6982,Person_941,Group_2,Item_3,Threshold_5,1.0
6983,Person_942,Group_1,Item_3,Threshold_5,1.0
6984,Person_943,Group_2,Item_3,Threshold_5,1.0
6985,Person_946,Group_2,Item_3,Threshold_5,1.0
6986,Person_948,Group_2,Item_3,Threshold_5,1.0
6987,Person_949,Group_1,Item_3,Threshold_5,1.0
6988,Person_952,Group_2,Item_3,Threshold_5,1.0
6989,Person_958,Group_2,Item_3,Threshold_5,1.0
6990,Person_960,Group_1,Item_3,Threshold_5,0.0
6991,Person_963,Group_2,Item_3,Threshold_5,1.0
6992,Person_964,Group_2,Item_3,Threshold_5,1.0
6993,Person_966,Group_1,Item_3,Threshold_5,1.0
6994,Person_968,Group_1,Item_3,Threshold_5,1.0
6995,Person_970,Group_1,Item_3,Threshold_5,1.0
6996,Person_971,Group_2,Item_3,Threshold_5,1.0
6997,Person_972,Group_1,Item_3,Threshold_5,0.0
6998,Person_975,Group_2,Item_3,Threshold_5,1.0
6999,Person_976,Group_2,Item_3,Threshold_5,0.0
7000,Person_977,Group_1,Item_3,Threshold_5,1.0
7001,Person_979,Group_2,Item_3,Threshold_5,1.0
7002,Person_980,Group_1,Item_3,Threshold_5,1.0
7003,Person_981,Group_1,Item_3,Threshold_5,0.0
7004,Person_982,Group_2,Item_3,Threshold_5,1.0
7005,Person_987,Group_2,Item_3,Threshold_5,1.0
7006,Person_989,Group_1,Item_3,Threshold_5,1.0
7007,Person_990,Group_1,Item_3,Threshold_5,0.0
7008,Person_993,Group_1,Item_3,Threshold_5,1.0
7009,Person_994,Group_2,Item_3,Threshold_5,0.0
7010,Person_995,Group_2,Item_3,Threshold_5,1.0
7011,Person_996,Group_2,Item_3,Threshold_5,0.0
7012,Person_997,Group_2,Item_3,Threshold_5,1.0
7013,Person_1000,Group_2,Item_3,Threshold_5,0.0
7014,Person_1001,Group_2,Item_3,Threshold_5,1.0
7015,Person_1003,Group_2,Item_3,Threshold_5,1.0
7016,Person_1005,Group_2,Item_3,Threshold_5,1.0
7017,Person_1007,Group_1,Item_3,Threshold_5,1.0
7018,Person_1009,Group_1,Item_3,Threshold_5,0.0
7019,Person_1010,Group_2,Item_3,Threshold_5,1.0
7020,Person_1013,Group_2,Item_3,Threshold_5,1.0
7021,Person_1015,Group_2,Item_3,Threshold_5,0.0
7022,Person_1016,Group_1,Item_3,Threshold_5,0.0
7023,Person_1017,Group_2,Item_3,Threshold_5,1.0
7024,Person_1021,Group_2,Item_3,Threshold_5,1.0
7025,Person_1023,Group_1,Item_3,Threshold_5,1.0
7026,Person_1028,Group_2,Item_3,Threshold_5,1.0
7027,Person_1030,Group_1,Item_3,Threshold_5,0.0
7028,Person_1031,Group_2,Item_3,Threshold_5,1.0
7029,Person_1032,Group_1,Item_3,Threshold_5,1.0
7030,Person_1035,Group_2,Item_3,Threshold_5,1.0
7031,Person_1036,Group_2,Item_3,Threshold_5,1.0
7032,Person_1038,Group_1,Item_3,Threshold_5,1.0
7033,Person_1045,Group_2,Item_3,Threshold_5,0.0
7034,Person_1046,Group_2,Item_3,Threshold_5,0.0
7035,Person_1047,Group_1,Item_3,Threshold_5,0.0
7036,Person_1048,Group_1,Item_3,Threshold_5,0.0
7037,Person_1049,Group_1,Item_3,Threshold_5,1.0
7038,Person_1050,Group_1,Item_3,Threshold_5,1.0
7039,Person_1051,Group_1,Item_3,Threshold_5,0.0
7040,Person_1055,Group_2,Item_3,Threshold_5,1.0
7041,Person_1058,Group_1,Item_3,Threshold_5,0.0
7042,Person_1060,Group_2,Item_3,Threshold_5,0.0
7043,Person_1061,Group_2,Item_3,Threshold_5,1.0
7044,Person_1065,Group_1,Item_3,Threshold_5,1.0
7045,Person_1066,Group_2,Item_3,Threshold_5,1.0
7046,Person_1068,Group_1,Item_3,Threshold_5,0.0
7047,Person_1069,Group_1,Item_3,Threshold_5,0.0
7048,Person_1074,Group_1,Item_3,Threshold_5,1.0
7049,Person_1075,Group_1,Item_3,Threshold_5,1.0
7050,Person_1077,Group_2,Item_3,Threshold_5,0.0
7051,Person_1078,Group_1,Item_3,Threshold_5,0.0
7052,Person_1082,Group_1,Item_3,Threshold_5,1.0
7053,Person_1083,Group_2,Item_3,Threshold_5,1.0
7054,Person_1084,Group_2,Item_3,Threshold_5,1.0
7055,Person_1085,Group_1,Item_3,Threshold_5,1.0
7056,Person_1086,Group_2,Item_3,Threshold_5,1.0
7057,Person_1088,Group_1,Item_3,Threshold_5,1.0
7058,Person_1089,Group_2,Item_3,Threshold_5,1.0
7059,Person_1090,Group_2,Item_3,Threshold_5,1.0
7060,Person_1092,Group_1,Item_3,Threshold_5,0.0
7061,Person_1094,Group_1,Item_3,Threshold_5,0.0
7062,Person_1097,Group_2,Item_3,Threshold_5,1.0
7063,Person_1099,Group_1,Item_3,Threshold_5,0.0
7064,Person_1100,Group_1,Item_3,Threshold_5,1.0
7065,Person_1103,Group_2,Item_3,Threshold_5,0.0
7066,Person_1105,Group_2,Item_3,Threshold_5,1.0
7067,Person_1106,Group_1,Item_3,Threshold_5,0.0
7068,Person_1107,Group_2,Item_3,Threshold_5,1.0
7069,Person_1108,Group_1,Item_3,Threshold_5,1.0
7070,Person_1110,Group_1,Item_3,Threshold_5,1.0
7071,Person_1111,Group_1,Item_3,Threshold_5,1.0
7072,Person_1115,Group_1,Item_3,Threshold_5,1.0
7073,Person_1118,Group_2,Item_3,Threshold_5,1.0
7074,Person_1124,Group_2,Item_3,Threshold_5,1.0
7075,Person_1125,Group_1,Item_3,Threshold_5,1.0
7076,Person_1126,Group_2,Item_3,Threshold_5,1.0
7077,Person_1128,Group_1,Item_3,Threshold_5,1.0
7078,Person_1131,Group_2,Item_3,Threshold_5,0.0
7079,Person_1133,Group_1,Item_3,Threshold_5,0.0
7080,Person_1134,Group_2,Item_3,Threshold_5,1.0
7081,Person_1135,Group_1,Item_3,Threshold_5,1.0
7082,Person_1136,Group_1,Item_3,Threshold_5,0.0
7083,Person_1137,Group_1,Item_3,Threshold_5,1.0
7084,Person_1138,Group_1,Item_3,Threshold_5,1.0
7085,Person_1140,Group_1,Item_3,Threshold_5,1.0
7086,Person_1145,Group_1,Item_3,Threshold_5,1.0
7087,Person_1146,Group_2,Item_3,Threshold_5,0.0
7088,Person_1148,Group_2,Item_3,Threshold_5,1.0
7089,Person_1152,Group_2,Item_3,Threshold_5,0.0
7090,Person_1153,Group_1,Item_3,Threshold_5,0.0
7091,Person_1155,Group_1,Item_3,Threshold_5,1.0
7092,Person_1156,Group_2,Item_3,Threshold_5,1.0
7093,Person_1157,Group_2,Item_3,Threshold_5,0.0
7094,Person_1159,Group_1,Item_3,Threshold_5,1.0
7095,Person_1160,Group_2,Item_3,Threshold_5,1.0
7096,Person_1162,Group_1,Item_3,Threshold_5,1.0
7097,Person_1164,Group_1,Item_3,Threshold_5,1.0
7098,Person_1167,Group_2,Item_3,Threshold_5,1.0
7099,Person_1172,Group_1,Item_3,Threshold_5,1.0
7100,Person_1174,Group_2,Item_3,Threshold_5,1.0
7101,Person_1177,Group_2,Item_3,Threshold_5,1.0
7102,Person_1178,Group_1,Item_3,Threshold_5,0.0
7103,Person_1179,Group_1,Item_3,Threshold_5,0.0
7104,Person_1181,Group_2,Item_3,Threshold_5,1.0
7105,Person_1182,Group_2,Item_3,Threshold_5,1.0
7106,Person_1183,Group_2,Item_3,Threshold_5,0.0
7107,Person_1185,Group_1,Item_3,Threshold_5,1.0
7108,Person_1186,Group_2,Item_3,Threshold_5,1.0
7109,Person_1187,Group_2,Item_3,Threshold_5,1.0
7110,Person_1189,Group_1,Item_3,Threshold_5,1.0
7111,Person_1190,Group_2,Item_3,Threshold_5,0.0
7112,Person_1193,Group_1,Item_3,Threshold_5,0.0
7113,Person_1195,Group_2,Item_3,Threshold_5,1.0
7114,Person_1196,Group_1,Item_3,Threshold_5,0.0
7115,Person_1200,Group_1,Item_3,Threshold_5,1.0
7116,Person_1201,Group_1,Item_3,Threshold_5,0.0
7117,Person_1202,Group_1,Item_3,Threshold_5,1.0
7118,Person_1205,Group_2,Item_3,Threshold_5,0.0
7119,Person_1206,Group_1,Item_3,Threshold_5,0.0
7120,Person_1208,Group_1,Item_3,Threshold_5,1.0
7121,Person_1209,Group_2,Item_3,Threshold_5,1.0
7122,Person_1210,Group_2,Item_3,Threshold_5,1.0
7123,Person_1211,Group_1,Item_3,Threshold_5,0.0
7124,Person_1212,Group_2,Item_3,Threshold_5,1.0
7125,Person_1213,Group_1,Item_3,Threshold_5,1.0
7126,Person_1214,Group_2,Item_3,Threshold_5,1.0
7127,Person_1215,Group_2,Item_3,Threshold_5,0.0
7128,Person_1218,Group_1,Item_3,Threshold_5,1.0
7129,Person_1220,Group_2,Item_3,Threshold_5,1.0
7130,Person_1221,Group_2,Item_3,Threshold_5,1.0
7131,Person_1222,Group_2,Item_3,Threshold_5,0.0
7132,Person_1223,Group_2,Item_3,Threshold_5,1.0
7133,Person_1224,Group_2,Item_3,Threshold_5,1.0
7134,Person_1225,Group_2,Item_3,Threshold_5,1.0
7135,Person_1231,Group_2,Item_3,Threshold_5,1.0
7136,Person_1233,Group_1,Item_3,Threshold_5,1.0
7137,Person_1234,Group_2,Item_3,Threshold_5,0.0
7138,Person_1236,Group_1,Item_3,Threshold_5,1.0
7139,Person_1237,Group_2,Item_3,Threshold_5,1.0
7140,Person_1238,Group_2,Item_3,Threshold_5,1.0
7141,Person_1239,Group_2,Item_3,Threshold_5,1.0
7142,Person_1240,Group_1,Item_3,Threshold_5,1.0
7143,Person_1242,Group_1,Item_3,Threshold_5,1.0
7144,Person_1246,Group_2,Item_3,Threshold_5,1.0
7145,Person_1248,Group_2,Item_3,Threshold_5,1.0
7146,Person_1249,Group_1,Item_3,Threshold_5,0.0
7147,Person_1251,Group_1,Item_3,Threshold_5,1.0
7148,Person_1253,Group_1,Item_3,Threshold_5,0.0
7149,Person_1255,Group_2,Item_3,Threshold_5,1.0
7150,Person_1257,Group_1,Item_3,Threshold_5,1.0
7151,Person_1265,Group_2,Item_3,Threshold_5,1.0
7152,Person_1266,Group_1,Item_3,Threshold_5,0.0
7153,Person_1270,Group_2,Item_3,Threshold_5,1.0
7154,Person_1271,Group_1,Item_3,Threshold_5,0.0
7155,Person_1272,Group_1,Item_3,Threshold_5,0.0
7156,Person_1276,Group_2,Item_3,Threshold_5,0.0
7157,Person_1277,Group_2,Item_3,Threshold_5,0.0
7158,Person_1282,Group_2,Item_3,Threshold_5,1.0
7159,Person_1283,Group_1,Item_3,Threshold_5,1.0
7160,Person_1285,Group_2,Item_3,Threshold_5,1.0
7161,Person_1286,Group_1,Item_3,Threshold_5,1.0
7162,Person_1288,Group_2,Item_3,Threshold_5,0.0
7163,Person_1289,Group_2,Item_3,Threshold_5,0.0
7164,Person_1291,Group_1,Item_3,Threshold_5,1.0
7165,Person_1292,Group_1,Item_3,Threshold_5,1.0
7166,Person_1293,Group_1,Item_3,Threshold_5,0.0
7167,Person_1294,Group_1,Item_3,Threshold_5,1.0
7168,Person_1296,Group_1,Item_3,Threshold_5,0.0
7169,Person_1299,Group_2,Item_3,Threshold_5,1.0
7170,Person_1302,Group_1,Item_3,Threshold_5,0.0
7171,Person_1305,Group_2,Item_3,Threshold_5,1.0
7172,Person_1307,Group_1,Item_3,Threshold_5,1.0
7173,Person_1309,Group_1,Item_3,Threshold_5,1.0
7174,Person_1310,Group_2,Item_3,Threshold_5,1.0
7175,Person_1311,Group_1,Item_3,Threshold_5,1.0
7176,Person_1312,Group_2,Item_3,Threshold_5,1.0
7177,Person_1314,Group_1,Item_3,Threshold_5,1.0
7178,Person_1316,Group_2,Item_3,Threshold_5,0.0
7179,Person_1317,Group_2,Item_3,Threshold_5,1.0
7180,Person_1319,Group_1,Item_3,Threshold_5,1.0
7181,Person_1322,Group_2,Item_3,Threshold_5,1.0
7182,Person_1323,Group_2,Item_3,Threshold_5,1.0
7183,Person_1324,Group_2,Item_3,Threshold_5,1.0
7184,Person_1325,Group_2,Item_3,Threshold_5,0.0
7185,Person_1326,Group_1,Item_3,Threshold_5,1.0
7186,Person_1327,Group_1,Item_3,Threshold_5,1.0
7187,Person_1329,Group_2,Item_3,Threshold_5,0.0
7188,Person_1330,Group_2,Item_3,Threshold_5,0.0
7189,Person_1331,Group_1,Item_3,Threshold_5,0.0
7190,Person_1332,Group_2,Item_3,Threshold_5,1.0
7191,Person_1334,Group_1,Item_3,Threshold_5,1.0
7192,Person_1337,Group_2,Item_3,Threshold_5,1.0
7193,Person_1340,Group_1,Item_3,Threshold_5,1.0
7194,Person_1342,Group_2,Item_3,Threshold_5,0.0
7195,Person_1344,Group_1,Item_3,Threshold_5,1.0
7196,Person_1346,Group_1,Item_3,Threshold_5,0.0
7197,Person_1347,Group_1,Item_3,Threshold_5,1.0
7198,Person_1348,Group_1,Item_3,Threshold_5,0.0
7199,Person_1349,Group_1,Item_3,Threshold_5,1.0
7200,Person_1351,Group_2,Item_3,Threshold_5,1.0
7201,Person_1353,Group_1,Item_3,Threshold_5,1.0
7202,Person_1355,Group_2,Item_3,Threshold_5,1.0
7203,Person_1358,Group_1,Item_3,Threshold_5,1.0
7204,Person_1360,Group_2,Item_3,Threshold_5,0.0
7205,Person_1362,Group_1,Item_3,Threshold_5,1.0
7206,Person_1363,Group_2,Item_3,Threshold_5,0.0
7207,Person_1364,Group_1,Item_3,Threshold_5,0.0
7208,Person_1372,Group_2,Item_3,Threshold_5,0.0
7209,Person_1375,Group_1,Item_3,Threshold_5,0.0
7210,Person_1376,Group_1,Item_3,Threshold_5,0.0
7211,Person_1377,Group_1,Item_3,Threshold_5,1.0
7212,Person_1378,Group_1,Item_3,Threshold_5,0.0
7213,Person_1379,Group_2,Item_3,Threshold_5,1.0
7214,Person_1382,Group_2,Item_3,Threshold_5,0.0
7215,Person_1383,Group_1,Item_3,Threshold_5,0.0
7216,Person_1385,Group_2,Item_3,Threshold_5,1.0
7217,Person_1386,Group_1,Item_3,Threshold_5,1.0
7218,Person_1388,Group_1,Item_3,Threshold_5,1.0
7219,Person_1389,Group_2,Item_3,Threshold_5,1.0
7220,Person_1391,Group_2,Item_3,Threshold_5,1.0
7221,Person_1395,Group_1,Item_3,Threshold_5,1.0
7222,Person_1397,Group_1,Item_3,Threshold_5,0.0
7223,Person_1398,Group_1,Item_3,Threshold_5,1.0
7224,Person_1400,Group_2,Item_3,Threshold_5,0.0
7225,Person_1401,Group_2,Item_3,Threshold_5,1.0
7226,Person_1405,Group_2,Item_3,Threshold_5,1.0
7227,Person_1406,Group_1,Item_3,Threshold_5,1.0
7228,Person_1409,Group_2,Item_3,Threshold_5,1.0
7229,Person_1411,Group_2,Item_3,Threshold_5,0.0
7230,Person_1415,Group_2,Item_3,Threshold_5,1.0
7231,Person_1416,Group_1,Item_3,Threshold_5,1.0
7232,Person_1417,Group_2,Item_3,Threshold_5,1.0
7233,Person_1418,Group_2,Item_3,Threshold_5,1.0
7234,Person_1419,Group_2,Item_3,Threshold_5,1.0
7235,Person_1420,Group_2,Item_3,Threshold_5,1.0
7236,Person_1421,Group_1,Item_3,Threshold_5,1.0
7237,Person_1422,Group_1,Item_3,Threshold_5,0.0
7238,Person_1423,Group_2,Item_3,Threshold_5,0.0
7239,Person_1425,Group_1,Item_3,Threshold_5,0.0
7240,Person_1426,Group_2,Item_3,Threshold_5,1.0
7241,Person_1427,Group_1,Item_3,Threshold_5,1.0
7242,Person_1431,Group_1,Item_3,Threshold_5,1.0
7243,Person_1432,Group_1,Item_3,Threshold_5,1.0
7244,Person_1436,Group_1,Item_3,Threshold_5,0.0
7245,Person_1441,Group_2,Item_3,Threshold_5,1.0
7246,Person_1442,Group_2,Item_3,Threshold_5,0.0
7247,Person_1445,Group_1,Item_3,Threshold_5,1.0
7248,Person_1448,Group_1,Item_3,Threshold_5,0.0
7249,Person_1450,Group_1,Item_3,Threshold_5,1.0
7250,Person_1451,Group_2,Item_3,Threshold_5,1.0
7251,Person_1455,Group_1,Item_3,Threshold_5,1.0
7252,Person_1458,Group_2,Item_3,Threshold_5,1.0
7253,Person_1460,Group_2,Item_3,Threshold_5,0.0
7254,Person_1461,Group_1,Item_3,Threshold_5,1.0
7255,Person_1463,Group_1,Item_3,Threshold_5,1.0
7256,Person_1464,Group_2,Item_3,Threshold_5,1.0
7257,Person_1466,Group_2,Item_3,Threshold_5,0.0
7258,Person_1473,Group_1,Item_3,Threshold_5,1.0
7259,Person_1475,Group_1,Item_3,Threshold_5,1.0
7260,Person_1478,Group_1,Item_3,Threshold_5,1.0
7261,Person_1480,Group_2,Item_3,Threshold_5,1.0
7262,Person_1481,Group_2,Item_3,Threshold_5,0.0
7263,Person_1482,Group_2,Item_3,Threshold_5,1.0
7264,Person_1484,Group_2,Item_3,Threshold_5,1.0
7265,Person_1486,Group_1,Item_3,Threshold_5,1.0
7266,Person_1489,Group_1,Item_3,Threshold_5,0.0
7267,Person_1491,Group_2,Item_3,Threshold_5,1.0
7268,Person_1493,Group_2,Item_3,Threshold_5,0.0
7269,Person_1494,Group_1,Item_3,Threshold_5,1.0
7270,Person_1496,Group_2,Item_3,Threshold_5,0.0
7271,Person_1499,Group_2,Item_3,Threshold_5,1.0
7272,Person_1500,Group_1,Item_3,Threshold_5,1.0
7273,Person_1502,Group_2,Item_3,Threshold_5,0.0
7274,Person_1503,Group_2,Item_3,Threshold_5,1.0
7275,Person_1504,Group_1,Item_3,Threshold_5,1.0
7276,Person_1505,Group_2,Item_3,Threshold_5,1.0
7277,Person_1506,Group_2,Item_3,Threshold_5,1.0
7278,Person_1510,Group_1,Item_3,Threshold_5,0.0
7279,Person_1511,Group_2,Item_3,Threshold_5,1.0
7280,Person_1512,Group_1,Item_3,Threshold_5,1.0
7281,Person_1514,Group_1,Item_3,Threshold_5,1.0
7282,Person_1517,Group_1,Item_3,Threshold_5,1.0
7283,Person_1519,Group_1,Item_3,Threshold_5,1.0
7284,Person_1521,Group_2,Item_3,Threshold_5,0.0
7285,Person_1524,Group_1,Item_3,Threshold_5,1.0
7286,Person_1525,Group_2,Item_3,Threshold_5,0.0
7287,Person_1526,Group_1,Item_3,Threshold_5,0.0
7288,Person_1528,Group_1,Item_3,Threshold_5,1.0
7289,Person_1536,Group_1,Item_3,Threshold_5,1.0
7290,Person_1539,Group_2,Item_3,Threshold_5,1.0
7291,Person_1540,Group_2,Item_3,Threshold_5,1.0
7292,Person_1542,Group_1,Item_3,Threshold_5,1.0
7293,Person_1543,Group_1,Item_3,Threshold_5,1.0
7294,Person_1544,Group_1,Item_3,Threshold_5,0.0
7295,Person_1545,Group_1,Item_3,Threshold_5,1.0
7296,Person_1547,Group_1,Item_3,Threshold_5,1.0
7297,Person_1550,Group_2,Item_3,Threshold_5,1.0
7298,Person_1551,Group_1,Item_3,Threshold_5,1.0
7299,Person_1552,Group_2,Item_3,Threshold_5,1.0
7300,Person_1553,Group_1,Item_3,Threshold_5,1.0
7301,Person_1555,Group_2,Item_3,Threshold_5,1.0
7302,Person_1556,Group_2,Item_3,Threshold_5,1.0
7303,Person_1560,Group_2,Item_3,Threshold_5,1.0
7304,Person_1561,Group_1,Item_3,Threshold_5,0.0
7305,Person_1565,Group_2,Item_3,Threshold_5,0.0
7306,Person_1567,Group_1,Item_3,Threshold_5,1.0
7307,Person_1568,Group_2,Item_3,Threshold_5,0.0
7308,Person_1569,Group_1,Item_3,Threshold_5,1.0
7309,Person_1571,Group_1,Item_3,Threshold_5,1.0
7310,Person_1572,Group_2,Item_3,Threshold_5,1.0
7311,Person_1573,Group_1,Item_3,Threshold_5,0.0
7312,Person_1574,Group_2,Item_3,Threshold_5,1.0
7313,Person_1577,Group_1,Item_3,Threshold_5,1.0
7314,Person_1579,Group_2,Item_3,Threshold_5,1.0
7315,Person_1583,Group_1,Item_3,Threshold_5,1.0
7316,Person_1585,Group_1,Item_3,Threshold_5,1.0
7317,Person_1586,Group_2,Item_3,Threshold_5,0.0
7318,Person_1588,Group_1,Item_3,Threshold_5,1.0
7319,Person_1591,Group_2,Item_3,Threshold_5,0.0
7320,Person_1592,Group_2,Item_3,Threshold_5,1.0
7321,Person_1594,Group_2,Item_3,Threshold_5,0.0
7322,Person_1595,Group_1,Item_3,Threshold_5,0.0
7323,Person_1603,Group_2,Item_3,Threshold_5,1.0
7324,Person_1606,Group_1,Item_3,Threshold_5,0.0
7325,Person_1607,Group_2,Item_3,Threshold_5,0.0
7326,Person_1610,Group_1,Item_3,Threshold_5,1.0
7327,Person_1611,Group_1,Item_3,Threshold_5,1.0
7328,Person_1612,Group_2,Item_3,Threshold_5,0.0
7329,Person_1613,Group_1,Item_3,Threshold_5,1.0
7330,Person_1614,Group_1,Item_3,Threshold_5,1.0
7331,Person_1617,Group_2,Item_3,Threshold_5,1.0
7332,Person_1619,Group_2,Item_3,Threshold_5,1.0
7333,Person_1624,Group_1,Item_3,Threshold_5,1.0
7334,Person_1625,Group_1,Item_3,Threshold_5,1.0
7335,Person_1628,Group_1,Item_3,Threshold_5,1.0
7336,Person_1633,Group_2,Item_3,Threshold_5,1.0
7337,Person_1634,Group_1,Item_3,Threshold_5,1.0
7338,Person_1635,Group_2,Item_3,Threshold_5,0.0
7339,Person_1,Group_1,Item_4,Threshold_1,0.0
7340,Person_3,Group_1,Item_4,Threshold_1,1.0
7341,Person_4,Group_2,Item_4,Threshold_1,1.0
7342,Person_7,Group_1,Item_4,Threshold_1,0.0
7343,Person_8,Group_2,Item_4,Threshold_1,1.0
7344,Person_13,Group_2,Item_4,Threshold_1,1.0
7345,Person_14,Group_2,Item_4,Threshold_1,1.0
7346,Person_15,Group_1,Item_4,Threshold_1,0.0
7347,Person_17,Group_2,Item_4,Threshold_1,1.0
7348,Person_18,Group_1,Item_4,Threshold_1,1.0
7349,Person_25,Group_1,Item_4,Threshold_1,0.0
7350,Person_26,Group_1,Item_4,Threshold_1,1.0
7351,Person_27,Group_2,Item_4,Threshold_1,0.0
7352,Person_28,Group_2,Item_4,Threshold_1,0.0
7353,Person_30,Group_2,Item_4,Threshold_1,1.0
7354,Person_31,Group_2,Item_4,Threshold_1,0.0
7355,Person_34,Group_1,Item_4,Threshold_1,1.0
7356,Person_36,Group_1,Item_4,Threshold_1,0.0
7357,Person_38,Group_2,Item_4,Threshold_1,1.0
7358,Person_40,Group_2,Item_4,Threshold_1,1.0
7359,Person_41,Group_2,Item_4,Threshold_1,1.0
7360,Person_44,Group_1,Item_4,Threshold_1,0.0
7361,Person_48,Group_2,Item_4,Threshold_1,1.0
7362,Person_49,Group_2,Item_4,Threshold_1,0.0
7363,Person_52,Group_1,Item_4,Threshold_1,0.0
7364,Person_54,Group_1,Item_4,Threshold_1,0.0
7365,Person_57,Group_2,Item_4,Threshold_1,1.0
7366,Person_58,Group_1,Item_4,Threshold_1,0.0
7367,Person_59,Group_1,Item_4,Threshold_1,1.0
7368,Person_62,Group_1,Item_4,Threshold_1,0.0
7369,Person_64,Group_2,Item_4,Threshold_1,0.0
7370,Person_66,Group_1,Item_4,Threshold_1,0.0
7371,Person_67,Group_2,Item_4,Threshold_1,1.0
7372,Person_68,Group_1,Item_4,Threshold_1,1.0
7373,Person_72,Group_2,Item_4,Threshold_1,1.0
7374,Person_73,Group_1,Item_4,Threshold_1,1.0
7375,Person_74,Group_1,Item_4,Threshold_1,0.0
7376,Person_81,Group_2,Item_4,Threshold_1,0.0
7377,Person_87,Group_1,Item_4,Threshold_1,0.0
7378,Person_91,Group_1,Item_4,Threshold_1,1.0
7379,Person_93,Group_2,Item_4,Threshold_1,0.0
7380,Person_94,Group_2,Item_4,Threshold_1,1.0
7381,Person_97,Group_1,Item_4,Threshold_1,0.0
7382,Person_100,Group_2,Item_4,Threshold_1,1.0
7383,Person_104,Group_1,Item_4,Threshold_1,1.0
7384,Person_108,Group_2,Item_4,Threshold_1,1.0
7385,Person_110,Group_1,Item_4,Threshold_1,0.0
7386,Person_116,Group_1,Item_4,Threshold_1,0.0
7387,Person_117,Group_1,Item_4,Threshold_1,0.0
7388,Person_118,Group_2,Item_4,Threshold_1,0.0
7389,Person_120,Group_2,Item_4,Threshold_1,1.0
7390,Person_126,Group_2,Item_4,Threshold_1,1.0
7391,Person_127,Group_2,Item_4,Threshold_1,0.0
7392,Person_130,Group_2,Item_4,Threshold_1,0.0
7393,Person_137,Group_1,Item_4,Threshold_1,0.0
7394,Person_138,Group_2,Item_4,Threshold_1,1.0
7395,Person_140,Group_1,Item_4,Threshold_1,0.0
7396,Person_143,Group_1,Item_4,Threshold_1,0.0
7397,Person_146,Group_2,Item_4,Threshold_1,0.0
7398,Person_153,Group_2,Item_4,Threshold_1,1.0
7399,Person_154,Group_2,Item_4,Threshold_1,0.0
7400,Person_156,Group_2,Item_4,Threshold_1,0.0
7401,Person_157,Group_2,Item_4,Threshold_1,0.0
7402,Person_159,Group_1,Item_4,Threshold_1,0.0
7403,Person_161,Group_2,Item_4,Threshold_1,0.0
7404,Person_164,Group_1,Item_4,Threshold_1,0.0
7405,Person_166,Group_1,Item_4,Threshold_1,0.0
7406,Person_169,Group_2,Item_4,Threshold_1,0.0
7407,Person_171,Group_2,Item_4,Threshold_1,0.0
7408,Person_172,Group_1,Item_4,Threshold_1,0.0
7409,Person_177,Group_2,Item_4,Threshold_1,0.0
7410,Person_178,Group_2,Item_4,Threshold_1,1.0
7411,Person_179,Group_1,Item_4,Threshold_1,0.0
7412,Person_181,Group_2,Item_4,Threshold_1,0.0
7413,Person_183,Group_2,Item_4,Threshold_1,1.0
7414,Person_184,Group_2,Item_4,Threshold_1,0.0
7415,Person_185,Group_2,Item_4,Threshold_1,0.0
7416,Person_187,Group_2,Item_4,Threshold_1,0.0
7417,Person_188,Group_1,Item_4,Threshold_1,1.0
7418,Person_189,Group_1,Item_4,Threshold_1,0.0
7419,Person_190,Group_2,Item_4,Threshold_1,0.0
7420,Person_192,Group_1,Item_4,Threshold_1,0.0
7421,Person_193,Group_2,Item_4,Threshold_1,0.0
7422,Person_194,Group_2,Item_4,Threshold_1,0.0
7423,Person_199,Group_2,Item_4,Threshold_1,0.0
7424,Person_202,Group_1,Item_4,Threshold_1,1.0
7425,Person_205,Group_2,Item_4,Threshold_1,0.0
7426,Person_214,Group_2,Item_4,Threshold_1,0.0
7427,Person_217,Group_2,Item_4,Threshold_1,0.0
7428,Person_218,Group_1,Item_4,Threshold_1,0.0
7429,Person_223,Group_2,Item_4,Threshold_1,0.0
7430,Person_225,Group_2,Item_4,Threshold_1,1.0
7431,Person_226,Group_2,Item_4,Threshold_1,1.0
7432,Person_228,Group_1,Item_4,Threshold_1,0.0
7433,Person_229,Group_2,Item_4,Threshold_1,0.0
7434,Person_230,Group_2,Item_4,Threshold_1,1.0
7435,Person_231,Group_2,Item_4,Threshold_1,1.0
7436,Person_232,Group_2,Item_4,Threshold_1,0.0
7437,Person_233,Group_2,Item_4,Threshold_1,1.0
7438,Person_236,Group_1,Item_4,Threshold_1,1.0
7439,Person_250,Group_2,Item_4,Threshold_1,0.0
7440,Person_251,Group_1,Item_4,Threshold_1,0.0
7441,Person_256,Group_2,Item_4,Threshold_1,1.0
7442,Person_258,Group_1,Item_4,Threshold_1,0.0
7443,Person_263,Group_2,Item_4,Threshold_1,0.0
7444,Person_268,Group_1,Item_4,Threshold_1,0.0
7445,Person_271,Group_1,Item_4,Threshold_1,0.0
7446,Person_275,Group_1,Item_4,Threshold_1,0.0
7447,Person_280,Group_1,Item_4,Threshold_1,0.0
7448,Person_281,Group_1,Item_4,Threshold_1,0.0
7449,Person_283,Group_1,Item_4,Threshold_1,0.0
7450,Person_285,Group_2,Item_4,Threshold_1,0.0
7451,Person_288,Group_2,Item_4,Threshold_1,1.0
7452,Person_293,Group_1,Item_4,Threshold_1,0.0
7453,Person_294,Group_2,Item_4,Threshold_1,1.0
7454,Person_295,Group_1,Item_4,Threshold_1,0.0
7455,Person_302,Group_1,Item_4,Threshold_1,1.0
7456,Person_304,Group_2,Item_4,Threshold_1,0.0
7457,Person_309,Group_1,Item_4,Threshold_1,0.0
7458,Person_312,Group_1,Item_4,Threshold_1,0.0
7459,Person_313,Group_1,Item_4,Threshold_1,0.0
7460,Person_315,Group_1,Item_4,Threshold_1,0.0
7461,Person_318,Group_2,Item_4,Threshold_1,1.0
7462,Person_319,Group_2,Item_4,Threshold_1,0.0
7463,Person_320,Group_1,Item_4,Threshold_1,0.0
7464,Person_321,Group_1,Item_4,Threshold_1,0.0
7465,Person_322,Group_1,Item_4,Threshold_1,0.0
7466,Person_325,Group_2,Item_4,Threshold_1,0.0
7467,Person_328,Group_1,Item_4,Threshold_1,0.0
7468,Person_334,Group_2,Item_4,Threshold_1,0.0
7469,Person_337,Group_2,Item_4,Threshold_1,0.0
7470,Person_338,Group_1,Item_4,Threshold_1,0.0
7471,Person_340,Group_1,Item_4,Threshold_1,0.0
7472,Person_342,Group_2,Item_4,Threshold_1,1.0
7473,Person_344,Group_2,Item_4,Threshold_1,0.0
7474,Person_348,Group_2,Item_4,Threshold_1,0.0
7475,Person_349,Group_1,Item_4,Threshold_1,0.0
7476,Person_350,Group_1,Item_4,Threshold_1,1.0
7477,Person_351,Group_2,Item_4,Threshold_1,1.0
7478,Person_352,Group_2,Item_4,Threshold_1,0.0
7479,Person_358,Group_1,Item_4,Threshold_1,0.0
7480,Person_361,Group_2,Item_4,Threshold_1,0.0
7481,Person_362,Group_2,Item_4,Threshold_1,0.0
7482,Person_363,Group_1,Item_4,Threshold_1,0.0
7483,Person_367,Group_2,Item_4,Threshold_1,0.0
7484,Person_369,Group_1,Item_4,Threshold_1,1.0
7485,Person_374,Group_2,Item_4,Threshold_1,0.0
7486,Person_377,Group_1,Item_4,Threshold_1,0.0
7487,Person_378,Group_1,Item_4,Threshold_1,0.0
7488,Person_379,Group_1,Item_4,Threshold_1,0.0
7489,Person_382,Group_1,Item_4,Threshold_1,1.0
7490,Person_383,Group_1,Item_4,Threshold_1,0.0
7491,Person_386,Group_1,Item_4,Threshold_1,0.0
7492,Person_389,Group_2,Item_4,Threshold_1,0.0
7493,Person_390,Group_2,Item_4,Threshold_1,0.0
7494,Person_391,Group_1,Item_4,Threshold_1,1.0
7495,Person_392,Group_1,Item_4,Threshold_1,0.0
7496,Person_393,Group_2,Item_4,Threshold_1,0.0
7497,Person_394,Group_1,Item_4,Threshold_1,0.0
7498,Person_396,Group_1,Item_4,Threshold_1,1.0
7499,Person_398,Group_1,Item_4,Threshold_1,0.0
7500,Person_399,Group_1,Item_4,Threshold_1,1.0
7501,Person_401,Group_2,Item_4,Threshold_1,0.0
7502,Person_402,Group_2,Item_4,Threshold_1,0.0
7503,Person_404,Group_1,Item_4,Threshold_1,1.0
7504,Person_405,Group_2,Item_4,Threshold_1,0.0
7505,Person_409,Group_1,Item_4,Threshold_1,0.0
7506,Person_412,Group_2,Item_4,Threshold_1,0.0
7507,Person_414,Group_1,Item_4,Threshold_1,1.0
7508,Person_415,Group_2,Item_4,Threshold_1,0.0
7509,Person_418,Group_2,Item_4,Threshold_1,1.0
7510,Person_419,Group_1,Item_4,Threshold_1,1.0
7511,Person_420,Group_1,Item_4,Threshold_1,0.0
7512,Person_421,Group_2,Item_4,Threshold_1,0.0
7513,Person_424,Group_1,Item_4,Threshold_1,0.0
7514,Person_425,Group_2,Item_4,Threshold_1,1.0
7515,Person_426,Group_1,Item_4,Threshold_1,1.0
7516,Person_428,Group_1,Item_4,Threshold_1,1.0
7517,Person_430,Group_2,Item_4,Threshold_1,0.0
7518,Person_431,Group_1,Item_4,Threshold_1,0.0
7519,Person_433,Group_2,Item_4,Threshold_1,0.0
7520,Person_436,Group_2,Item_4,Threshold_1,0.0
7521,Person_438,Group_1,Item_4,Threshold_1,0.0
7522,Person_444,Group_1,Item_4,Threshold_1,0.0
7523,Person_446,Group_2,Item_4,Threshold_1,0.0
7524,Person_449,Group_1,Item_4,Threshold_1,0.0
7525,Person_450,Group_1,Item_4,Threshold_1,0.0
7526,Person_452,Group_2,Item_4,Threshold_1,1.0
7527,Person_453,Group_2,Item_4,Threshold_1,0.0
7528,Person_457,Group_2,Item_4,Threshold_1,0.0
7529,Person_458,Group_2,Item_4,Threshold_1,0.0
7530,Person_459,Group_2,Item_4,Threshold_1,1.0
7531,Person_460,Group_2,Item_4,Threshold_1,0.0
7532,Person_462,Group_1,Item_4,Threshold_1,0.0
7533,Person_463,Group_1,Item_4,Threshold_1,1.0
7534,Person_464,Group_1,Item_4,Threshold_1,1.0
7535,Person_467,Group_1,Item_4,Threshold_1,0.0
7536,Person_468,Group_1,Item_4,Threshold_1,1.0
7537,Person_470,Group_1,Item_4,Threshold_1,0.0
7538,Person_472,Group_2,Item_4,Threshold_1,1.0
7539,Person_473,Group_2,Item_4,Threshold_1,1.0
7540,Person_474,Group_2,Item_4,Threshold_1,0.0
7541,Person_475,Group_1,Item_4,Threshold_1,0.0
7542,Person_478,Group_2,Item_4,Threshold_1,1.0
7543,Person_480,Group_1,Item_4,Threshold_1,0.0
7544,Person_481,Group_1,Item_4,Threshold_1,0.0
7545,Person_487,Group_2,Item_4,Threshold_1,1.0
7546,Person_488,Group_1,Item_4,Threshold_1,0.0
7547,Person_494,Group_1,Item_4,Threshold_1,0.0
7548,Person_499,Group_2,Item_4,Threshold_1,1.0
7549,Person_500,Group_2,Item_4,Threshold_1,0.0
7550,Person_501,Group_2,Item_4,Threshold_1,0.0
7551,Person_507,Group_1,Item_4,Threshold_1,0.0
7552,Person_508,Group_1,Item_4,Threshold_1,0.0
7553,Person_514,Group_1,Item_4,Threshold_1,0.0
7554,Person_516,Group_2,Item_4,Threshold_1,0.0
7555,Person_522,Group_2,Item_4,Threshold_1,1.0
7556,Person_525,Group_1,Item_4,Threshold_1,1.0
7557,Person_528,Group_1,Item_4,Threshold_1,0.0
7558,Person_529,Group_2,Item_4,Threshold_1,1.0
7559,Person_532,Group_1,Item_4,Threshold_1,0.0
7560,Person_533,Group_2,Item_4,Threshold_1,0.0
7561,Person_538,Group_1,Item_4,Threshold_1,1.0
7562,Person_543,Group_2,Item_4,Threshold_1,0.0
7563,Person_548,Group_2,Item_4,Threshold_1,0.0
7564,Person_549,Group_1,Item_4,Threshold_1,1.0
7565,Person_550,Group_2,Item_4,Threshold_1,0.0
7566,Person_552,Group_2,Item_4,Threshold_1,1.0
7567,Person_553,Group_2,Item_4,Threshold_1,0.0
7568,Person_560,Group_2,Item_4,Threshold_1,0.0
7569,Person_562,Group_2,Item_4,Threshold_1,0.0
7570,Person_564,Group_2,Item_4,Threshold_1,0.0
7571,Person_566,Group_1,Item_4,Threshold_1,0.0
7572,Person_567,Group_1,Item_4,Threshold_1,0.0
7573,Person_568,Group_1,Item_4,Threshold_1,0.0
7574,Person_569,Group_1,Item_4,Threshold_1,0.0
7575,Person_572,Group_1,Item_4,Threshold_1,0.0
7576,Person_578,Group_1,Item_4,Threshold_1,1.0
7577,Person_579,Group_2,Item_4,Threshold_1,0.0
7578,Person_581,Group_2,Item_4,Threshold_1,0.0
7579,Person_582,Group_2,Item_4,Threshold_1,0.0
7580,Person_583,Group_1,Item_4,Threshold_1,0.0
7581,Person_584,Group_2,Item_4,Threshold_1,0.0
7582,Person_586,Group_2,Item_4,Threshold_1,1.0
7583,Person_587,Group_1,Item_4,Threshold_1,0.0
7584,Person_590,Group_1,Item_4,Threshold_1,0.0
7585,Person_594,Group_1,Item_4,Threshold_1,0.0
7586,Person_596,Group_2,Item_4,Threshold_1,1.0
7587,Person_597,Group_1,Item_4,Threshold_1,1.0
7588,Person_598,Group_1,Item_4,Threshold_1,0.0
7589,Person_603,Group_2,Item_4,Threshold_1,1.0
7590,Person_604,Group_1,Item_4,Threshold_1,1.0
7591,Person_605,Group_2,Item_4,Threshold_1,1.0
7592,Person_607,Group_1,Item_4,Threshold_1,0.0
7593,Person_608,Group_2,Item_4,Threshold_1,1.0
7594,Person_609,Group_2,Item_4,Threshold_1,1.0
7595,Person_610,Group_2,Item_4,Threshold_1,0.0
7596,Person_612,Group_1,Item_4,Threshold_1,0.0
7597,Person_618,Group_2,Item_4,Threshold_1,0.0
7598,Person_620,Group_1,Item_4,Threshold_1,0.0
7599,Person_622,Group_2,Item_4,Threshold_1,0.0
7600,Person_626,Group_1,Item_4,Threshold_1,0.0
7601,Person_627,Group_1,Item_4,Threshold_1,0.0
7602,Person_630,Group_2,Item_4,Threshold_1,0.0
7603,Person_633,Group_1,Item_4,Threshold_1,1.0
7604,Person_634,Group_2,Item_4,Threshold_1,1.0
7605,Person_638,Group_1,Item_4,Threshold_1,0.0
7606,Person_639,Group_1,Item_4,Threshold_1,1.0
7607,Person_640,Group_1,Item_4,Threshold_1,0.0
7608,Person_642,Group_2,Item_4,Threshold_1,1.0
7609,Person_644,Group_2,Item_4,Threshold_1,0.0
7610,Person_645,Group_2,Item_4,Threshold_1,0.0
7611,Person_647,Group_1,Item_4,Threshold_1,1.0
7612,Person_649,Group_1,Item_4,Threshold_1,1.0
7613,Person_655,Group_1,Item_4,Threshold_1,1.0
7614,Person_656,Group_1,Item_4,Threshold_1,0.0
7615,Person_657,Group_1,Item_4,Threshold_1,1.0
7616,Person_660,Group_2,Item_4,Threshold_1,1.0
7617,Person_661,Group_2,Item_4,Threshold_1,0.0
7618,Person_665,Group_1,Item_4,Threshold_1,1.0
7619,Person_666,Group_2,Item_4,Threshold_1,0.0
7620,Person_668,Group_1,Item_4,Threshold_1,0.0
7621,Person_670,Group_1,Item_4,Threshold_1,1.0
7622,Person_673,Group_2,Item_4,Threshold_1,0.0
7623,Person_675,Group_1,Item_4,Threshold_1,0.0
7624,Person_677,Group_1,Item_4,Threshold_1,0.0
7625,Person_679,Group_1,Item_4,Threshold_1,0.0
7626,Person_680,Group_2,Item_4,Threshold_1,0.0
7627,Person_681,Group_2,Item_4,Threshold_1,1.0
7628,Person_682,Group_2,Item_4,Threshold_1,0.0
7629,Person_688,Group_2,Item_4,Threshold_1,1.0
7630,Person_695,Group_2,Item_4,Threshold_1,1.0
7631,Person_697,Group_2,Item_4,Threshold_1,1.0
7632,Person_699,Group_1,Item_4,Threshold_1,0.0
7633,Person_700,Group_1,Item_4,Threshold_1,0.0
7634,Person_701,Group_2,Item_4,Threshold_1,1.0
7635,Person_702,Group_1,Item_4,Threshold_1,0.0
7636,Person_703,Group_1,Item_4,Threshold_1,0.0
7637,Person_706,Group_1,Item_4,Threshold_1,0.0
7638,Person_712,Group_2,Item_4,Threshold_1,0.0
7639,Person_714,Group_1,Item_4,Threshold_1,0.0
7640,Person_715,Group_1,Item_4,Threshold_1,0.0
7641,Person_716,Group_1,Item_4,Threshold_1,0.0
7642,Person_717,Group_2,Item_4,Threshold_1,1.0
7643,Person_720,Group_2,Item_4,Threshold_1,1.0
7644,Person_721,Group_2,Item_4,Threshold_1,0.0
7645,Person_726,Group_1,Item_4,Threshold_1,0.0
7646,Person_729,Group_2,Item_4,Threshold_1,0.0
7647,Person_730,Group_1,Item_4,Threshold_1,0.0
7648,Person_741,Group_1,Item_4,Threshold_1,1.0
7649,Person_749,Group_2,Item_4,Threshold_1,1.0
7650,Person_750,Group_1,Item_4,Threshold_1,0.0
7651,Person_752,Group_2,Item_4,Threshold_1,0.0
7652,Person_753,Group_1,Item_4,Threshold_1,0.0
7653,Person_754,Group_2,Item_4,Threshold_1,0.0
7654,Person_755,Group_1,Item_4,Threshold_1,0.0
7655,Person_756,Group_1,Item_4,Threshold_1,0.0
7656,Person_760,Group_1,Item_4,Threshold_1,0.0
7657,Person_766,Group_1,Item_4,Threshold_1,0.0
7658,Person_767,Group_2,Item_4,Threshold_1,1.0
7659,Person_768,Group_1,Item_4,Threshold_1,0.0
7660,Person_769,Group_2,Item_4,Threshold_1,1.0
7661,Person_770,Group_2,Item_4,Threshold_1,0.0
7662,Person_774,Group_1,Item_4,Threshold_1,1.0
7663,Person_780,Group_1,Item_4,Threshold_1,0.0
7664,Person_787,Group_1,Item_4,Threshold_1,0.0
7665,Person_788,Group_1,Item_4,Threshold_1,0.0
7666,Person_789,Group_1,Item_4,Threshold_1,0.0
7667,Person_790,Group_2,Item_4,Threshold_1,0.0
7668,Person_793,Group_1,Item_4,Threshold_1,0.0
7669,Person_803,Group_2,Item_4,Threshold_1,1.0
7670,Person_808,Group_2,Item_4,Threshold_1,0.0
7671,Person_810,Group_2,Item_4,Threshold_1,0.0
7672,Person_812,Group_2,Item_4,Threshold_1,0.0
7673,Person_816,Group_2,Item_4,Threshold_1,0.0
7674,Person_819,Group_1,Item_4,Threshold_1,0.0
7675,Person_820,Group_1,Item_4,Threshold_1,0.0
7676,Person_824,Group_2,Item_4,Threshold_1,1.0
7677,Person_826,Group_1,Item_4,Threshold_1,0.0
7678,Person_827,Group_1,Item_4,Threshold_1,0.0
7679,Person_829,Group_1,Item_4,Threshold_1,0.0
7680,Person_832,Group_2,Item_4,Threshold_1,0.0
7681,Person_835,Group_2,Item_4,Threshold_1,1.0
7682,Person_836,Group_1,Item_4,Threshold_1,1.0
7683,Person_837,Group_2,Item_4,Threshold_1,0.0
7684,Person_843,Group_1,Item_4,Threshold_1,1.0
7685,Person_844,Group_1,Item_4,Threshold_1,1.0
7686,Person_846,Group_2,Item_4,Threshold_1,0.0
7687,Person_849,Group_2,Item_4,Threshold_1,1.0
7688,Person_855,Group_1,Item_4,Threshold_1,0.0
7689,Person_856,Group_2,Item_4,Threshold_1,0.0
7690,Person_857,Group_1,Item_4,Threshold_1,1.0
7691,Person_858,Group_2,Item_4,Threshold_1,0.0
7692,Person_859,Group_1,Item_4,Threshold_1,0.0
7693,Person_862,Group_2,Item_4,Threshold_1,0.0
7694,Person_863,Group_2,Item_4,Threshold_1,0.0
7695,Person_865,Group_1,Item_4,Threshold_1,0.0
7696,Person_867,Group_1,Item_4,Threshold_1,0.0
7697,Person_868,Group_2,Item_4,Threshold_1,0.0
7698,Person_869,Group_2,Item_4,Threshold_1,0.0
7699,Person_873,Group_2,Item_4,Threshold_1,0.0
7700,Person_875,Group_2,Item_4,Threshold_1,1.0
7701,Person_877,Group_2,Item_4,Threshold_1,0.0
7702,Person_880,Group_2,Item_4,Threshold_1,1.0
7703,Person_881,Group_2,Item_4,Threshold_1,0.0
7704,Person_882,Group_2,Item_4,Threshold_1,0.0
7705,Person_883,Group_1,Item_4,Threshold_1,0.0
7706,Person_885,Group_2,Item_4,Threshold_1,0.0
7707,Person_886,Group_1,Item_4,Threshold_1,0.0
7708,Person_887,Group_2,Item_4,Threshold_1,1.0
7709,Person_888,Group_2,Item_4,Threshold_1,1.0
7710,Person_891,Group_2,Item_4,Threshold_1,1.0
7711,Person_893,Group_2,Item_4,Threshold_1,0.0
7712,Person_896,Group_2,Item_4,Threshold_1,0.0
7713,Person_898,Group_1,Item_4,Threshold_1,1.0
7714,Person_902,Group_1,Item_4,Threshold_1,0.0
7715,Person_903,Group_2,Item_4,Threshold_1,0.0
7716,Person_907,Group_1,Item_4,Threshold_1,0.0
7717,Person_912,Group_2,Item_4,Threshold_1,0.0
7718,Person_914,Group_1,Item_4,Threshold_1,0.0
7719,Person_915,Group_2,Item_4,Threshold_1,0.0
7720,Person_917,Group_2,Item_4,Threshold_1,0.0
7721,Person_923,Group_2,Item_4,Threshold_1,0.0
7722,Person_924,Group_1,Item_4,Threshold_1,0.0
7723,Person_925,Group_1,Item_4,Threshold_1,1.0
7724,Person_928,Group_1,Item_4,Threshold_1,1.0
7725,Person_932,Group_1,Item_4,Threshold_1,0.0
7726,Person_934,Group_1,Item_4,Threshold_1,0.0
7727,Person_935,Group_2,Item_4,Threshold_1,0.0
7728,Person_940,Group_1,Item_4,Threshold_1,0.0
7729,Person_945,Group_1,Item_4,Threshold_1,1.0
7730,Person_947,Group_1,Item_4,Threshold_1,0.0
7731,Person_950,Group_2,Item_4,Threshold_1,0.0
7732,Person_951,Group_2,Item_4,Threshold_1,1.0
7733,Person_954,Group_2,Item_4,Threshold_1,0.0
7734,Person_955,Group_2,Item_4,Threshold_1,1.0
7735,Person_957,Group_1,Item_4,Threshold_1,1.0
7736,Person_959,Group_2,Item_4,Threshold_1,0.0
7737,Person_961,Group_2,Item_4,Threshold_1,0.0
7738,Person_964,Group_1,Item_4,Threshold_1,1.0
7739,Person_967,Group_1,Item_4,Threshold_1,0.0
7740,Person_969,Group_1,Item_4,Threshold_1,0.0
7741,Person_972,Group_1,Item_4,Threshold_1,0.0
7742,Person_974,Group_1,Item_4,Threshold_1,0.0
7743,Person_978,Group_1,Item_4,Threshold_1,0.0
7744,Person_983,Group_1,Item_4,Threshold_1,0.0
7745,Person_984,Group_1,Item_4,Threshold_1,0.0
7746,Person_986,Group_2,Item_4,Threshold_1,0.0
7747,Person_992,Group_1,Item_4,Threshold_1,0.0
7748,Person_999,Group_2,Item_4,Threshold_1,0.0
7749,Person_1002,Group_1,Item_4,Threshold_1,0.0
7750,Person_1006,Group_2,Item_4,Threshold_1,1.0
7751,Person_1011,Group_2,Item_4,Threshold_1,1.0
7752,Person_1012,Group_2,Item_4,Threshold_1,0.0
7753,Person_1016,Group_2,Item_4,Threshold_1,0.0
7754,Person_1017,Group_1,Item_4,Threshold_1,1.0
7755,Person_1018,Group_2,Item_4,Threshold_1,0.0
7756,Person_1019,Group_1,Item_4,Threshold_1,0.0
7757,Person_1020,Group_2,Item_4,Threshold_1,1.0
7758,Person_1022,Group_2,Item_4,Threshold_1,0.0
7759,Person_1024,Group_1,Item_4,Threshold_1,0.0
7760,Person_1025,Group_1,Item_4,Threshold_1,1.0
7761,Person_1026,Group_2,Item_4,Threshold_1,0.0
7762,Person_1027,Group_1,Item_4,Threshold_1,0.0
7763,Person_1028,Group_2,Item_4,Threshold_1,1.0
7764,Person_1029,Group_1,Item_4,Threshold_1,0.0
7765,Person_1033,Group_1,Item_4,Threshold_1,0.0
7766,Person_1037,Group_2,Item_4,Threshold_1,1.0
7767,Person_1040,Group_1,Item_4,Threshold_1,0.0
7768,Person_1043,Group_2,Item_4,Threshold_1,0.0
7769,Person_1044,Group_2,Item_4,Threshold_1,0.0
7770,Person_1047,Group_1,Item_4,Threshold_1,1.0
7771,Person_1052,Group_1,Item_4,Threshold_1,0.0
7772,Person_1057,Group_1,Item_4,Threshold_1,1.0
7773,Person_1059,Group_1,Item_4,Threshold_1,1.0
7774,Person_1062,Group_2,Item_4,Threshold_1,0.0
7775,Person_1063,Group_2,Item_4,Threshold_1,1.0
7776,Person_1064,Group_1,Item_4,Threshold_1,0.0
7777,Person_1067,Group_2,Item_4,Threshold_1,0.0
7778,Person_1070,Group_1,Item_4,Threshold_1,1.0
7779,Person_1071,Group_2,Item_4,Threshold_1,1.0
7780,Person_1072,Group_1,Item_4,Threshold_1,0.0
7781,Person_1073,Group_2,Item_4,Threshold_1,0.0
7782,Person_1076,Group_2,Item_4,Threshold_1,0.0
7783,Person_1087,Group_2,Item_4,Threshold_1,0.0
7784,Person_1088,Group_2,Item_4,Threshold_1,0.0
7785,Person_1091,Group_2,Item_4,Threshold_1,0.0
7786,Person_1092,Group_2,Item_4,Threshold_1,1.0
7787,Person_1093,Group_2,Item_4,Threshold_1,1.0
7788,Person_1095,Group_2,Item_4,Threshold_1,0.0
7789,Person_1096,Group_2,Item_4,Threshold_1,0.0
7790,Person_1098,Group_2,Item_4,Threshold_1,0.0
7791,Person_1101,Group_1,Item_4,Threshold_1,0.0
7792,Person_1102,Group_2,Item_4,Threshold_1,0.0
7793,Person_1104,Group_2,Item_4,Threshold_1,1.0
7794,Person_1109,Group_2,Item_4,Threshold_1,0.0
7795,Person_1112,Group_2,Item_4,Threshold_1,1.0
7796,Person_1113,Group_1,Item_4,Threshold_1,1.0
7797,Person_1114,Group_1,Item_4,Threshold_1,0.0
7798,Person_1116,Group_1,Item_4,Threshold_1,0.0
7799,Person_1117,Group_2,Item_4,Threshold_1,0.0
7800,Person_1120,Group_1,Item_4,Threshold_1,1.0
7801,Person_1121,Group_2,Item_4,Threshold_1,1.0
7802,Person_1122,Group_2,Item_4,Threshold_1,0.0
7803,Person_1123,Group_2,Item_4,Threshold_1,1.0
7804,Person_1129,Group_1,Item_4,Threshold_1,1.0
7805,Person_1132,Group_2,Item_4,Threshold_1,0.0
7806,Person_1141,Group_2,Item_4,Threshold_1,0.0
7807,Person_1142,Group_1,Item_4,Threshold_1,1.0
7808,Person_1143,Group_1,Item_4,Threshold_1,0.0
7809,Person_1144,Group_2,Item_4,Threshold_1,1.0
7810,Person_1149,Group_1,Item_4,Threshold_1,0.0
7811,Person_1150,Group_1,Item_4,Threshold_1,0.0
7812,Person_1151,Group_2,Item_4,Threshold_1,1.0
7813,Person_1153,Group_1,Item_4,Threshold_1,0.0
7814,Person_1158,Group_1,Item_4,Threshold_1,0.0
7815,Person_1163,Group_2,Item_4,Threshold_1,0.0
7816,Person_1165,Group_2,Item_4,Threshold_1,0.0
7817,Person_1166,Group_1,Item_4,Threshold_1,1.0
7818,Person_1168,Group_1,Item_4,Threshold_1,1.0
7819,Person_1169,Group_1,Item_4,Threshold_1,0.0
7820,Person_1170,Group_1,Item_4,Threshold_1,0.0
7821,Person_1171,Group_2,Item_4,Threshold_1,0.0
7822,Person_1173,Group_2,Item_4,Threshold_1,0.0
7823,Person_1175,Group_2,Item_4,Threshold_1,1.0
7824,Person_1176,Group_1,Item_4,Threshold_1,1.0
7825,Person_1179,Group_1,Item_4,Threshold_1,1.0
7826,Person_1180,Group_2,Item_4,Threshold_1,0.0
7827,Person_1183,Group_2,Item_4,Threshold_1,1.0
7828,Person_1188,Group_2,Item_4,Threshold_1,1.0
7829,Person_1191,Group_1,Item_4,Threshold_1,1.0
7830,Person_1192,Group_2,Item_4,Threshold_1,0.0
7831,Person_1198,Group_2,Item_4,Threshold_1,1.0
7832,Person_1199,Group_1,Item_4,Threshold_1,1.0
7833,Person_1203,Group_2,Item_4,Threshold_1,0.0
7834,Person_1207,Group_2,Item_4,Threshold_1,0.0
7835,Person_1216,Group_1,Item_4,Threshold_1,1.0
7836,Person_1222,Group_1,Item_4,Threshold_1,1.0
7837,Person_1226,Group_2,Item_4,Threshold_1,0.0
7838,Person_1228,Group_2,Item_4,Threshold_1,0.0
7839,Person_1229,Group_2,Item_4,Threshold_1,0.0
7840,Person_1232,Group_1,Item_4,Threshold_1,0.0
7841,Person_1234,Group_1,Item_4,Threshold_1,1.0
7842,Person_1235,Group_2,Item_4,Threshold_1,1.0
7843,Person_1243,Group_2,Item_4,Threshold_1,0.0
7844,Person_1244,Group_2,Item_4,Threshold_1,0.0
7845,Person_1245,Group_2,Item_4,Threshold_1,1.0
7846,Person_1248,Group_1,Item_4,Threshold_1,1.0
7847,Person_1249,Group_1,Item_4,Threshold_1,1.0
7848,Person_1250,Group_1,Item_4,Threshold_1,0.0
7849,Person_1254,Group_1,Item_4,Threshold_1,0.0
7850,Person_1258,Group_2,Item_4,Threshold_1,0.0
7851,Person_1259,Group_2,Item_4,Threshold_1,0.0
7852,Person_1260,Group_2,Item_4,Threshold_1,1.0
7853,Person_1262,Group_2,Item_4,Threshold_1,0.0
7854,Person_1263,Group_2,Item_4,Threshold_1,1.0
7855,Person_1267,Group_1,Item_4,Threshold_1,1.0
7856,Person_1268,Group_1,Item_4,Threshold_1,0.0
7857,Person_1269,Group_2,Item_4,Threshold_1,1.0
7858,Person_1272,Group_2,Item_4,Threshold_1,1.0
7859,Person_1274,Group_2,Item_4,Threshold_1,1.0
7860,Person_1275,Group_1,Item_4,Threshold_1,1.0
7861,Person_1276,Group_1,Item_4,Threshold_1,0.0
7862,Person_1278,Group_1,Item_4,Threshold_1,0.0
7863,Person_1279,Group_2,Item_4,Threshold_1,0.0
7864,Person_1280,Group_2,Item_4,Threshold_1,1.0
7865,Person_1281,Group_2,Item_4,Threshold_1,0.0
7866,Person_1284,Group_2,Item_4,Threshold_1,0.0
7867,Person_1287,Group_1,Item_4,Threshold_1,1.0
7868,Person_1295,Group_1,Item_4,Threshold_1,0.0
7869,Person_1300,Group_1,Item_4,Threshold_1,1.0
7870,Person_1301,Group_1,Item_4,Threshold_1,0.0
7871,Person_1303,Group_2,Item_4,Threshold_1,0.0
7872,Person_1306,Group_1,Item_4,Threshold_1,0.0
7873,Person_1308,Group_2,Item_4,Threshold_1,0.0
7874,Person_1313,Group_1,Item_4,Threshold_1,0.0
7875,Person_1316,Group_1,Item_4,Threshold_1,1.0
7876,Person_1318,Group_1,Item_4,Threshold_1,1.0
7877,Person_1320,Group_2,Item_4,Threshold_1,0.0
7878,Person_1322,Group_2,Item_4,Threshold_1,0.0
7879,Person_1330,Group_2,Item_4,Threshold_1,0.0
7880,Person_1335,Group_1,Item_4,Threshold_1,0.0
7881,Person_1336,Group_1,Item_4,Threshold_1,0.0
7882,Person_1338,Group_1,Item_4,Threshold_1,0.0
7883,Person_1339,Group_2,Item_4,Threshold_1,0.0
7884,Person_1341,Group_2,Item_4,Threshold_1,0.0
7885,Person_1345,Group_2,Item_4,Threshold_1,0.0
7886,Person_1350,Group_2,Item_4,Threshold_1,0.0
7887,Person_1352,Group_2,Item_4,Threshold_1,1.0
7888,Person_1354,Group_2,Item_4,Threshold_1,0.0
7889,Person_1356,Group_1,Item_4,Threshold_1,0.0
7890,Person_1357,Group_1,Item_4,Threshold_1,0.0
7891,Person_1361,Group_2,Item_4,Threshold_1,0.0
7892,Person_1365,Group_1,Item_4,Threshold_1,0.0
7893,Person_1366,Group_2,Item_4,Threshold_1,0.0
7894,Person_1367,Group_1,Item_4,Threshold_1,1.0
7895,Person_1368,Group_1,Item_4,Threshold_1,0.0
7896,Person_1369,Group_1,Item_4,Threshold_1,0.0
7897,Person_1370,Group_1,Item_4,Threshold_1,0.0
7898,Person_1371,Group_2,Item_4,Threshold_1,0.0
7899,Person_1374,Group_2,Item_4,Threshold_1,0.0
7900,Person_1375,Group_2,Item_4,Threshold_1,1.0
7901,Person_1381,Group_2,Item_4,Threshold_1,1.0
7902,Person_1382,Group_1,Item_4,Threshold_1,0.0
7903,Person_1383,Group_1,Item_4,Threshold_1,0.0
7904,Person_1384,Group_1,Item_4,Threshold_1,1.0
7905,Person_1387,Group_2,Item_4,Threshold_1,0.0
7906,Person_1390,Group_1,Item_4,Threshold_1,0.0
7907,Person_1392,Group_1,Item_4,Threshold_1,0.0
7908,Person_1393,Group_2,Item_4,Threshold_1,0.0
7909,Person_1394,Group_2,Item_4,Threshold_1,0.0
7910,Person_1396,Group_1,Item_4,Threshold_1,1.0
7911,Person_1397,Group_2,Item_4,Threshold_1,1.0
7912,Person_1398,Group_1,Item_4,Threshold_1,1.0
7913,Person_1399,Group_1,Item_4,Threshold_1,0.0
7914,Person_1400,Group_2,Item_4,Threshold_1,0.0
7915,Person_1402,Group_2,Item_4,Threshold_1,1.0
7916,Person_1403,Group_1,Item_4,Threshold_1,0.0
7917,Person_1408,Group_2,Item_4,Threshold_1,0.0
7918,Person_1410,Group_2,Item_4,Threshold_1,0.0
7919,Person_1422,Group_1,Item_4,Threshold_1,0.0
7920,Person_1424,Group_1,Item_4,Threshold_1,0.0
7921,Person_1428,Group_1,Item_4,Threshold_1,0.0
7922,Person_1429,Group_2,Item_4,Threshold_1,1.0
7923,Person_1433,Group_1,Item_4,Threshold_1,1.0
7924,Person_1434,Group_2,Item_4,Threshold_1,0.0
7925,Person_1435,Group_2,Item_4,Threshold_1,0.0
7926,Person_1437,Group_1,Item_4,Threshold_1,1.0
7927,Person_1438,Group_2,Item_4,Threshold_1,0.0
7928,Person_1439,Group_2,Item_4,Threshold_1,0.0
7929,Person_1440,Group_2,Item_4,Threshold_1,0.0
7930,Person_1443,Group_2,Item_4,Threshold_1,1.0
7931,Person_1444,Group_2,Item_4,Threshold_1,0.0
7932,Person_1447,Group_2,Item_4,Threshold_1,0.0
7933,Person_1449,Group_2,Item_4,Threshold_1,0.0
7934,Person_1453,Group_1,Item_4,Threshold_1,1.0
7935,Person_1454,Group_1,Item_4,Threshold_1,0.0
7936,Person_1455,Group_1,Item_4,Threshold_1,1.0
7937,Person_1456,Group_2,Item_4,Threshold_1,1.0
7938,Person_1457,Group_2,Item_4,Threshold_1,1.0
7939,Person_1459,Group_2,Item_4,Threshold_1,0.0
7940,Person_1460,Group_2,Item_4,Threshold_1,0.0
7941,Person_1465,Group_2,Item_4,Threshold_1,0.0
7942,Person_1467,Group_2,Item_4,Threshold_1,0.0
7943,Person_1468,Group_2,Item_4,Threshold_1,1.0
7944,Person_1469,Group_2,Item_4,Threshold_1,0.0
7945,Person_1470,Group_1,Item_4,Threshold_1,0.0
7946,Person_1471,Group_1,Item_4,Threshold_1,0.0
7947,Person_1473,Group_2,Item_4,Threshold_1,1.0
7948,Person_1475,Group_2,Item_4,Threshold_1,1.0
7949,Person_1476,Group_1,Item_4,Threshold_1,0.0
7950,Person_1477,Group_1,Item_4,Threshold_1,0.0
7951,Person_1479,Group_1,Item_4,Threshold_1,0.0
7952,Person_1487,Group_2,Item_4,Threshold_1,0.0
7953,Person_1488,Group_2,Item_4,Threshold_1,0.0
7954,Person_1489,Group_2,Item_4,Threshold_1,1.0
7955,Person_1495,Group_2,Item_4,Threshold_1,0.0
7956,Person_1496,Group_1,Item_4,Threshold_1,1.0
7957,Person_1497,Group_1,Item_4,Threshold_1,1.0
7958,Person_1501,Group_1,Item_4,Threshold_1,1.0
7959,Person_1507,Group_2,Item_4,Threshold_1,0.0
7960,Person_1508,Group_2,Item_4,Threshold_1,0.0
7961,Person_1509,Group_1,Item_4,Threshold_1,0.0
7962,Person_1513,Group_1,Item_4,Threshold_1,1.0
7963,Person_1515,Group_2,Item_4,Threshold_1,0.0
7964,Person_1516,Group_1,Item_4,Threshold_1,1.0
7965,Person_1518,Group_1,Item_4,Threshold_1,0.0
7966,Person_1525,Group_2,Item_4,Threshold_1,1.0
7967,Person_1527,Group_1,Item_4,Threshold_1,0.0
7968,Person_1529,Group_2,Item_4,Threshold_1,0.0
7969,Person_1531,Group_1,Item_4,Threshold_1,0.0
7970,Person_1532,Group_1,Item_4,Threshold_1,1.0
7971,Person_1537,Group_1,Item_4,Threshold_1,0.0
7972,Person_1541,Group_2,Item_4,Threshold_1,1.0
7973,Person_1546,Group_1,Item_4,Threshold_1,0.0
7974,Person_1548,Group_1,Item_4,Threshold_1,0.0
7975,Person_1557,Group_1,Item_4,Threshold_1,0.0
7976,Person_1558,Group_2,Item_4,Threshold_1,0.0
7977,Person_1559,Group_2,Item_4,Threshold_1,0.0
7978,Person_1561,Group_2,Item_4,Threshold_1,0.0
7979,Person_1562,Group_2,Item_4,Threshold_1,1.0
7980,Person_1563,Group_1,Item_4,Threshold_1,0.0
7981,Person_1566,Group_1,Item_4,Threshold_1,0.0
7982,Person_1567,Group_1,Item_4,Threshold_1,1.0
7983,Person_1568,Group_2,Item_4,Threshold_1,1.0
7984,Person_1570,Group_1,Item_4,Threshold_1,0.0
7985,Person_1575,Group_2,Item_4,Threshold_1,1.0
7986,Person_1576,Group_2,Item_4,Threshold_1,0.0
7987,Person_1578,Group_1,Item_4,Threshold_1,0.0
7988,Person_1581,Group_1,Item_4,Threshold_1,1.0
7989,Person_1584,Group_2,Item_4,Threshold_1,0.0
7990,Person_1585,Group_1,Item_4,Threshold_1,1.0
7991,Person_1586,Group_1,Item_4,Threshold_1,1.0
7992,Person_1587,Group_2,Item_4,Threshold_1,0.0
7993,Person_1589,Group_1,Item_4,Threshold_1,1.0
7994,Person_1590,Group_2,Item_4,Threshold_1,1.0
7995,Person_1596,Group_1,Item_4,Threshold_1,0.0
7996,Person_1599,Group_1,Item_4,Threshold_1,0.0
7997,Person_1600,Group_1,Item_4,Threshold_1,0.0
7998,Person_1601,Group_1,Item_4,Threshold_1,1.0
7999,Person_1602,Group_2,Item_4,Threshold_1,0.0
8000,Person_1605,Group_1,Item_4,Threshold_1,0.0
8001,Person_1609,Group_2,Item_4,Threshold_1,0.0
8002,Person_1615,Group_2,Item_4,Threshold_1,0.0
8003,Person_1616,Group_1,Item_4,Threshold_1,0.0
8004,Person_1618,Group_1,Item_4,Threshold_1,0.0
8005,Person_1620,Group_2,Item_4,Threshold_1,0.0
8006,Person_1622,Group_2,Item_4,Threshold_1,0.0
8007,Person_1626,Group_1,Item_4,Threshold_1,0.0
8008,Person_1627,Group_1,Item_4,Threshold_1,1.0
8009,Person_1629,Group_1,Item_4,Threshold_1,0.0
8010,Person_1631,Group_1,Item_4,Threshold_1,0.0
8011,Person_1632,Group_2,Item_4,Threshold_1,0.0
8012,Person_3,Group_1,Item_4,Threshold_2,0.0
8013,Person_4,Group_1,Item_4,Threshold_2,0.0
8014,Person_8,Group_1,Item_4,Threshold_2,0.0
8015,Person_13,Group_2,Item_4,Threshold_2,0.0
8016,Person_14,Group_1,Item_4,Threshold_2,0.0
8017,Person_17,Group_1,Item_4,Threshold_2,0.0
8018,Person_18,Group_1,Item_4,Threshold_2,0.0
8019,Person_19,Group_1,Item_4,Threshold_2,1.0
8020,Person_21,Group_2,Item_4,Threshold_2,1.0
8021,Person_26,Group_1,Item_4,Threshold_2,0.0
8022,Person_30,Group_1,Item_4,Threshold_2,0.0
8023,Person_34,Group_2,Item_4,Threshold_2,0.0
8024,Person_35,Group_1,Item_4,Threshold_2,1.0
8025,Person_38,Group_2,Item_4,Threshold_2,0.0
8026,Person_40,Group_1,Item_4,Threshold_2,0.0
8027,Person_41,Group_1,Item_4,Threshold_2,0.0
8028,Person_48,Group_2,Item_4,Threshold_2,0.0
8029,Person_50,Group_1,Item_4,Threshold_2,1.0
8030,Person_55,Group_1,Item_4,Threshold_2,1.0
8031,Person_57,Group_1,Item_4,Threshold_2,0.0
8032,Person_59,Group_2,Item_4,Threshold_2,0.0
8033,Person_65,Group_1,Item_4,Threshold_2,1.0
8034,Person_67,Group_1,Item_4,Threshold_2,0.0
8035,Person_68,Group_1,Item_4,Threshold_2,0.0
8036,Person_70,Group_1,Item_4,Threshold_2,1.0
8037,Person_71,Group_2,Item_4,Threshold_2,1.0
8038,Person_72,Group_1,Item_4,Threshold_2,0.0
8039,Person_73,Group_2,Item_4,Threshold_2,0.0
8040,Person_79,Group_1,Item_4,Threshold_2,1.0
8041,Person_91,Group_1,Item_4,Threshold_2,0.0
8042,Person_94,Group_2,Item_4,Threshold_2,0.0
8043,Person_100,Group_1,Item_4,Threshold_2,0.0
8044,Person_101,Group_2,Item_4,Threshold_2,1.0
8045,Person_104,Group_1,Item_4,Threshold_2,0.0
8046,Person_105,Group_1,Item_4,Threshold_2,1.0
8047,Person_108,Group_2,Item_4,Threshold_2,0.0
8048,Person_109,Group_1,Item_4,Threshold_2,1.0
8049,Person_115,Group_2,Item_4,Threshold_2,1.0
8050,Person_120,Group_2,Item_4,Threshold_2,0.0
8051,Person_121,Group_1,Item_4,Threshold_2,1.0
8052,Person_122,Group_1,Item_4,Threshold_2,1.0
8053,Person_126,Group_2,Item_4,Threshold_2,0.0
8054,Person_128,Group_1,Item_4,Threshold_2,1.0
8055,Person_129,Group_2,Item_4,Threshold_2,1.0
8056,Person_138,Group_1,Item_4,Threshold_2,0.0
8057,Person_142,Group_2,Item_4,Threshold_2,1.0
8058,Person_153,Group_1,Item_4,Threshold_2,0.0
8059,Person_163,Group_2,Item_4,Threshold_2,1.0
8060,Person_165,Group_2,Item_4,Threshold_2,1.0
8061,Person_170,Group_2,Item_4,Threshold_2,1.0
8062,Person_174,Group_1,Item_4,Threshold_2,1.0
8063,Person_178,Group_1,Item_4,Threshold_2,0.0
8064,Person_183,Group_1,Item_4,Threshold_2,0.0
8065,Person_188,Group_1,Item_4,Threshold_2,0.0
8066,Person_191,Group_1,Item_4,Threshold_2,1.0
8067,Person_198,Group_2,Item_4,Threshold_2,1.0
8068,Person_202,Group_1,Item_4,Threshold_2,0.0
8069,Person_212,Group_2,Item_4,Threshold_2,1.0
8070,Person_215,Group_2,Item_4,Threshold_2,1.0
8071,Person_225,Group_2,Item_4,Threshold_2,0.0
8072,Person_226,Group_2,Item_4,Threshold_2,0.0
8073,Person_230,Group_2,Item_4,Threshold_2,0.0
8074,Person_231,Group_1,Item_4,Threshold_2,0.0
8075,Person_233,Group_2,Item_4,Threshold_2,0.0
8076,Person_236,Group_1,Item_4,Threshold_2,0.0
8077,Person_241,Group_1,Item_4,Threshold_2,1.0
8078,Person_255,Group_2,Item_4,Threshold_2,1.0
8079,Person_256,Group_1,Item_4,Threshold_2,0.0
8080,Person_265,Group_2,Item_4,Threshold_2,1.0
8081,Person_274,Group_2,Item_4,Threshold_2,1.0
8082,Person_288,Group_2,Item_4,Threshold_2,0.0
8083,Person_294,Group_1,Item_4,Threshold_2,0.0
8084,Person_302,Group_2,Item_4,Threshold_2,0.0
8085,Person_307,Group_2,Item_4,Threshold_2,1.0
8086,Person_314,Group_1,Item_4,Threshold_2,1.0
8087,Person_318,Group_1,Item_4,Threshold_2,0.0
8088,Person_323,Group_1,Item_4,Threshold_2,1.0
8089,Person_329,Group_1,Item_4,Threshold_2,1.0
8090,Person_331,Group_2,Item_4,Threshold_2,1.0
8091,Person_333,Group_1,Item_4,Threshold_2,1.0
8092,Person_339,Group_2,Item_4,Threshold_2,1.0
8093,Person_342,Group_1,Item_4,Threshold_2,0.0
8094,Person_350,Group_2,Item_4,Threshold_2,0.0
8095,Person_351,Group_1,Item_4,Threshold_2,0.0
8096,Person_356,Group_2,Item_4,Threshold_2,1.0
8097,Person_357,Group_1,Item_4,Threshold_2,1.0
8098,Person_360,Group_1,Item_4,Threshold_2,1.0
8099,Person_365,Group_2,Item_4,Threshold_2,1.0
8100,Person_369,Group_2,Item_4,Threshold_2,0.0
8101,Person_370,Group_1,Item_4,Threshold_2,1.0
8102,Person_375,Group_1,Item_4,Threshold_2,1.0
8103,Person_382,Group_2,Item_4,Threshold_2,0.0
8104,Person_384,Group_2,Item_4,Threshold_2,1.0
8105,Person_388,Group_1,Item_4,Threshold_2,1.0
8106,Person_391,Group_2,Item_4,Threshold_2,0.0
8107,Person_396,Group_1,Item_4,Threshold_2,0.0
8108,Person_399,Group_2,Item_4,Threshold_2,0.0
8109,Person_404,Group_1,Item_4,Threshold_2,0.0
8110,Person_414,Group_1,Item_4,Threshold_2,0.0
8111,Person_418,Group_2,Item_4,Threshold_2,0.0
8112,Person_419,Group_2,Item_4,Threshold_2,0.0
8113,Person_425,Group_1,Item_4,Threshold_2,0.0
8114,Person_426,Group_1,Item_4,Threshold_2,0.0
8115,Person_428,Group_1,Item_4,Threshold_2,0.0
8116,Person_435,Group_2,Item_4,Threshold_2,1.0
8117,Person_437,Group_2,Item_4,Threshold_2,1.0
8118,Person_441,Group_2,Item_4,Threshold_2,1.0
8119,Person_452,Group_2,Item_4,Threshold_2,0.0
8120,Person_459,Group_1,Item_4,Threshold_2,0.0
8121,Person_463,Group_1,Item_4,Threshold_2,0.0
8122,Person_464,Group_2,Item_4,Threshold_2,0.0
8123,Person_468,Group_2,Item_4,Threshold_2,0.0
8124,Person_469,Group_2,Item_4,Threshold_2,1.0
8125,Person_472,Group_2,Item_4,Threshold_2,0.0
8126,Person_473,Group_2,Item_4,Threshold_2,0.0
8127,Person_478,Group_1,Item_4,Threshold_2,0.0
8128,Person_479,Group_2,Item_4,Threshold_2,1.0
8129,Person_485,Group_2,Item_4,Threshold_2,1.0
8130,Person_487,Group_1,Item_4,Threshold_2,0.0
8131,Person_497,Group_2,Item_4,Threshold_2,1.0
8132,Person_498,Group_1,Item_4,Threshold_2,1.0
8133,Person_499,Group_2,Item_4,Threshold_2,0.0
8134,Person_511,Group_1,Item_4,Threshold_2,1.0
8135,Person_517,Group_2,Item_4,Threshold_2,1.0
8136,Person_518,Group_2,Item_4,Threshold_2,1.0
8137,Person_522,Group_1,Item_4,Threshold_2,0.0
8138,Person_524,Group_1,Item_4,Threshold_2,1.0
8139,Person_525,Group_1,Item_4,Threshold_2,0.0
8140,Person_529,Group_1,Item_4,Threshold_2,0.0
8141,Person_534,Group_2,Item_4,Threshold_2,1.0
8142,Person_538,Group_2,Item_4,Threshold_2,0.0
8143,Person_539,Group_1,Item_4,Threshold_2,1.0
8144,Person_540,Group_2,Item_4,Threshold_2,1.0
8145,Person_547,Group_1,Item_4,Threshold_2,1.0
8146,Person_549,Group_1,Item_4,Threshold_2,0.0
8147,Person_552,Group_2,Item_4,Threshold_2,0.0
8148,Person_554,Group_2,Item_4,Threshold_2,1.0
8149,Person_558,Group_2,Item_4,Threshold_2,1.0
8150,Person_559,Group_2,Item_4,Threshold_2,1.0
8151,Person_561,Group_1,Item_4,Threshold_2,1.0
8152,Person_571,Group_1,Item_4,Threshold_2,1.0
8153,Person_573,Group_2,Item_4,Threshold_2,1.0
8154,Person_578,Group_1,Item_4,Threshold_2,0.0
8155,Person_586,Group_2,Item_4,Threshold_2,0.0
8156,Person_588,Group_2,Item_4,Threshold_2,1.0
8157,Person_593,Group_2,Item_4,Threshold_2,1.0
8158,Person_595,Group_1,Item_4,Threshold_2,1.0
8159,Person_596,Group_1,Item_4,Threshold_2,0.0
8160,Person_597,Group_2,Item_4,Threshold_2,0.0
8161,Person_601,Group_2,Item_4,Threshold_2,1.0
8162,Person_603,Group_1,Item_4,Threshold_2,0.0
8163,Person_604,Group_1,Item_4,Threshold_2,0.0
8164,Person_605,Group_2,Item_4,Threshold_2,0.0
8165,Person_606,Group_1,Item_4,Threshold_2,1.0
8166,Person_608,Group_2,Item_4,Threshold_2,0.0
8167,Person_609,Group_2,Item_4,Threshold_2,0.0
8168,Person_631,Group_1,Item_4,Threshold_2,1.0
8169,Person_633,Group_2,Item_4,Threshold_2,0.0
8170,Person_634,Group_1,Item_4,Threshold_2,0.0
8171,Person_639,Group_2,Item_4,Threshold_2,0.0
8172,Person_642,Group_1,Item_4,Threshold_2,0.0
8173,Person_646,Group_2,Item_4,Threshold_2,1.0
8174,Person_647,Group_1,Item_4,Threshold_2,0.0
8175,Person_649,Group_1,Item_4,Threshold_2,0.0
8176,Person_655,Group_2,Item_4,Threshold_2,0.0
8177,Person_657,Group_1,Item_4,Threshold_2,0.0
8178,Person_658,Group_1,Item_4,Threshold_2,1.0
8179,Person_660,Group_2,Item_4,Threshold_2,0.0
8180,Person_662,Group_2,Item_4,Threshold_2,1.0
8181,Person_663,Group_2,Item_4,Threshold_2,1.0
8182,Person_665,Group_1,Item_4,Threshold_2,0.0
8183,Person_667,Group_2,Item_4,Threshold_2,1.0
8184,Person_669,Group_2,Item_4,Threshold_2,1.0
8185,Person_670,Group_2,Item_4,Threshold_2,0.0
8186,Person_672,Group_1,Item_4,Threshold_2,1.0
8187,Person_674,Group_1,Item_4,Threshold_2,1.0
8188,Person_678,Group_1,Item_4,Threshold_2,1.0
8189,Person_681,Group_2,Item_4,Threshold_2,0.0
8190,Person_685,Group_2,Item_4,Threshold_2,1.0
8191,Person_688,Group_1,Item_4,Threshold_2,0.0
8192,Person_695,Group_1,Item_4,Threshold_2,0.0
8193,Person_696,Group_1,Item_4,Threshold_2,1.0
8194,Person_697,Group_2,Item_4,Threshold_2,0.0
8195,Person_701,Group_1,Item_4,Threshold_2,0.0
8196,Person_717,Group_2,Item_4,Threshold_2,0.0
8197,Person_719,Group_1,Item_4,Threshold_2,1.0
8198,Person_720,Group_2,Item_4,Threshold_2,0.0
8199,Person_725,Group_1,Item_4,Threshold_2,1.0
8200,Person_728,Group_2,Item_4,Threshold_2,1.0
8201,Person_732,Group_1,Item_4,Threshold_2,1.0
8202,Person_733,Group_2,Item_4,Threshold_2,1.0
8203,Person_740,Group_2,Item_4,Threshold_2,1.0
8204,Person_741,Group_1,Item_4,Threshold_2,0.0
8205,Person_745,Group_2,Item_4,Threshold_2,1.0
8206,Person_749,Group_2,Item_4,Threshold_2,0.0
8207,Person_758,Group_2,Item_4,Threshold_2,1.0
8208,Person_759,Group_2,Item_4,Threshold_2,1.0
8209,Person_761,Group_1,Item_4,Threshold_2,1.0
8210,Person_762,Group_2,Item_4,Threshold_2,1.0
8211,Person_767,Group_1,Item_4,Threshold_2,0.0
8212,Person_769,Group_2,Item_4,Threshold_2,0.0
8213,Person_774,Group_2,Item_4,Threshold_2,0.0
8214,Person_783,Group_2,Item_4,Threshold_2,1.0
8215,Person_794,Group_2,Item_4,Threshold_2,1.0
8216,Person_798,Group_2,Item_4,Threshold_2,1.0
8217,Person_803,Group_1,Item_4,Threshold_2,0.0
8218,Person_804,Group_1,Item_4,Threshold_2,1.0
8219,Person_815,Group_2,Item_4,Threshold_2,1.0
8220,Person_823,Group_1,Item_4,Threshold_2,1.0
8221,Person_824,Group_2,Item_4,Threshold_2,0.0
8222,Person_828,Group_1,Item_4,Threshold_2,1.0
8223,Person_831,Group_1,Item_4,Threshold_2,1.0
8224,Person_834,Group_2,Item_4,Threshold_2,1.0
8225,Person_835,Group_2,Item_4,Threshold_2,0.0
8226,Person_836,Group_2,Item_4,Threshold_2,0.0
8227,Person_839,Group_2,Item_4,Threshold_2,1.0
8228,Person_843,Group_2,Item_4,Threshold_2,0.0
8229,Person_844,Group_1,Item_4,Threshold_2,0.0
8230,Person_847,Group_1,Item_4,Threshold_2,1.0
8231,Person_848,Group_1,Item_4,Threshold_2,1.0
8232,Person_849,Group_2,Item_4,Threshold_2,0.0
8233,Person_851,Group_1,Item_4,Threshold_2,1.0
8234,Person_852,Group_1,Item_4,Threshold_2,1.0
8235,Person_857,Group_2,Item_4,Threshold_2,0.0
8236,Person_870,Group_1,Item_4,Threshold_2,1.0
8237,Person_875,Group_1,Item_4,Threshold_2,0.0
8238,Person_879,Group_1,Item_4,Threshold_2,1.0
8239,Person_880,Group_1,Item_4,Threshold_2,0.0
8240,Person_887,Group_1,Item_4,Threshold_2,0.0
8241,Person_888,Group_1,Item_4,Threshold_2,0.0
8242,Person_891,Group_2,Item_4,Threshold_2,0.0
8243,Person_894,Group_2,Item_4,Threshold_2,1.0
8244,Person_898,Group_1,Item_4,Threshold_2,0.0
8245,Person_925,Group_2,Item_4,Threshold_2,0.0
8246,Person_928,Group_1,Item_4,Threshold_2,0.0
8247,Person_930,Group_2,Item_4,Threshold_2,1.0
8248,Person_931,Group_1,Item_4,Threshold_2,1.0
8249,Person_939,Group_2,Item_4,Threshold_2,1.0
8250,Person_945,Group_2,Item_4,Threshold_2,0.0
8251,Person_951,Group_2,Item_4,Threshold_2,0.0
8252,Person_953,Group_1,Item_4,Threshold_2,1.0
8253,Person_955,Group_2,Item_4,Threshold_2,0.0
8254,Person_957,Group_1,Item_4,Threshold_2,0.0
8255,Person_958,Group_1,Item_4,Threshold_2,1.0
8256,Person_964,Group_2,Item_4,Threshold_2,0.0
8257,Person_965,Group_2,Item_4,Threshold_2,1.0
8258,Person_973,Group_1,Item_4,Threshold_2,1.0
8259,Person_982,Group_2,Item_4,Threshold_2,1.0
8260,Person_987,Group_2,Item_4,Threshold_2,1.0
8261,Person_991,Group_2,Item_4,Threshold_2,1.0
8262,Person_994,Group_1,Item_4,Threshold_2,1.0
8263,Person_1004,Group_2,Item_4,Threshold_2,1.0
8264,Person_1006,Group_2,Item_4,Threshold_2,0.0
8265,Person_1007,Group_1,Item_4,Threshold_2,1.0
8266,Person_1008,Group_1,Item_4,Threshold_2,1.0
8267,Person_1009,Group_2,Item_4,Threshold_2,1.0
8268,Person_1011,Group_2,Item_4,Threshold_2,0.0
8269,Person_1015,Group_2,Item_4,Threshold_2,1.0
8270,Person_1017,Group_2,Item_4,Threshold_2,0.0
8271,Person_1020,Group_2,Item_4,Threshold_2,0.0
8272,Person_1025,Group_1,Item_4,Threshold_2,0.0
8273,Person_1028,Group_2,Item_4,Threshold_2,0.0
8274,Person_1037,Group_2,Item_4,Threshold_2,0.0
8275,Person_1041,Group_2,Item_4,Threshold_2,1.0
8276,Person_1042,Group_1,Item_4,Threshold_2,1.0
8277,Person_1046,Group_2,Item_4,Threshold_2,1.0
8278,Person_1047,Group_2,Item_4,Threshold_2,0.0
8279,Person_1049,Group_2,Item_4,Threshold_2,1.0
8280,Person_1050,Group_1,Item_4,Threshold_2,1.0
8281,Person_1051,Group_2,Item_4,Threshold_2,1.0
8282,Person_1054,Group_2,Item_4,Threshold_2,1.0
8283,Person_1057,Group_2,Item_4,Threshold_2,0.0
8284,Person_1058,Group_2,Item_4,Threshold_2,1.0
8285,Person_1059,Group_2,Item_4,Threshold_2,0.0
8286,Person_1063,Group_1,Item_4,Threshold_2,0.0
8287,Person_1070,Group_2,Item_4,Threshold_2,0.0
8288,Person_1071,Group_1,Item_4,Threshold_2,0.0
8289,Person_1075,Group_1,Item_4,Threshold_2,1.0
8290,Person_1080,Group_2,Item_4,Threshold_2,1.0
8291,Person_1081,Group_2,Item_4,Threshold_2,1.0
8292,Person_1092,Group_1,Item_4,Threshold_2,0.0
8293,Person_1093,Group_1,Item_4,Threshold_2,0.0
8294,Person_1099,Group_1,Item_4,Threshold_2,1.0
8295,Person_1104,Group_1,Item_4,Threshold_2,0.0
8296,Person_1110,Group_2,Item_4,Threshold_2,1.0
8297,Person_1112,Group_2,Item_4,Threshold_2,0.0
8298,Person_1113,Group_2,Item_4,Threshold_2,0.0
8299,Person_1119,Group_2,Item_4,Threshold_2,1.0
8300,Person_1120,Group_2,Item_4,Threshold_2,0.0
8301,Person_1121,Group_2,Item_4,Threshold_2,0.0
8302,Person_1123,Group_1,Item_4,Threshold_2,0.0
8303,Person_1129,Group_2,Item_4,Threshold_2,0.0
8304,Person_1130,Group_2,Item_4,Threshold_2,1.0
8305,Person_1139,Group_2,Item_4,Threshold_2,1.0
8306,Person_1142,Group_2,Item_4,Threshold_2,0.0
8307,Person_1144,Group_1,Item_4,Threshold_2,0.0
8308,Person_1146,Group_2,Item_4,Threshold_2,1.0
8309,Person_1147,Group_1,Item_4,Threshold_2,1.0
8310,Person_1151,Group_1,Item_4,Threshold_2,0.0
8311,Person_1154,Group_1,Item_4,Threshold_2,1.0
8312,Person_1161,Group_2,Item_4,Threshold_2,1.0
8313,Person_1166,Group_1,Item_4,Threshold_2,0.0
8314,Person_1168,Group_2,Item_4,Threshold_2,0.0
8315,Person_1175,Group_1,Item_4,Threshold_2,0.0
8316,Person_1176,Group_1,Item_4,Threshold_2,0.0
8317,Person_1179,Group_1,Item_4,Threshold_2,0.0
8318,Person_1183,Group_2,Item_4,Threshold_2,0.0
8319,Person_1184,Group_2,Item_4,Threshold_2,1.0
8320,Person_1188,Group_1,Item_4,Threshold_2,0.0
8321,Person_1191,Group_2,Item_4,Threshold_2,0.0
8322,Person_1193,Group_2,Item_4,Threshold_2,1.0
8323,Person_1194,Group_1,Item_4,Threshold_2,1.0
8324,Person_1196,Group_2,Item_4,Threshold_2,1.0
8325,Person_1197,Group_1,Item_4,Threshold_2,1.0
8326,Person_1198,Group_2,Item_4,Threshold_2,0.0
8327,Person_1199,Group_2,Item_4,Threshold_2,0.0
8328,Person_1200,Group_2,Item_4,Threshold_2,1.0
8329,Person_1204,Group_1,Item_4,Threshold_2,1.0
8330,Person_1205,Group_1,Item_4,Threshold_2,1.0
8331,Person_1206,Group_2,Item_4,Threshold_2,1.0
8332,Person_1213,Group_1,Item_4,Threshold_2,1.0
8333,Person_1215,Group_2,Item_4,Threshold_2,1.0
8334,Person_1216,Group_2,Item_4,Threshold_2,0.0
8335,Person_1217,Group_1,Item_4,Threshold_2,1.0
8336,Person_1219,Group_1,Item_4,Threshold_2,1.0
8337,Person_1222,Group_1,Item_4,Threshold_2,0.0
8338,Person_1227,Group_2,Item_4,Threshold_2,1.0
8339,Person_1230,Group_2,Item_4,Threshold_2,1.0
8340,Person_1234,Group_1,Item_4,Threshold_2,0.0
8341,Person_1235,Group_1,Item_4,Threshold_2,0.0
8342,Person_1236,Group_2,Item_4,Threshold_2,1.0
8343,Person_1240,Group_1,Item_4,Threshold_2,1.0
8344,Person_1241,Group_2,Item_4,Threshold_2,1.0
8345,Person_1245,Group_1,Item_4,Threshold_2,0.0
8346,Person_1247,Group_1,Item_4,Threshold_2,1.0
8347,Person_1248,Group_1,Item_4,Threshold_2,0.0
8348,Person_1249,Group_1,Item_4,Threshold_2,0.0
8349,Person_1252,Group_1,Item_4,Threshold_2,1.0
8350,Person_1253,Group_2,Item_4,Threshold_2,1.0
8351,Person_1256,Group_1,Item_4,Threshold_2,1.0
8352,Person_1260,Group_2,Item_4,Threshold_2,0.0
8353,Person_1263,Group_1,Item_4,Threshold_2,0.0
8354,Person_1264,Group_1,Item_4,Threshold_2,1.0
8355,Person_1267,Group_1,Item_4,Threshold_2,0.0
8356,Person_1269,Group_1,Item_4,Threshold_2,0.0
8357,Person_1272,Group_1,Item_4,Threshold_2,0.0
8358,Person_1274,Group_2,Item_4,Threshold_2,0.0
8359,Person_1275,Group_2,Item_4,Threshold_2,0.0
8360,Person_1280,Group_1,Item_4,Threshold_2,0.0
8361,Person_1282,Group_1,Item_4,Threshold_2,1.0
8362,Person_1287,Group_2,Item_4,Threshold_2,0.0
8363,Person_1288,Group_1,Item_4,Threshold_2,1.0
8364,Person_1293,Group_1,Item_4,Threshold_2,1.0
8365,Person_1294,Group_2,Item_4,Threshold_2,1.0
8366,Person_1296,Group_1,Item_4,Threshold_2,1.0
8367,Person_1298,Group_2,Item_4,Threshold_2,1.0
8368,Person_1300,Group_2,Item_4,Threshold_2,0.0
8369,Person_1304,Group_2,Item_4,Threshold_2,1.0
8370,Person_1316,Group_2,Item_4,Threshold_2,0.0
8371,Person_1317,Group_2,Item_4,Threshold_2,1.0
8372,Person_1318,Group_2,Item_4,Threshold_2,0.0
8373,Person_1321,Group_2,Item_4,Threshold_2,1.0
8374,Person_1352,Group_1,Item_4,Threshold_2,0.0
8375,Person_1363,Group_1,Item_4,Threshold_2,1.0
8376,Person_1364,Group_2,Item_4,Threshold_2,1.0
8377,Person_1367,Group_1,Item_4,Threshold_2,0.0
8378,Person_1375,Group_1,Item_4,Threshold_2,0.0
8379,Person_1381,Group_2,Item_4,Threshold_2,0.0
8380,Person_1384,Group_2,Item_4,Threshold_2,0.0
8381,Person_1396,Group_2,Item_4,Threshold_2,0.0
8382,Person_1397,Group_2,Item_4,Threshold_2,0.0
8383,Person_1398,Group_2,Item_4,Threshold_2,0.0
8384,Person_1402,Group_1,Item_4,Threshold_2,0.0
8385,Person_1407,Group_2,Item_4,Threshold_2,1.0
8386,Person_1412,Group_1,Item_4,Threshold_2,1.0
8387,Person_1414,Group_1,Item_4,Threshold_2,1.0
8388,Person_1425,Group_1,Item_4,Threshold_2,1.0
8389,Person_1429,Group_2,Item_4,Threshold_2,0.0
8390,Person_1430,Group_2,Item_4,Threshold_2,1.0
8391,Person_1433,Group_1,Item_4,Threshold_2,0.0
8392,Person_1436,Group_1,Item_4,Threshold_2,1.0
8393,Person_1437,Group_2,Item_4,Threshold_2,0.0
8394,Person_1443,Group_1,Item_4,Threshold_2,0.0
8395,Person_1448,Group_2,Item_4,Threshold_2,1.0
8396,Person_1453,Group_1,Item_4,Threshold_2,0.0
8397,Person_1455,Group_2,Item_4,Threshold_2,0.0
8398,Person_1456,Group_2,Item_4,Threshold_2,0.0
8399,Person_1457,Group_1,Item_4,Threshold_2,0.0
8400,Person_1462,Group_1,Item_4,Threshold_2,1.0
8401,Person_1468,Group_1,Item_4,Threshold_2,0.0
8402,Person_1473,Group_1,Item_4,Threshold_2,0.0
8403,Person_1474,Group_1,Item_4,Threshold_2,1.0
8404,Person_1475,Group_1,Item_4,Threshold_2,0.0
8405,Person_1480,Group_2,Item_4,Threshold_2,1.0
8406,Person_1481,Group_2,Item_4,Threshold_2,1.0
8407,Person_1485,Group_2,Item_4,Threshold_2,1.0
8408,Person_1489,Group_2,Item_4,Threshold_2,0.0
8409,Person_1490,Group_2,Item_4,Threshold_2,1.0
8410,Person_1492,Group_2,Item_4,Threshold_2,1.0
8411,Person_1493,Group_1,Item_4,Threshold_2,1.0
8412,Person_1496,Group_1,Item_4,Threshold_2,0.0
8413,Person_1497,Group_2,Item_4,Threshold_2,0.0
8414,Person_1498,Group_1,Item_4,Threshold_2,1.0
8415,Person_1501,Group_2,Item_4,Threshold_2,0.0
8416,Person_1513,Group_1,Item_4,Threshold_2,0.0
8417,Person_1516,Group_1,Item_4,Threshold_2,0.0
8418,Person_1520,Group_1,Item_4,Threshold_2,1.0
8419,Person_1525,Group_1,Item_4,Threshold_2,0.0
8420,Person_1528,Group_2,Item_4,Threshold_2,1.0
8421,Person_1530,Group_2,Item_4,Threshold_2,1.0
8422,Person_1532,Group_1,Item_4,Threshold_2,0.0
8423,Person_1533,Group_1,Item_4,Threshold_2,1.0
8424,Person_1534,Group_2,Item_4,Threshold_2,1.0
8425,Person_1535,Group_1,Item_4,Threshold_2,1.0
8426,Person_1538,Group_1,Item_4,Threshold_2,1.0
8427,Person_1541,Group_1,Item_4,Threshold_2,0.0
8428,Person_1544,Group_2,Item_4,Threshold_2,1.0
8429,Person_1562,Group_2,Item_4,Threshold_2,0.0
8430,Person_1567,Group_1,Item_4,Threshold_2,0.0
8431,Person_1568,Group_2,Item_4,Threshold_2,0.0
8432,Person_1575,Group_1,Item_4,Threshold_2,0.0
8433,Person_1580,Group_1,Item_4,Threshold_2,1.0
8434,Person_1581,Group_2,Item_4,Threshold_2,0.0
8435,Person_1585,Group_1,Item_4,Threshold_2,0.0
8436,Person_1586,Group_1,Item_4,Threshold_2,0.0
8437,Person_1589,Group_2,Item_4,Threshold_2,0.0
8438,Person_1590,Group_2,Item_4,Threshold_2,0.0
8439,Person_1591,Group_2,Item_4,Threshold_2,1.0
8440,Person_1593,Group_2,Item_4,Threshold_2,1.0
8441,Person_1594,Group_1,Item_4,Threshold_2,1.0
8442,Person_1601,Group_1,Item_4,Threshold_2,0.0
8443,Person_1607,Group_2,Item_4,Threshold_2,1.0
8444,Person_1608,Group_1,Item_4,Threshold_2,1.0
8445,Person_1614,Group_2,Item_4,Threshold_2,1.0
8446,Person_1621,Group_1,Item_4,Threshold_2,1.0
8447,Person_1627,Group_1,Item_4,Threshold_2,0.0
8448,Person_1637,Group_2,Item_4,Threshold_2,1.0
8449,Person_1638,Group_2,Item_4,Threshold_2,1.0
8450,Person_2,Group_2,Item_4,Threshold_3,1.0
8451,Person_16,Group_1,Item_4,Threshold_3,1.0
8452,Person_19,Group_1,Item_4,Threshold_3,0.0
8453,Person_21,Group_2,Item_4,Threshold_3,0.0
8454,Person_33,Group_2,Item_4,Threshold_3,1.0
8455,Person_35,Group_1,Item_4,Threshold_3,0.0
8456,Person_39,Group_2,Item_4,Threshold_3,1.0
8457,Person_42,Group_2,Item_4,Threshold_3,1.0
8458,Person_46,Group_1,Item_4,Threshold_3,1.0
8459,Person_50,Group_2,Item_4,Threshold_3,0.0
8460,Person_55,Group_2,Item_4,Threshold_3,0.0
8461,Person_63,Group_2,Item_4,Threshold_3,1.0
8462,Person_65,Group_1,Item_4,Threshold_3,0.0
8463,Person_70,Group_2,Item_4,Threshold_3,0.0
8464,Person_71,Group_1,Item_4,Threshold_3,0.0
8465,Person_75,Group_2,Item_4,Threshold_3,1.0
8466,Person_78,Group_1,Item_4,Threshold_3,1.0
8467,Person_79,Group_1,Item_4,Threshold_3,0.0
8468,Person_96,Group_1,Item_4,Threshold_3,1.0
8469,Person_98,Group_1,Item_4,Threshold_3,1.0
8470,Person_101,Group_1,Item_4,Threshold_3,0.0
8471,Person_105,Group_1,Item_4,Threshold_3,0.0
8472,Person_109,Group_2,Item_4,Threshold_3,0.0
8473,Person_111,Group_1,Item_4,Threshold_3,1.0
8474,Person_114,Group_2,Item_4,Threshold_3,1.0
8475,Person_115,Group_1,Item_4,Threshold_3,0.0
8476,Person_121,Group_1,Item_4,Threshold_3,0.0
8477,Person_122,Group_2,Item_4,Threshold_3,0.0
8478,Person_123,Group_2,Item_4,Threshold_3,1.0
8479,Person_128,Group_2,Item_4,Threshold_3,0.0
8480,Person_129,Group_2,Item_4,Threshold_3,0.0
8481,Person_142,Group_1,Item_4,Threshold_3,0.0
8482,Person_155,Group_1,Item_4,Threshold_3,1.0
8483,Person_158,Group_2,Item_4,Threshold_3,1.0
8484,Person_163,Group_1,Item_4,Threshold_3,0.0
8485,Person_165,Group_2,Item_4,Threshold_3,0.0
8486,Person_167,Group_1,Item_4,Threshold_3,1.0
8487,Person_170,Group_2,Item_4,Threshold_3,0.0
8488,Person_174,Group_2,Item_4,Threshold_3,0.0
8489,Person_180,Group_1,Item_4,Threshold_3,1.0
8490,Person_182,Group_1,Item_4,Threshold_3,1.0
8491,Person_191,Group_2,Item_4,Threshold_3,0.0
8492,Person_197,Group_1,Item_4,Threshold_3,1.0
8493,Person_198,Group_2,Item_4,Threshold_3,0.0
8494,Person_207,Group_2,Item_4,Threshold_3,1.0
8495,Person_208,Group_1,Item_4,Threshold_3,1.0
8496,Person_212,Group_1,Item_4,Threshold_3,0.0
8497,Person_215,Group_1,Item_4,Threshold_3,0.0
8498,Person_237,Group_1,Item_4,Threshold_3,1.0
8499,Person_241,Group_1,Item_4,Threshold_3,0.0
8500,Person_243,Group_2,Item_4,Threshold_3,1.0
8501,Person_246,Group_1,Item_4,Threshold_3,1.0
8502,Person_255,Group_1,Item_4,Threshold_3,0.0
8503,Person_259,Group_2,Item_4,Threshold_3,1.0
8504,Person_260,Group_1,Item_4,Threshold_3,1.0
8505,Person_261,Group_1,Item_4,Threshold_3,1.0
8506,Person_265,Group_1,Item_4,Threshold_3,0.0
8507,Person_266,Group_2,Item_4,Threshold_3,1.0
8508,Person_269,Group_2,Item_4,Threshold_3,1.0
8509,Person_272,Group_1,Item_4,Threshold_3,1.0
8510,Person_273,Group_1,Item_4,Threshold_3,1.0
8511,Person_274,Group_1,Item_4,Threshold_3,0.0
8512,Person_277,Group_1,Item_4,Threshold_3,1.0
8513,Person_282,Group_2,Item_4,Threshold_3,1.0
8514,Person_305,Group_1,Item_4,Threshold_3,1.0
8515,Person_307,Group_1,Item_4,Threshold_3,0.0
8516,Person_314,Group_1,Item_4,Threshold_3,0.0
8517,Person_323,Group_2,Item_4,Threshold_3,0.0
8518,Person_326,Group_2,Item_4,Threshold_3,1.0
8519,Person_327,Group_2,Item_4,Threshold_3,1.0
8520,Person_329,Group_1,Item_4,Threshold_3,0.0
8521,Person_331,Group_2,Item_4,Threshold_3,0.0
8522,Person_333,Group_1,Item_4,Threshold_3,0.0
8523,Person_339,Group_1,Item_4,Threshold_3,0.0
8524,Person_356,Group_1,Item_4,Threshold_3,0.0
8525,Person_357,Group_1,Item_4,Threshold_3,0.0
8526,Person_360,Group_2,Item_4,Threshold_3,0.0
8527,Person_365,Group_1,Item_4,Threshold_3,0.0
8528,Person_370,Group_1,Item_4,Threshold_3,0.0
8529,Person_372,Group_2,Item_4,Threshold_3,1.0
8530,Person_375,Group_2,Item_4,Threshold_3,0.0
8531,Person_376,Group_1,Item_4,Threshold_3,1.0
8532,Person_384,Group_1,Item_4,Threshold_3,0.0
8533,Person_388,Group_1,Item_4,Threshold_3,0.0
8534,Person_432,Group_2,Item_4,Threshold_3,1.0
8535,Person_434,Group_1,Item_4,Threshold_3,1.0
8536,Person_435,Group_1,Item_4,Threshold_3,0.0
8537,Person_437,Group_2,Item_4,Threshold_3,0.0
8538,Person_441,Group_1,Item_4,Threshold_3,0.0
8539,Person_447,Group_2,Item_4,Threshold_3,1.0
8540,Person_448,Group_1,Item_4,Threshold_3,1.0
8541,Person_466,Group_1,Item_4,Threshold_3,1.0
8542,Person_469,Group_1,Item_4,Threshold_3,0.0
8543,Person_479,Group_2,Item_4,Threshold_3,0.0
8544,Person_483,Group_1,Item_4,Threshold_3,1.0
8545,Person_485,Group_2,Item_4,Threshold_3,0.0
8546,Person_491,Group_1,Item_4,Threshold_3,1.0
8547,Person_492,Group_1,Item_4,Threshold_3,1.0
8548,Person_497,Group_2,Item_4,Threshold_3,0.0
8549,Person_498,Group_1,Item_4,Threshold_3,0.0
8550,Person_504,Group_1,Item_4,Threshold_3,1.0
8551,Person_509,Group_1,Item_4,Threshold_3,1.0
8552,Person_511,Group_1,Item_4,Threshold_3,0.0
8553,Person_515,Group_2,Item_4,Threshold_3,1.0
8554,Person_517,Group_2,Item_4,Threshold_3,0.0
8555,Person_518,Group_1,Item_4,Threshold_3,0.0
8556,Person_523,Group_2,Item_4,Threshold_3,1.0
8557,Person_524,Group_1,Item_4,Threshold_3,0.0
8558,Person_530,Group_1,Item_4,Threshold_3,1.0
8559,Person_534,Group_1,Item_4,Threshold_3,0.0
8560,Person_535,Group_2,Item_4,Threshold_3,1.0
8561,Person_539,Group_2,Item_4,Threshold_3,0.0
8562,Person_540,Group_2,Item_4,Threshold_3,0.0
8563,Person_541,Group_2,Item_4,Threshold_3,1.0
8564,Person_547,Group_2,Item_4,Threshold_3,0.0
8565,Person_551,Group_2,Item_4,Threshold_3,1.0
8566,Person_554,Group_2,Item_4,Threshold_3,0.0
8567,Person_558,Group_2,Item_4,Threshold_3,0.0
8568,Person_559,Group_1,Item_4,Threshold_3,0.0
8569,Person_561,Group_1,Item_4,Threshold_3,0.0
8570,Person_570,Group_2,Item_4,Threshold_3,1.0
8571,Person_571,Group_2,Item_4,Threshold_3,0.0
8572,Person_573,Group_2,Item_4,Threshold_3,0.0
8573,Person_576,Group_2,Item_4,Threshold_3,1.0
8574,Person_588,Group_1,Item_4,Threshold_3,0.0
8575,Person_593,Group_1,Item_4,Threshold_3,0.0
8576,Person_595,Group_1,Item_4,Threshold_3,0.0
8577,Person_601,Group_2,Item_4,Threshold_3,0.0
8578,Person_606,Group_1,Item_4,Threshold_3,0.0
8579,Person_621,Group_2,Item_4,Threshold_3,1.0
8580,Person_624,Group_1,Item_4,Threshold_3,1.0
8581,Person_631,Group_2,Item_4,Threshold_3,0.0
8582,Person_636,Group_1,Item_4,Threshold_3,1.0
8583,Person_646,Group_1,Item_4,Threshold_3,0.0
8584,Person_658,Group_1,Item_4,Threshold_3,0.0
8585,Person_662,Group_1,Item_4,Threshold_3,0.0
8586,Person_663,Group_2,Item_4,Threshold_3,0.0
8587,Person_667,Group_1,Item_4,Threshold_3,0.0
8588,Person_669,Group_2,Item_4,Threshold_3,0.0
8589,Person_672,Group_2,Item_4,Threshold_3,0.0
8590,Person_674,Group_2,Item_4,Threshold_3,0.0
8591,Person_678,Group_1,Item_4,Threshold_3,0.0
8592,Person_683,Group_2,Item_4,Threshold_3,1.0
8593,Person_685,Group_2,Item_4,Threshold_3,0.0
8594,Person_696,Group_2,Item_4,Threshold_3,0.0
8595,Person_713,Group_2,Item_4,Threshold_3,1.0
8596,Person_718,Group_2,Item_4,Threshold_3,1.0
8597,Person_719,Group_1,Item_4,Threshold_3,0.0
8598,Person_722,Group_1,Item_4,Threshold_3,1.0
8599,Person_725,Group_1,Item_4,Threshold_3,0.0
8600,Person_728,Group_2,Item_4,Threshold_3,0.0
8601,Person_732,Group_2,Item_4,Threshold_3,0.0
8602,Person_733,Group_2,Item_4,Threshold_3,0.0
8603,Person_734,Group_1,Item_4,Threshold_3,1.0
8604,Person_736,Group_1,Item_4,Threshold_3,1.0
8605,Person_738,Group_2,Item_4,Threshold_3,1.0
8606,Person_740,Group_2,Item_4,Threshold_3,0.0
8607,Person_743,Group_1,Item_4,Threshold_3,1.0
8608,Person_745,Group_1,Item_4,Threshold_3,0.0
8609,Person_758,Group_1,Item_4,Threshold_3,0.0
8610,Person_759,Group_1,Item_4,Threshold_3,0.0
8611,Person_761,Group_2,Item_4,Threshold_3,0.0
8612,Person_762,Group_1,Item_4,Threshold_3,0.0
8613,Person_771,Group_2,Item_4,Threshold_3,1.0
8614,Person_773,Group_2,Item_4,Threshold_3,1.0
8615,Person_775,Group_1,Item_4,Threshold_3,1.0
8616,Person_778,Group_2,Item_4,Threshold_3,1.0
8617,Person_779,Group_2,Item_4,Threshold_3,1.0
8618,Person_783,Group_1,Item_4,Threshold_3,0.0
8619,Person_784,Group_2,Item_4,Threshold_3,1.0
8620,Person_785,Group_1,Item_4,Threshold_3,1.0
8621,Person_792,Group_1,Item_4,Threshold_3,1.0
8622,Person_794,Group_2,Item_4,Threshold_3,0.0
8623,Person_798,Group_2,Item_4,Threshold_3,0.0
8624,Person_804,Group_2,Item_4,Threshold_3,0.0
8625,Person_806,Group_2,Item_4,Threshold_3,1.0
8626,Person_811,Group_1,Item_4,Threshold_3,1.0
8627,Person_813,Group_2,Item_4,Threshold_3,1.0
8628,Person_814,Group_2,Item_4,Threshold_3,1.0
8629,Person_815,Group_2,Item_4,Threshold_3,0.0
8630,Person_822,Group_2,Item_4,Threshold_3,1.0
8631,Person_823,Group_1,Item_4,Threshold_3,0.0
8632,Person_828,Group_1,Item_4,Threshold_3,0.0
8633,Person_831,Group_1,Item_4,Threshold_3,0.0
8634,Person_834,Group_2,Item_4,Threshold_3,0.0
8635,Person_839,Group_2,Item_4,Threshold_3,0.0
8636,Person_847,Group_2,Item_4,Threshold_3,0.0
8637,Person_848,Group_1,Item_4,Threshold_3,0.0
8638,Person_851,Group_2,Item_4,Threshold_3,0.0
8639,Person_852,Group_1,Item_4,Threshold_3,0.0
8640,Person_870,Group_2,Item_4,Threshold_3,0.0
8641,Person_879,Group_2,Item_4,Threshold_3,0.0
8642,Person_894,Group_2,Item_4,Threshold_3,0.0
8643,Person_895,Group_2,Item_4,Threshold_3,1.0
8644,Person_910,Group_2,Item_4,Threshold_3,1.0
8645,Person_922,Group_1,Item_4,Threshold_3,1.0
8646,Person_930,Group_2,Item_4,Threshold_3,0.0
8647,Person_931,Group_1,Item_4,Threshold_3,0.0
8648,Person_936,Group_2,Item_4,Threshold_3,1.0
8649,Person_939,Group_1,Item_4,Threshold_3,0.0
8650,Person_943,Group_2,Item_4,Threshold_3,1.0
8651,Person_953,Group_2,Item_4,Threshold_3,0.0
8652,Person_956,Group_1,Item_4,Threshold_3,1.0
8653,Person_958,Group_1,Item_4,Threshold_3,0.0
8654,Person_962,Group_2,Item_4,Threshold_3,1.0
8655,Person_963,Group_2,Item_4,Threshold_3,1.0
8656,Person_965,Group_1,Item_4,Threshold_3,0.0
8657,Person_973,Group_2,Item_4,Threshold_3,0.0
8658,Person_982,Group_1,Item_4,Threshold_3,0.0
8659,Person_985,Group_2,Item_4,Threshold_3,1.0
8660,Person_987,Group_1,Item_4,Threshold_3,0.0
8661,Person_991,Group_1,Item_4,Threshold_3,0.0
8662,Person_994,Group_1,Item_4,Threshold_3,0.0
8663,Person_997,Group_1,Item_4,Threshold_3,1.0
8664,Person_998,Group_2,Item_4,Threshold_3,1.0
8665,Person_1000,Group_2,Item_4,Threshold_3,1.0
8666,Person_1004,Group_1,Item_4,Threshold_3,0.0
8667,Person_1007,Group_2,Item_4,Threshold_3,0.0
8668,Person_1008,Group_2,Item_4,Threshold_3,0.0
8669,Person_1009,Group_1,Item_4,Threshold_3,0.0
8670,Person_1013,Group_2,Item_4,Threshold_3,1.0
8671,Person_1014,Group_1,Item_4,Threshold_3,1.0
8672,Person_1015,Group_2,Item_4,Threshold_3,0.0
8673,Person_1030,Group_1,Item_4,Threshold_3,1.0
8674,Person_1039,Group_1,Item_4,Threshold_3,1.0
8675,Person_1041,Group_1,Item_4,Threshold_3,0.0
8676,Person_1042,Group_2,Item_4,Threshold_3,0.0
8677,Person_1046,Group_2,Item_4,Threshold_3,0.0
8678,Person_1049,Group_1,Item_4,Threshold_3,0.0
8679,Person_1050,Group_1,Item_4,Threshold_3,0.0
8680,Person_1051,Group_2,Item_4,Threshold_3,0.0
8681,Person_1053,Group_1,Item_4,Threshold_3,1.0
8682,Person_1054,Group_1,Item_4,Threshold_3,0.0
8683,Person_1058,Group_1,Item_4,Threshold_3,0.0
8684,Person_1061,Group_1,Item_4,Threshold_3,1.0
8685,Person_1069,Group_1,Item_4,Threshold_3,1.0
8686,Person_1075,Group_2,Item_4,Threshold_3,0.0
8687,Person_1077,Group_2,Item_4,Threshold_3,1.0
8688,Person_1080,Group_1,Item_4,Threshold_3,0.0
8689,Person_1081,Group_1,Item_4,Threshold_3,0.0
8690,Person_1090,Group_2,Item_4,Threshold_3,1.0
8691,Person_1099,Group_1,Item_4,Threshold_3,0.0
8692,Person_1103,Group_2,Item_4,Threshold_3,1.0
8693,Person_1110,Group_1,Item_4,Threshold_3,0.0
8694,Person_1119,Group_2,Item_4,Threshold_3,0.0
8695,Person_1124,Group_2,Item_4,Threshold_3,1.0
8696,Person_1125,Group_1,Item_4,Threshold_3,1.0
8697,Person_1130,Group_1,Item_4,Threshold_3,0.0
8698,Person_1133,Group_2,Item_4,Threshold_3,1.0
8699,Person_1136,Group_2,Item_4,Threshold_3,1.0
8700,Person_1139,Group_2,Item_4,Threshold_3,0.0
8701,Person_1146,Group_1,Item_4,Threshold_3,0.0
8702,Person_1147,Group_1,Item_4,Threshold_3,0.0
8703,Person_1152,Group_1,Item_4,Threshold_3,1.0
8704,Person_1154,Group_1,Item_4,Threshold_3,0.0
8705,Person_1161,Group_2,Item_4,Threshold_3,0.0
8706,Person_1178,Group_2,Item_4,Threshold_3,1.0
8707,Person_1184,Group_2,Item_4,Threshold_3,0.0
8708,Person_1193,Group_1,Item_4,Threshold_3,0.0
8709,Person_1194,Group_1,Item_4,Threshold_3,0.0
8710,Person_1196,Group_2,Item_4,Threshold_3,0.0
8711,Person_1197,Group_1,Item_4,Threshold_3,0.0
8712,Person_1200,Group_2,Item_4,Threshold_3,0.0
8713,Person_1204,Group_1,Item_4,Threshold_3,0.0
8714,Person_1205,Group_2,Item_4,Threshold_3,0.0
8715,Person_1206,Group_1,Item_4,Threshold_3,0.0
8716,Person_1211,Group_1,Item_4,Threshold_3,1.0
8717,Person_1213,Group_2,Item_4,Threshold_3,0.0
8718,Person_1214,Group_2,Item_4,Threshold_3,1.0
8719,Person_1215,Group_1,Item_4,Threshold_3,0.0
8720,Person_1217,Group_2,Item_4,Threshold_3,0.0
8721,Person_1219,Group_2,Item_4,Threshold_3,0.0
8722,Person_1227,Group_2,Item_4,Threshold_3,0.0
8723,Person_1230,Group_1,Item_4,Threshold_3,0.0
8724,Person_1233,Group_2,Item_4,Threshold_3,1.0
8725,Person_1236,Group_1,Item_4,Threshold_3,0.0
8726,Person_1240,Group_1,Item_4,Threshold_3,0.0
8727,Person_1241,Group_1,Item_4,Threshold_3,0.0
8728,Person_1247,Group_1,Item_4,Threshold_3,0.0
8729,Person_1252,Group_2,Item_4,Threshold_3,0.0
8730,Person_1253,Group_2,Item_4,Threshold_3,0.0
8731,Person_1256,Group_1,Item_4,Threshold_3,0.0
8732,Person_1264,Group_1,Item_4,Threshold_3,0.0
8733,Person_1266,Group_2,Item_4,Threshold_3,1.0
8734,Person_1271,Group_2,Item_4,Threshold_3,1.0
8735,Person_1282,Group_1,Item_4,Threshold_3,0.0
8736,Person_1288,Group_2,Item_4,Threshold_3,0.0
8737,Person_1290,Group_2,Item_4,Threshold_3,1.0
8738,Person_1293,Group_1,Item_4,Threshold_3,0.0
8739,Person_1294,Group_1,Item_4,Threshold_3,0.0
8740,Person_1296,Group_2,Item_4,Threshold_3,0.0
8741,Person_1298,Group_1,Item_4,Threshold_3,0.0
8742,Person_1302,Group_2,Item_4,Threshold_3,1.0
8743,Person_1304,Group_1,Item_4,Threshold_3,0.0
8744,Person_1309,Group_2,Item_4,Threshold_3,1.0
8745,Person_1315,Group_1,Item_4,Threshold_3,1.0
8746,Person_1317,Group_2,Item_4,Threshold_3,0.0
8747,Person_1321,Group_1,Item_4,Threshold_3,0.0
8748,Person_1328,Group_1,Item_4,Threshold_3,1.0
8749,Person_1337,Group_2,Item_4,Threshold_3,1.0
8750,Person_1340,Group_2,Item_4,Threshold_3,1.0
8751,Person_1343,Group_1,Item_4,Threshold_3,1.0
8752,Person_1353,Group_2,Item_4,Threshold_3,1.0
8753,Person_1359,Group_2,Item_4,Threshold_3,1.0
8754,Person_1363,Group_2,Item_4,Threshold_3,0.0
8755,Person_1364,Group_1,Item_4,Threshold_3,0.0
8756,Person_1372,Group_1,Item_4,Threshold_3,1.0
8757,Person_1380,Group_1,Item_4,Threshold_3,1.0
8758,Person_1388,Group_2,Item_4,Threshold_3,1.0
8759,Person_1391,Group_1,Item_4,Threshold_3,1.0
8760,Person_1404,Group_1,Item_4,Threshold_3,1.0
8761,Person_1407,Group_1,Item_4,Threshold_3,0.0
8762,Person_1412,Group_1,Item_4,Threshold_3,0.0
8763,Person_1413,Group_1,Item_4,Threshold_3,1.0
8764,Person_1414,Group_2,Item_4,Threshold_3,0.0
8765,Person_1425,Group_1,Item_4,Threshold_3,0.0
8766,Person_1430,Group_1,Item_4,Threshold_3,0.0
8767,Person_1436,Group_2,Item_4,Threshold_3,0.0
8768,Person_1446,Group_2,Item_4,Threshold_3,1.0
8769,Person_1448,Group_2,Item_4,Threshold_3,0.0
8770,Person_1452,Group_1,Item_4,Threshold_3,1.0
8771,Person_1458,Group_2,Item_4,Threshold_3,1.0
8772,Person_1462,Group_2,Item_4,Threshold_3,0.0
8773,Person_1474,Group_2,Item_4,Threshold_3,0.0
8774,Person_1480,Group_2,Item_4,Threshold_3,0.0
8775,Person_1481,Group_1,Item_4,Threshold_3,0.0
8776,Person_1482,Group_2,Item_4,Threshold_3,1.0
8777,Person_1485,Group_1,Item_4,Threshold_3,0.0
8778,Person_1490,Group_1,Item_4,Threshold_3,0.0
8779,Person_1492,Group_2,Item_4,Threshold_3,0.0
8780,Person_1493,Group_1,Item_4,Threshold_3,0.0
8781,Person_1498,Group_2,Item_4,Threshold_3,0.0
8782,Person_1504,Group_2,Item_4,Threshold_3,1.0
8783,Person_1506,Group_1,Item_4,Threshold_3,1.0
8784,Person_1510,Group_2,Item_4,Threshold_3,1.0
8785,Person_1512,Group_1,Item_4,Threshold_3,1.0
8786,Person_1520,Group_2,Item_4,Threshold_3,0.0
8787,Person_1521,Group_2,Item_4,Threshold_3,1.0
8788,Person_1524,Group_1,Item_4,Threshold_3,1.0
8789,Person_1528,Group_1,Item_4,Threshold_3,0.0
8790,Person_1530,Group_1,Item_4,Threshold_3,0.0
8791,Person_1533,Group_1,Item_4,Threshold_3,0.0
8792,Person_1534,Group_1,Item_4,Threshold_3,0.0
8793,Person_1535,Group_2,Item_4,Threshold_3,0.0
8794,Person_1538,Group_2,Item_4,Threshold_3,0.0
8795,Person_1544,Group_2,Item_4,Threshold_3,0.0
8796,Person_1545,Group_2,Item_4,Threshold_3,1.0
8797,Person_1549,Group_2,Item_4,Threshold_3,1.0
8798,Person_1554,Group_2,Item_4,Threshold_3,1.0
8799,Person_1580,Group_1,Item_4,Threshold_3,0.0
8800,Person_1583,Group_1,Item_4,Threshold_3,1.0
8801,Person_1591,Group_1,Item_4,Threshold_3,0.0
8802,Person_1593,Group_2,Item_4,Threshold_3,0.0
8803,Person_1594,Group_1,Item_4,Threshold_3,0.0
8804,Person_1597,Group_1,Item_4,Threshold_3,1.0
8805,Person_1607,Group_1,Item_4,Threshold_3,0.0
8806,Person_1608,Group_2,Item_4,Threshold_3,0.0
8807,Person_1614,Group_1,Item_4,Threshold_3,0.0
8808,Person_1621,Group_1,Item_4,Threshold_3,0.0
8809,Person_1624,Group_2,Item_4,Threshold_3,1.0
8810,Person_1630,Group_2,Item_4,Threshold_3,1.0
8811,Person_1637,Group_1,Item_4,Threshold_3,0.0
8812,Person_1638,Group_2,Item_4,Threshold_3,0.0
8813,Person_2,Group_2,Item_4,Threshold_4,0.0
8814,Person_6,Group_2,Item_4,Threshold_4,1.0
8815,Person_9,Group_2,Item_4,Threshold_4,1.0
8816,Person_10,Group_1,Item_4,Threshold_4,1.0
8817,Person_11,Group_1,Item_4,Threshold_4,1.0
8818,Person_12,Group_1,Item_4,Threshold_4,1.0
8819,Person_16,Group_2,Item_4,Threshold_4,0.0
8820,Person_20,Group_2,Item_4,Threshold_4,1.0
8821,Person_22,Group_2,Item_4,Threshold_4,1.0
8822,Person_32,Group_2,Item_4,Threshold_4,1.0
8823,Person_33,Group_1,Item_4,Threshold_4,0.0
8824,Person_37,Group_2,Item_4,Threshold_4,1.0
8825,Person_39,Group_2,Item_4,Threshold_4,0.0
8826,Person_42,Group_1,Item_4,Threshold_4,0.0
8827,Person_46,Group_2,Item_4,Threshold_4,0.0
8828,Person_56,Group_2,Item_4,Threshold_4,1.0
8829,Person_63,Group_1,Item_4,Threshold_4,0.0
8830,Person_75,Group_2,Item_4,Threshold_4,0.0
8831,Person_78,Group_2,Item_4,Threshold_4,0.0
8832,Person_82,Group_1,Item_4,Threshold_4,1.0
8833,Person_83,Group_2,Item_4,Threshold_4,1.0
8834,Person_88,Group_1,Item_4,Threshold_4,1.0
8835,Person_92,Group_1,Item_4,Threshold_4,1.0
8836,Person_95,Group_2,Item_4,Threshold_4,1.0
8837,Person_96,Group_1,Item_4,Threshold_4,0.0
8838,Person_98,Group_1,Item_4,Threshold_4,0.0
8839,Person_102,Group_1,Item_4,Threshold_4,1.0
8840,Person_107,Group_1,Item_4,Threshold_4,1.0
8841,Person_111,Group_1,Item_4,Threshold_4,0.0
8842,Person_114,Group_1,Item_4,Threshold_4,0.0
8843,Person_123,Group_2,Item_4,Threshold_4,0.0
8844,Person_124,Group_1,Item_4,Threshold_4,1.0
8845,Person_125,Group_1,Item_4,Threshold_4,1.0
8846,Person_132,Group_2,Item_4,Threshold_4,1.0
8847,Person_136,Group_2,Item_4,Threshold_4,1.0
8848,Person_145,Group_2,Item_4,Threshold_4,1.0
8849,Person_147,Group_2,Item_4,Threshold_4,1.0
8850,Person_155,Group_1,Item_4,Threshold_4,0.0
8851,Person_158,Group_2,Item_4,Threshold_4,0.0
8852,Person_167,Group_2,Item_4,Threshold_4,0.0
8853,Person_175,Group_2,Item_4,Threshold_4,1.0
8854,Person_180,Group_1,Item_4,Threshold_4,0.0
8855,Person_182,Group_2,Item_4,Threshold_4,0.0
8856,Person_186,Group_2,Item_4,Threshold_4,1.0
8857,Person_197,Group_1,Item_4,Threshold_4,0.0
8858,Person_201,Group_2,Item_4,Threshold_4,1.0
8859,Person_203,Group_1,Item_4,Threshold_4,1.0
8860,Person_206,Group_2,Item_4,Threshold_4,1.0
8861,Person_207,Group_2,Item_4,Threshold_4,0.0
8862,Person_208,Group_2,Item_4,Threshold_4,0.0
8863,Person_210,Group_2,Item_4,Threshold_4,1.0
8864,Person_216,Group_2,Item_4,Threshold_4,1.0
8865,Person_219,Group_1,Item_4,Threshold_4,1.0
8866,Person_220,Group_2,Item_4,Threshold_4,1.0
8867,Person_222,Group_1,Item_4,Threshold_4,1.0
8868,Person_235,Group_2,Item_4,Threshold_4,1.0
8869,Person_237,Group_2,Item_4,Threshold_4,0.0
8870,Person_239,Group_1,Item_4,Threshold_4,1.0
8871,Person_242,Group_1,Item_4,Threshold_4,1.0
8872,Person_243,Group_1,Item_4,Threshold_4,0.0
8873,Person_244,Group_2,Item_4,Threshold_4,1.0
8874,Person_245,Group_2,Item_4,Threshold_4,1.0
8875,Person_246,Group_2,Item_4,Threshold_4,0.0
8876,Person_249,Group_1,Item_4,Threshold_4,1.0
8877,Person_259,Group_1,Item_4,Threshold_4,0.0
8878,Person_260,Group_1,Item_4,Threshold_4,0.0
8879,Person_261,Group_1,Item_4,Threshold_4,0.0
8880,Person_262,Group_2,Item_4,Threshold_4,1.0
8881,Person_264,Group_1,Item_4,Threshold_4,1.0
8882,Person_266,Group_1,Item_4,Threshold_4,0.0
8883,Person_269,Group_1,Item_4,Threshold_4,0.0
8884,Person_272,Group_1,Item_4,Threshold_4,0.0
8885,Person_273,Group_2,Item_4,Threshold_4,0.0
8886,Person_277,Group_2,Item_4,Threshold_4,0.0
8887,Person_282,Group_2,Item_4,Threshold_4,0.0
8888,Person_284,Group_1,Item_4,Threshold_4,1.0
8889,Person_291,Group_2,Item_4,Threshold_4,1.0
8890,Person_297,Group_2,Item_4,Threshold_4,1.0
8891,Person_300,Group_2,Item_4,Threshold_4,1.0
8892,Person_303,Group_2,Item_4,Threshold_4,1.0
8893,Person_305,Group_2,Item_4,Threshold_4,0.0
8894,Person_308,Group_2,Item_4,Threshold_4,1.0
8895,Person_310,Group_2,Item_4,Threshold_4,1.0
8896,Person_316,Group_1,Item_4,Threshold_4,1.0
8897,Person_317,Group_1,Item_4,Threshold_4,1.0
8898,Person_326,Group_2,Item_4,Threshold_4,0.0
8899,Person_327,Group_2,Item_4,Threshold_4,0.0
8900,Person_330,Group_1,Item_4,Threshold_4,1.0
8901,Person_335,Group_2,Item_4,Threshold_4,1.0
8902,Person_336,Group_2,Item_4,Threshold_4,1.0
8903,Person_353,Group_2,Item_4,Threshold_4,1.0
8904,Person_355,Group_2,Item_4,Threshold_4,1.0
8905,Person_371,Group_1,Item_4,Threshold_4,1.0
8906,Person_372,Group_1,Item_4,Threshold_4,0.0
8907,Person_373,Group_1,Item_4,Threshold_4,1.0
8908,Person_376,Group_2,Item_4,Threshold_4,0.0
8909,Person_385,Group_2,Item_4,Threshold_4,1.0
8910,Person_395,Group_1,Item_4,Threshold_4,1.0
8911,Person_400,Group_2,Item_4,Threshold_4,1.0
8912,Person_423,Group_2,Item_4,Threshold_4,1.0
8913,Person_432,Group_2,Item_4,Threshold_4,0.0
8914,Person_434,Group_2,Item_4,Threshold_4,0.0
8915,Person_443,Group_2,Item_4,Threshold_4,1.0
8916,Person_447,Group_2,Item_4,Threshold_4,0.0
8917,Person_448,Group_2,Item_4,Threshold_4,0.0
8918,Person_451,Group_1,Item_4,Threshold_4,1.0
8919,Person_465,Group_1,Item_4,Threshold_4,1.0
8920,Person_466,Group_2,Item_4,Threshold_4,0.0
8921,Person_471,Group_1,Item_4,Threshold_4,1.0
8922,Person_476,Group_2,Item_4,Threshold_4,1.0
8923,Person_483,Group_2,Item_4,Threshold_4,0.0
8924,Person_486,Group_2,Item_4,Threshold_4,1.0
8925,Person_491,Group_2,Item_4,Threshold_4,0.0
8926,Person_492,Group_1,Item_4,Threshold_4,0.0
8927,Person_495,Group_1,Item_4,Threshold_4,1.0
8928,Person_496,Group_2,Item_4,Threshold_4,1.0
8929,Person_502,Group_1,Item_4,Threshold_4,1.0
8930,Person_504,Group_1,Item_4,Threshold_4,0.0
8931,Person_509,Group_2,Item_4,Threshold_4,0.0
8932,Person_510,Group_2,Item_4,Threshold_4,1.0
8933,Person_512,Group_2,Item_4,Threshold_4,1.0
8934,Person_515,Group_2,Item_4,Threshold_4,0.0
8935,Person_521,Group_2,Item_4,Threshold_4,1.0
8936,Person_523,Group_1,Item_4,Threshold_4,0.0
8937,Person_527,Group_2,Item_4,Threshold_4,1.0
8938,Person_530,Group_2,Item_4,Threshold_4,0.0
8939,Person_535,Group_2,Item_4,Threshold_4,0.0
8940,Person_536,Group_2,Item_4,Threshold_4,1.0
8941,Person_537,Group_1,Item_4,Threshold_4,1.0
8942,Person_541,Group_2,Item_4,Threshold_4,0.0
8943,Person_544,Group_2,Item_4,Threshold_4,1.0
8944,Person_545,Group_2,Item_4,Threshold_4,1.0
8945,Person_546,Group_2,Item_4,Threshold_4,1.0
8946,Person_551,Group_2,Item_4,Threshold_4,0.0
8947,Person_563,Group_1,Item_4,Threshold_4,1.0
8948,Person_570,Group_1,Item_4,Threshold_4,0.0
8949,Person_575,Group_2,Item_4,Threshold_4,1.0
8950,Person_576,Group_2,Item_4,Threshold_4,0.0
8951,Person_599,Group_2,Item_4,Threshold_4,1.0
8952,Person_600,Group_1,Item_4,Threshold_4,1.0
8953,Person_602,Group_1,Item_4,Threshold_4,1.0
8954,Person_611,Group_2,Item_4,Threshold_4,1.0
8955,Person_613,Group_2,Item_4,Threshold_4,1.0
8956,Person_614,Group_2,Item_4,Threshold_4,1.0
8957,Person_615,Group_1,Item_4,Threshold_4,1.0
8958,Person_621,Group_2,Item_4,Threshold_4,0.0
8959,Person_623,Group_2,Item_4,Threshold_4,1.0
8960,Person_624,Group_2,Item_4,Threshold_4,0.0
8961,Person_632,Group_1,Item_4,Threshold_4,1.0
8962,Person_635,Group_2,Item_4,Threshold_4,1.0
8963,Person_636,Group_1,Item_4,Threshold_4,0.0
8964,Person_643,Group_1,Item_4,Threshold_4,1.0
8965,Person_648,Group_1,Item_4,Threshold_4,1.0
8966,Person_650,Group_1,Item_4,Threshold_4,1.0
8967,Person_652,Group_2,Item_4,Threshold_4,1.0
8968,Person_654,Group_1,Item_4,Threshold_4,1.0
8969,Person_659,Group_2,Item_4,Threshold_4,1.0
8970,Person_683,Group_2,Item_4,Threshold_4,0.0
8971,Person_684,Group_1,Item_4,Threshold_4,1.0
8972,Person_690,Group_2,Item_4,Threshold_4,1.0
8973,Person_693,Group_1,Item_4,Threshold_4,1.0
8974,Person_704,Group_2,Item_4,Threshold_4,1.0
8975,Person_708,Group_2,Item_4,Threshold_4,1.0
8976,Person_713,Group_2,Item_4,Threshold_4,0.0
8977,Person_718,Group_2,Item_4,Threshold_4,0.0
8978,Person_722,Group_1,Item_4,Threshold_4,0.0
8979,Person_723,Group_2,Item_4,Threshold_4,1.0
8980,Person_724,Group_2,Item_4,Threshold_4,1.0
8981,Person_727,Group_1,Item_4,Threshold_4,1.0
8982,Person_731,Group_2,Item_4,Threshold_4,1.0
8983,Person_734,Group_1,Item_4,Threshold_4,0.0
8984,Person_736,Group_2,Item_4,Threshold_4,0.0
8985,Person_738,Group_1,Item_4,Threshold_4,0.0
8986,Person_739,Group_2,Item_4,Threshold_4,1.0
8987,Person_743,Group_2,Item_4,Threshold_4,0.0
8988,Person_764,Group_1,Item_4,Threshold_4,1.0
8989,Person_771,Group_1,Item_4,Threshold_4,0.0
8990,Person_772,Group_1,Item_4,Threshold_4,1.0
8991,Person_773,Group_1,Item_4,Threshold_4,0.0
8992,Person_775,Group_2,Item_4,Threshold_4,0.0
8993,Person_776,Group_2,Item_4,Threshold_4,1.0
8994,Person_778,Group_1,Item_4,Threshold_4,0.0
8995,Person_779,Group_1,Item_4,Threshold_4,0.0
8996,Person_781,Group_2,Item_4,Threshold_4,1.0
8997,Person_784,Group_2,Item_4,Threshold_4,0.0
8998,Person_785,Group_2,Item_4,Threshold_4,0.0
8999,Person_792,Group_2,Item_4,Threshold_4,0.0
9000,Person_796,Group_1,Item_4,Threshold_4,1.0
9001,Person_797,Group_2,Item_4,Threshold_4,1.0
9002,Person_799,Group_1,Item_4,Threshold_4,1.0
9003,Person_800,Group_1,Item_4,Threshold_4,1.0
9004,Person_806,Group_2,Item_4,Threshold_4,0.0
9005,Person_809,Group_1,Item_4,Threshold_4,1.0
9006,Person_811,Group_2,Item_4,Threshold_4,0.0
9007,Person_813,Group_1,Item_4,Threshold_4,0.0
9008,Person_814,Group_1,Item_4,Threshold_4,0.0
9009,Person_822,Group_2,Item_4,Threshold_4,0.0
9010,Person_825,Group_1,Item_4,Threshold_4,1.0
9011,Person_838,Group_2,Item_4,Threshold_4,1.0
9012,Person_840,Group_2,Item_4,Threshold_4,1.0
9013,Person_841,Group_2,Item_4,Threshold_4,1.0
9014,Person_842,Group_1,Item_4,Threshold_4,1.0
9015,Person_845,Group_2,Item_4,Threshold_4,1.0
9016,Person_860,Group_1,Item_4,Threshold_4,1.0
9017,Person_864,Group_2,Item_4,Threshold_4,1.0
9018,Person_871,Group_2,Item_4,Threshold_4,1.0
9019,Person_890,Group_2,Item_4,Threshold_4,1.0
9020,Person_892,Group_1,Item_4,Threshold_4,1.0
9021,Person_895,Group_2,Item_4,Threshold_4,0.0
9022,Person_901,Group_1,Item_4,Threshold_4,1.0
9023,Person_904,Group_2,Item_4,Threshold_4,1.0
9024,Person_906,Group_2,Item_4,Threshold_4,1.0
9025,Person_910,Group_1,Item_4,Threshold_4,0.0
9026,Person_911,Group_2,Item_4,Threshold_4,1.0
9027,Person_913,Group_2,Item_4,Threshold_4,1.0
9028,Person_916,Group_1,Item_4,Threshold_4,1.0
9029,Person_918,Group_2,Item_4,Threshold_4,1.0
9030,Person_919,Group_1,Item_4,Threshold_4,1.0
9031,Person_922,Group_2,Item_4,Threshold_4,0.0
9032,Person_927,Group_2,Item_4,Threshold_4,1.0
9033,Person_929,Group_2,Item_4,Threshold_4,1.0
9034,Person_936,Group_2,Item_4,Threshold_4,0.0
9035,Person_937,Group_2,Item_4,Threshold_4,1.0
9036,Person_938,Group_2,Item_4,Threshold_4,1.0
9037,Person_942,Group_2,Item_4,Threshold_4,1.0
9038,Person_943,Group_1,Item_4,Threshold_4,0.0
9039,Person_944,Group_2,Item_4,Threshold_4,1.0
9040,Person_956,Group_1,Item_4,Threshold_4,0.0
9041,Person_962,Group_2,Item_4,Threshold_4,0.0
9042,Person_963,Group_1,Item_4,Threshold_4,0.0
9043,Person_966,Group_2,Item_4,Threshold_4,1.0
9044,Person_970,Group_1,Item_4,Threshold_4,1.0
9045,Person_971,Group_2,Item_4,Threshold_4,1.0
9046,Person_976,Group_1,Item_4,Threshold_4,1.0
9047,Person_979,Group_1,Item_4,Threshold_4,1.0
9048,Person_985,Group_2,Item_4,Threshold_4,0.0
9049,Person_988,Group_1,Item_4,Threshold_4,1.0
9050,Person_990,Group_1,Item_4,Threshold_4,1.0
9051,Person_996,Group_2,Item_4,Threshold_4,1.0
9052,Person_997,Group_2,Item_4,Threshold_4,0.0
9053,Person_998,Group_1,Item_4,Threshold_4,0.0
9054,Person_1000,Group_2,Item_4,Threshold_4,0.0
9055,Person_1013,Group_2,Item_4,Threshold_4,0.0
9056,Person_1014,Group_2,Item_4,Threshold_4,0.0
9057,Person_1021,Group_1,Item_4,Threshold_4,1.0
9058,Person_1023,Group_2,Item_4,Threshold_4,1.0
9059,Person_1030,Group_1,Item_4,Threshold_4,0.0
9060,Person_1034,Group_1,Item_4,Threshold_4,1.0
9061,Person_1035,Group_1,Item_4,Threshold_4,1.0
9062,Person_1036,Group_1,Item_4,Threshold_4,1.0
9063,Person_1039,Group_1,Item_4,Threshold_4,0.0
9064,Person_1045,Group_1,Item_4,Threshold_4,1.0
9065,Person_1053,Group_2,Item_4,Threshold_4,0.0
9066,Person_1060,Group_1,Item_4,Threshold_4,1.0
9067,Person_1061,Group_2,Item_4,Threshold_4,0.0
9068,Person_1065,Group_1,Item_4,Threshold_4,1.0
9069,Person_1068,Group_2,Item_4,Threshold_4,1.0
9070,Person_1069,Group_2,Item_4,Threshold_4,0.0
9071,Person_1074,Group_1,Item_4,Threshold_4,1.0
9072,Person_1077,Group_1,Item_4,Threshold_4,0.0
9073,Person_1078,Group_1,Item_4,Threshold_4,1.0
9074,Person_1090,Group_2,Item_4,Threshold_4,0.0
9075,Person_1094,Group_1,Item_4,Threshold_4,1.0
9076,Person_1103,Group_1,Item_4,Threshold_4,0.0
9077,Person_1111,Group_1,Item_4,Threshold_4,1.0
9078,Person_1115,Group_1,Item_4,Threshold_4,1.0
9079,Person_1118,Group_1,Item_4,Threshold_4,1.0
9080,Person_1124,Group_1,Item_4,Threshold_4,0.0
9081,Person_1125,Group_1,Item_4,Threshold_4,0.0
9082,Person_1127,Group_2,Item_4,Threshold_4,1.0
9083,Person_1133,Group_1,Item_4,Threshold_4,0.0
9084,Person_1134,Group_1,Item_4,Threshold_4,1.0
9085,Person_1136,Group_2,Item_4,Threshold_4,0.0
9086,Person_1145,Group_1,Item_4,Threshold_4,1.0
9087,Person_1148,Group_1,Item_4,Threshold_4,1.0
9088,Person_1152,Group_2,Item_4,Threshold_4,0.0
9089,Person_1160,Group_2,Item_4,Threshold_4,1.0
9090,Person_1164,Group_2,Item_4,Threshold_4,1.0
9091,Person_1167,Group_1,Item_4,Threshold_4,1.0
9092,Person_1178,Group_2,Item_4,Threshold_4,0.0
9093,Person_1201,Group_1,Item_4,Threshold_4,1.0
9094,Person_1202,Group_2,Item_4,Threshold_4,1.0
9095,Person_1208,Group_1,Item_4,Threshold_4,1.0
9096,Person_1210,Group_2,Item_4,Threshold_4,1.0
9097,Person_1211,Group_1,Item_4,Threshold_4,0.0
9098,Person_1214,Group_1,Item_4,Threshold_4,0.0
9099,Person_1218,Group_1,Item_4,Threshold_4,1.0
9100,Person_1225,Group_1,Item_4,Threshold_4,1.0
9101,Person_1233,Group_1,Item_4,Threshold_4,0.0
9102,Person_1257,Group_2,Item_4,Threshold_4,1.0
9103,Person_1261,Group_2,Item_4,Threshold_4,1.0
9104,Person_1266,Group_1,Item_4,Threshold_4,0.0
9105,Person_1271,Group_2,Item_4,Threshold_4,0.0
9106,Person_1273,Group_1,Item_4,Threshold_4,1.0
9107,Person_1283,Group_2,Item_4,Threshold_4,1.0
9108,Person_1290,Group_1,Item_4,Threshold_4,0.0
9109,Person_1297,Group_1,Item_4,Threshold_4,1.0
9110,Person_1302,Group_2,Item_4,Threshold_4,0.0
9111,Person_1307,Group_1,Item_4,Threshold_4,1.0
9112,Person_1309,Group_1,Item_4,Threshold_4,0.0
9113,Person_1314,Group_1,Item_4,Threshold_4,1.0
9114,Person_1315,Group_1,Item_4,Threshold_4,0.0
9115,Person_1326,Group_2,Item_4,Threshold_4,1.0
9116,Person_1328,Group_2,Item_4,Threshold_4,0.0
9117,Person_1329,Group_1,Item_4,Threshold_4,1.0
9118,Person_1333,Group_2,Item_4,Threshold_4,1.0
9119,Person_1337,Group_2,Item_4,Threshold_4,0.0
9120,Person_1340,Group_2,Item_4,Threshold_4,0.0
9121,Person_1342,Group_1,Item_4,Threshold_4,1.0
9122,Person_1343,Group_2,Item_4,Threshold_4,0.0
9123,Person_1348,Group_1,Item_4,Threshold_4,1.0
9124,Person_1349,Group_2,Item_4,Threshold_4,1.0
9125,Person_1351,Group_1,Item_4,Threshold_4,1.0
9126,Person_1353,Group_2,Item_4,Threshold_4,0.0
9127,Person_1355,Group_1,Item_4,Threshold_4,1.0
9128,Person_1359,Group_2,Item_4,Threshold_4,0.0
9129,Person_1360,Group_1,Item_4,Threshold_4,1.0
9130,Person_1372,Group_1,Item_4,Threshold_4,0.0
9131,Person_1376,Group_1,Item_4,Threshold_4,1.0
9132,Person_1379,Group_1,Item_4,Threshold_4,1.0
9133,Person_1380,Group_2,Item_4,Threshold_4,0.0
9134,Person_1385,Group_2,Item_4,Threshold_4,1.0
9135,Person_1386,Group_1,Item_4,Threshold_4,1.0
9136,Person_1388,Group_2,Item_4,Threshold_4,0.0
9137,Person_1391,Group_2,Item_4,Threshold_4,0.0
9138,Person_1404,Group_2,Item_4,Threshold_4,0.0
9139,Person_1413,Group_1,Item_4,Threshold_4,0.0
9140,Person_1415,Group_2,Item_4,Threshold_4,1.0
9141,Person_1417,Group_1,Item_4,Threshold_4,1.0
9142,Person_1419,Group_1,Item_4,Threshold_4,1.0
9143,Person_1420,Group_1,Item_4,Threshold_4,1.0
9144,Person_1423,Group_2,Item_4,Threshold_4,1.0
9145,Person_1426,Group_1,Item_4,Threshold_4,1.0
9146,Person_1441,Group_2,Item_4,Threshold_4,1.0
9147,Person_1442,Group_2,Item_4,Threshold_4,1.0
9148,Person_1446,Group_1,Item_4,Threshold_4,0.0
9149,Person_1450,Group_2,Item_4,Threshold_4,1.0
9150,Person_1452,Group_1,Item_4,Threshold_4,0.0
9151,Person_1458,Group_2,Item_4,Threshold_4,0.0
9152,Person_1464,Group_2,Item_4,Threshold_4,1.0
9153,Person_1466,Group_2,Item_4,Threshold_4,1.0
9154,Person_1472,Group_2,Item_4,Threshold_4,1.0
9155,Person_1478,Group_2,Item_4,Threshold_4,1.0
9156,Person_1482,Group_1,Item_4,Threshold_4,0.0
9157,Person_1483,Group_2,Item_4,Threshold_4,1.0
9158,Person_1484,Group_2,Item_4,Threshold_4,1.0
9159,Person_1491,Group_2,Item_4,Threshold_4,1.0
9160,Person_1499,Group_1,Item_4,Threshold_4,1.0
9161,Person_1504,Group_1,Item_4,Threshold_4,0.0
9162,Person_1506,Group_2,Item_4,Threshold_4,0.0
9163,Person_1510,Group_1,Item_4,Threshold_4,0.0
9164,Person_1511,Group_2,Item_4,Threshold_4,1.0
9165,Person_1512,Group_2,Item_4,Threshold_4,0.0
9166,Person_1519,Group_1,Item_4,Threshold_4,1.0
9167,Person_1521,Group_2,Item_4,Threshold_4,0.0
9168,Person_1523,Group_2,Item_4,Threshold_4,1.0
9169,Person_1524,Group_1,Item_4,Threshold_4,0.0
9170,Person_1540,Group_2,Item_4,Threshold_4,1.0
9171,Person_1545,Group_1,Item_4,Threshold_4,0.0
9172,Person_1549,Group_2,Item_4,Threshold_4,0.0
9173,Person_1553,Group_2,Item_4,Threshold_4,1.0
9174,Person_1554,Group_1,Item_4,Threshold_4,0.0
9175,Person_1564,Group_1,Item_4,Threshold_4,1.0
9176,Person_1571,Group_1,Item_4,Threshold_4,1.0
9177,Person_1572,Group_1,Item_4,Threshold_4,1.0
9178,Person_1577,Group_1,Item_4,Threshold_4,1.0
9179,Person_1582,Group_1,Item_4,Threshold_4,1.0
9180,Person_1583,Group_1,Item_4,Threshold_4,0.0
9181,Person_1595,Group_2,Item_4,Threshold_4,1.0
9182,Person_1597,Group_2,Item_4,Threshold_4,0.0
9183,Person_1604,Group_1,Item_4,Threshold_4,1.0
9184,Person_1606,Group_2,Item_4,Threshold_4,1.0
9185,Person_1619,Group_2,Item_4,Threshold_4,1.0
9186,Person_1623,Group_1,Item_4,Threshold_4,1.0
9187,Person_1624,Group_1,Item_4,Threshold_4,0.0
9188,Person_1630,Group_1,Item_4,Threshold_4,0.0
9189,Person_1634,Group_2,Item_4,Threshold_4,1.0
9190,Person_1635,Group_2,Item_4,Threshold_4,1.0
9191,Person_1636,Group_2,Item_4,Threshold_4,1.0
9192,Person_5,Group_1,Item_4,Threshold_5,1.0
9193,Person_6,Group_2,Item_4,Threshold_5,0.0
9194,Person_9,Group_1,Item_4,Threshold_5,0.0
9195,Person_10,Group_1,Item_4,Threshold_5,0.0
9196,Person_11,Group_1,Item_4,Threshold_5,0.0
9197,Person_12,Group_2,Item_4,Threshold_5,0.0
9198,Person_20,Group_2,Item_4,Threshold_5,0.0
9199,Person_22,Group_1,Item_4,Threshold_5,0.0
9200,Person_23,Group_2,Item_4,Threshold_5,1.0
9201,Person_24,Group_1,Item_4,Threshold_5,1.0
9202,Person_29,Group_1,Item_4,Threshold_5,1.0
9203,Person_32,Group_2,Item_4,Threshold_5,0.0
9204,Person_37,Group_1,Item_4,Threshold_5,0.0
9205,Person_43,Group_2,Item_4,Threshold_5,1.0
9206,Person_45,Group_2,Item_4,Threshold_5,1.0
9207,Person_47,Group_2,Item_4,Threshold_5,1.0
9208,Person_51,Group_1,Item_4,Threshold_5,1.0
9209,Person_53,Group_1,Item_4,Threshold_5,1.0
9210,Person_56,Group_2,Item_4,Threshold_5,0.0
9211,Person_60,Group_2,Item_4,Threshold_5,1.0
9212,Person_61,Group_1,Item_4,Threshold_5,1.0
9213,Person_69,Group_2,Item_4,Threshold_5,1.0
9214,Person_76,Group_1,Item_4,Threshold_5,1.0
9215,Person_77,Group_1,Item_4,Threshold_5,1.0
9216,Person_80,Group_1,Item_4,Threshold_5,1.0
9217,Person_82,Group_1,Item_4,Threshold_5,0.0
9218,Person_83,Group_2,Item_4,Threshold_5,0.0
9219,Person_84,Group_1,Item_4,Threshold_5,1.0
9220,Person_85,Group_1,Item_4,Threshold_5,1.0
9221,Person_86,Group_2,Item_4,Threshold_5,1.0
9222,Person_88,Group_2,Item_4,Threshold_5,0.0
9223,Person_89,Group_2,Item_4,Threshold_5,1.0
9224,Person_90,Group_2,Item_4,Threshold_5,1.0
9225,Person_92,Group_1,Item_4,Threshold_5,0.0
9226,Person_95,Group_1,Item_4,Threshold_5,0.0
9227,Person_99,Group_1,Item_4,Threshold_5,1.0
9228,Person_102,Group_2,Item_4,Threshold_5,0.0
9229,Person_103,Group_1,Item_4,Threshold_5,1.0
9230,Person_106,Group_1,Item_4,Threshold_5,1.0
9231,Person_107,Group_2,Item_4,Threshold_5,0.0
9232,Person_112,Group_2,Item_4,Threshold_5,1.0
9233,Person_113,Group_1,Item_4,Threshold_5,1.0
9234,Person_119,Group_2,Item_4,Threshold_5,1.0
9235,Person_124,Group_2,Item_4,Threshold_5,0.0
9236,Person_125,Group_1,Item_4,Threshold_5,0.0
9237,Person_131,Group_2,Item_4,Threshold_5,1.0
9238,Person_132,Group_2,Item_4,Threshold_5,0.0
9239,Person_133,Group_2,Item_4,Threshold_5,1.0
9240,Person_134,Group_1,Item_4,Threshold_5,1.0
9241,Person_135,Group_2,Item_4,Threshold_5,1.0
9242,Person_136,Group_1,Item_4,Threshold_5,0.0
9243,Person_139,Group_1,Item_4,Threshold_5,1.0
9244,Person_141,Group_2,Item_4,Threshold_5,1.0
9245,Person_144,Group_2,Item_4,Threshold_5,1.0
9246,Person_145,Group_1,Item_4,Threshold_5,0.0
9247,Person_147,Group_2,Item_4,Threshold_5,0.0
9248,Person_148,Group_2,Item_4,Threshold_5,1.0
9249,Person_149,Group_2,Item_4,Threshold_5,1.0
9250,Person_150,Group_2,Item_4,Threshold_5,1.0
9251,Person_151,Group_2,Item_4,Threshold_5,1.0
9252,Person_152,Group_2,Item_4,Threshold_5,1.0
9253,Person_160,Group_2,Item_4,Threshold_5,1.0
9254,Person_162,Group_2,Item_4,Threshold_5,1.0
9255,Person_168,Group_1,Item_4,Threshold_5,1.0
9256,Person_173,Group_2,Item_4,Threshold_5,1.0
9257,Person_175,Group_1,Item_4,Threshold_5,0.0
9258,Person_176,Group_1,Item_4,Threshold_5,1.0
9259,Person_186,Group_1,Item_4,Threshold_5,0.0
9260,Person_195,Group_1,Item_4,Threshold_5,1.0
9261,Person_196,Group_1,Item_4,Threshold_5,1.0
9262,Person_200,Group_2,Item_4,Threshold_5,1.0
9263,Person_201,Group_2,Item_4,Threshold_5,0.0
9264,Person_203,Group_1,Item_4,Threshold_5,0.0
9265,Person_204,Group_1,Item_4,Threshold_5,1.0
9266,Person_206,Group_1,Item_4,Threshold_5,0.0
9267,Person_209,Group_1,Item_4,Threshold_5,1.0
9268,Person_210,Group_2,Item_4,Threshold_5,0.0
9269,Person_211,Group_2,Item_4,Threshold_5,1.0
9270,Person_213,Group_2,Item_4,Threshold_5,1.0
9271,Person_216,Group_2,Item_4,Threshold_5,0.0
9272,Person_219,Group_1,Item_4,Threshold_5,0.0
9273,Person_220,Group_2,Item_4,Threshold_5,0.0
9274,Person_221,Group_1,Item_4,Threshold_5,1.0
9275,Person_222,Group_1,Item_4,Threshold_5,0.0
9276,Person_224,Group_1,Item_4,Threshold_5,1.0
9277,Person_227,Group_1,Item_4,Threshold_5,1.0
9278,Person_234,Group_2,Item_4,Threshold_5,1.0
9279,Person_235,Group_2,Item_4,Threshold_5,0.0
9280,Person_238,Group_1,Item_4,Threshold_5,1.0
9281,Person_239,Group_2,Item_4,Threshold_5,0.0
9282,Person_240,Group_2,Item_4,Threshold_5,1.0
9283,Person_242,Group_1,Item_4,Threshold_5,0.0
9284,Person_244,Group_1,Item_4,Threshold_5,0.0
9285,Person_245,Group_1,Item_4,Threshold_5,0.0
9286,Person_247,Group_2,Item_4,Threshold_5,1.0
9287,Person_248,Group_1,Item_4,Threshold_5,1.0
9288,Person_249,Group_1,Item_4,Threshold_5,0.0
9289,Person_252,Group_2,Item_4,Threshold_5,1.0
9290,Person_253,Group_2,Item_4,Threshold_5,1.0
9291,Person_254,Group_2,Item_4,Threshold_5,1.0
9292,Person_257,Group_2,Item_4,Threshold_5,1.0
9293,Person_262,Group_2,Item_4,Threshold_5,0.0
9294,Person_264,Group_1,Item_4,Threshold_5,0.0
9295,Person_267,Group_2,Item_4,Threshold_5,1.0
9296,Person_270,Group_2,Item_4,Threshold_5,1.0
9297,Person_276,Group_1,Item_4,Threshold_5,1.0
9298,Person_278,Group_2,Item_4,Threshold_5,1.0
9299,Person_279,Group_2,Item_4,Threshold_5,1.0
9300,Person_284,Group_1,Item_4,Threshold_5,0.0
9301,Person_286,Group_2,Item_4,Threshold_5,1.0
9302,Person_287,Group_2,Item_4,Threshold_5,1.0
9303,Person_289,Group_2,Item_4,Threshold_5,1.0
9304,Person_290,Group_2,Item_4,Threshold_5,1.0
9305,Person_291,Group_2,Item_4,Threshold_5,0.0
9306,Person_292,Group_1,Item_4,Threshold_5,1.0
9307,Person_296,Group_2,Item_4,Threshold_5,1.0
9308,Person_297,Group_1,Item_4,Threshold_5,0.0
9309,Person_298,Group_1,Item_4,Threshold_5,1.0
9310,Person_299,Group_1,Item_4,Threshold_5,1.0
9311,Person_300,Group_2,Item_4,Threshold_5,0.0
9312,Person_301,Group_2,Item_4,Threshold_5,1.0
9313,Person_303,Group_2,Item_4,Threshold_5,0.0
9314,Person_306,Group_2,Item_4,Threshold_5,1.0
9315,Person_308,Group_2,Item_4,Threshold_5,0.0
9316,Person_310,Group_1,Item_4,Threshold_5,0.0
9317,Person_311,Group_1,Item_4,Threshold_5,1.0
9318,Person_316,Group_2,Item_4,Threshold_5,0.0
9319,Person_317,Group_1,Item_4,Threshold_5,0.0
9320,Person_324,Group_2,Item_4,Threshold_5,1.0
9321,Person_330,Group_2,Item_4,Threshold_5,0.0
9322,Person_332,Group_1,Item_4,Threshold_5,1.0
9323,Person_335,Group_2,Item_4,Threshold_5,0.0
9324,Person_336,Group_1,Item_4,Threshold_5,0.0
9325,Person_341,Group_2,Item_4,Threshold_5,1.0
9326,Person_343,Group_1,Item_4,Threshold_5,1.0
9327,Person_345,Group_2,Item_4,Threshold_5,1.0
9328,Person_346,Group_1,Item_4,Threshold_5,1.0
9329,Person_347,Group_1,Item_4,Threshold_5,1.0
9330,Person_353,Group_1,Item_4,Threshold_5,0.0
9331,Person_354,Group_2,Item_4,Threshold_5,1.0
9332,Person_355,Group_2,Item_4,Threshold_5,0.0
9333,Person_359,Group_1,Item_4,Threshold_5,1.0
9334,Person_364,Group_1,Item_4,Threshold_5,1.0
9335,Person_366,Group_2,Item_4,Threshold_5,1.0
9336,Person_368,Group_2,Item_4,Threshold_5,1.0
9337,Person_371,Group_2,Item_4,Threshold_5,0.0
9338,Person_373,Group_2,Item_4,Threshold_5,0.0
9339,Person_380,Group_2,Item_4,Threshold_5,1.0
9340,Person_381,Group_2,Item_4,Threshold_5,1.0
9341,Person_385,Group_1,Item_4,Threshold_5,0.0
9342,Person_387,Group_1,Item_4,Threshold_5,1.0
9343,Person_395,Group_1,Item_4,Threshold_5,0.0
9344,Person_397,Group_2,Item_4,Threshold_5,1.0
9345,Person_400,Group_2,Item_4,Threshold_5,0.0
9346,Person_403,Group_2,Item_4,Threshold_5,1.0
9347,Person_406,Group_1,Item_4,Threshold_5,1.0
9348,Person_407,Group_2,Item_4,Threshold_5,1.0
9349,Person_408,Group_1,Item_4,Threshold_5,1.0
9350,Person_410,Group_1,Item_4,Threshold_5,1.0
9351,Person_411,Group_1,Item_4,Threshold_5,1.0
9352,Person_413,Group_2,Item_4,Threshold_5,1.0
9353,Person_416,Group_1,Item_4,Threshold_5,1.0
9354,Person_417,Group_1,Item_4,Threshold_5,1.0
9355,Person_422,Group_2,Item_4,Threshold_5,1.0
9356,Person_423,Group_2,Item_4,Threshold_5,0.0
9357,Person_427,Group_1,Item_4,Threshold_5,1.0
9358,Person_429,Group_2,Item_4,Threshold_5,1.0
9359,Person_439,Group_2,Item_4,Threshold_5,1.0
9360,Person_440,Group_1,Item_4,Threshold_5,1.0
9361,Person_442,Group_2,Item_4,Threshold_5,1.0
9362,Person_443,Group_2,Item_4,Threshold_5,0.0
9363,Person_445,Group_1,Item_4,Threshold_5,1.0
9364,Person_451,Group_2,Item_4,Threshold_5,0.0
9365,Person_454,Group_1,Item_4,Threshold_5,1.0
9366,Person_455,Group_2,Item_4,Threshold_5,1.0
9367,Person_456,Group_2,Item_4,Threshold_5,1.0
9368,Person_461,Group_2,Item_4,Threshold_5,1.0
9369,Person_465,Group_1,Item_4,Threshold_5,0.0
9370,Person_471,Group_2,Item_4,Threshold_5,0.0
9371,Person_476,Group_1,Item_4,Threshold_5,0.0
9372,Person_477,Group_2,Item_4,Threshold_5,1.0
9373,Person_482,Group_2,Item_4,Threshold_5,1.0
9374,Person_484,Group_2,Item_4,Threshold_5,1.0
9375,Person_486,Group_2,Item_4,Threshold_5,0.0
9376,Person_489,Group_1,Item_4,Threshold_5,1.0
9377,Person_490,Group_1,Item_4,Threshold_5,1.0
9378,Person_493,Group_1,Item_4,Threshold_5,1.0
9379,Person_495,Group_2,Item_4,Threshold_5,0.0
9380,Person_496,Group_1,Item_4,Threshold_5,0.0
9381,Person_502,Group_2,Item_4,Threshold_5,0.0
9382,Person_503,Group_1,Item_4,Threshold_5,1.0
9383,Person_505,Group_1,Item_4,Threshold_5,1.0
9384,Person_506,Group_1,Item_4,Threshold_5,1.0
9385,Person_510,Group_1,Item_4,Threshold_5,0.0
9386,Person_512,Group_1,Item_4,Threshold_5,0.0
9387,Person_513,Group_2,Item_4,Threshold_5,1.0
9388,Person_519,Group_2,Item_4,Threshold_5,1.0
9389,Person_520,Group_1,Item_4,Threshold_5,1.0
9390,Person_521,Group_2,Item_4,Threshold_5,0.0
9391,Person_526,Group_1,Item_4,Threshold_5,1.0
9392,Person_527,Group_2,Item_4,Threshold_5,0.0
9393,Person_531,Group_2,Item_4,Threshold_5,1.0
9394,Person_536,Group_2,Item_4,Threshold_5,0.0
9395,Person_537,Group_2,Item_4,Threshold_5,0.0
9396,Person_542,Group_1,Item_4,Threshold_5,1.0
9397,Person_544,Group_1,Item_4,Threshold_5,0.0
9398,Person_545,Group_2,Item_4,Threshold_5,0.0
9399,Person_546,Group_1,Item_4,Threshold_5,0.0
9400,Person_555,Group_2,Item_4,Threshold_5,1.0
9401,Person_556,Group_2,Item_4,Threshold_5,1.0
9402,Person_557,Group_1,Item_4,Threshold_5,1.0
9403,Person_563,Group_2,Item_4,Threshold_5,0.0
9404,Person_565,Group_2,Item_4,Threshold_5,1.0
9405,Person_574,Group_1,Item_4,Threshold_5,1.0
9406,Person_575,Group_1,Item_4,Threshold_5,0.0
9407,Person_577,Group_2,Item_4,Threshold_5,1.0
9408,Person_580,Group_1,Item_4,Threshold_5,1.0
9409,Person_585,Group_1,Item_4,Threshold_5,1.0
9410,Person_589,Group_1,Item_4,Threshold_5,1.0
9411,Person_591,Group_2,Item_4,Threshold_5,1.0
9412,Person_592,Group_1,Item_4,Threshold_5,1.0
9413,Person_599,Group_2,Item_4,Threshold_5,0.0
9414,Person_600,Group_1,Item_4,Threshold_5,0.0
9415,Person_602,Group_1,Item_4,Threshold_5,0.0
9416,Person_611,Group_1,Item_4,Threshold_5,0.0
9417,Person_613,Group_2,Item_4,Threshold_5,0.0
9418,Person_614,Group_1,Item_4,Threshold_5,0.0
9419,Person_615,Group_1,Item_4,Threshold_5,0.0
9420,Person_616,Group_1,Item_4,Threshold_5,1.0
9421,Person_617,Group_2,Item_4,Threshold_5,1.0
9422,Person_619,Group_1,Item_4,Threshold_5,1.0
9423,Person_623,Group_2,Item_4,Threshold_5,0.0
9424,Person_625,Group_2,Item_4,Threshold_5,1.0
9425,Person_628,Group_2,Item_4,Threshold_5,1.0
9426,Person_629,Group_2,Item_4,Threshold_5,1.0
9427,Person_632,Group_2,Item_4,Threshold_5,0.0
9428,Person_635,Group_2,Item_4,Threshold_5,0.0
9429,Person_637,Group_2,Item_4,Threshold_5,1.0
9430,Person_641,Group_1,Item_4,Threshold_5,1.0
9431,Person_643,Group_2,Item_4,Threshold_5,0.0
9432,Person_648,Group_2,Item_4,Threshold_5,0.0
9433,Person_650,Group_2,Item_4,Threshold_5,0.0
9434,Person_651,Group_2,Item_4,Threshold_5,1.0
9435,Person_652,Group_1,Item_4,Threshold_5,0.0
9436,Person_653,Group_2,Item_4,Threshold_5,1.0
9437,Person_654,Group_1,Item_4,Threshold_5,0.0
9438,Person_659,Group_2,Item_4,Threshold_5,0.0
9439,Person_664,Group_2,Item_4,Threshold_5,1.0
9440,Person_671,Group_1,Item_4,Threshold_5,1.0
9441,Person_676,Group_2,Item_4,Threshold_5,1.0
9442,Person_684,Group_1,Item_4,Threshold_5,0.0
9443,Person_686,Group_1,Item_4,Threshold_5,1.0
9444,Person_687,Group_2,Item_4,Threshold_5,1.0
9445,Person_689,Group_2,Item_4,Threshold_5,1.0
9446,Person_690,Group_1,Item_4,Threshold_5,0.0
9447,Person_691,Group_2,Item_4,Threshold_5,1.0
9448,Person_692,Group_1,Item_4,Threshold_5,1.0
9449,Person_693,Group_1,Item_4,Threshold_5,0.0
9450,Person_694,Group_1,Item_4,Threshold_5,1.0
9451,Person_698,Group_1,Item_4,Threshold_5,1.0
9452,Person_704,Group_2,Item_4,Threshold_5,0.0
9453,Person_705,Group_2,Item_4,Threshold_5,1.0
9454,Person_707,Group_1,Item_4,Threshold_5,1.0
9455,Person_708,Group_2,Item_4,Threshold_5,0.0
9456,Person_709,Group_1,Item_4,Threshold_5,1.0
9457,Person_710,Group_2,Item_4,Threshold_5,1.0
9458,Person_711,Group_1,Item_4,Threshold_5,1.0
9459,Person_723,Group_2,Item_4,Threshold_5,0.0
9460,Person_724,Group_2,Item_4,Threshold_5,0.0
9461,Person_727,Group_2,Item_4,Threshold_5,0.0
9462,Person_731,Group_1,Item_4,Threshold_5,0.0
9463,Person_735,Group_1,Item_4,Threshold_5,1.0
9464,Person_737,Group_1,Item_4,Threshold_5,1.0
9465,Person_739,Group_2,Item_4,Threshold_5,0.0
9466,Person_742,Group_1,Item_4,Threshold_5,1.0
9467,Person_744,Group_1,Item_4,Threshold_5,1.0
9468,Person_746,Group_2,Item_4,Threshold_5,1.0
9469,Person_747,Group_1,Item_4,Threshold_5,1.0
9470,Person_748,Group_1,Item_4,Threshold_5,1.0
9471,Person_751,Group_1,Item_4,Threshold_5,1.0
9472,Person_757,Group_2,Item_4,Threshold_5,1.0
9473,Person_763,Group_2,Item_4,Threshold_5,1.0
9474,Person_764,Group_2,Item_4,Threshold_5,0.0
9475,Person_765,Group_1,Item_4,Threshold_5,1.0
9476,Person_772,Group_2,Item_4,Threshold_5,0.0
9477,Person_776,Group_1,Item_4,Threshold_5,0.0
9478,Person_777,Group_2,Item_4,Threshold_5,1.0
9479,Person_781,Group_1,Item_4,Threshold_5,0.0
9480,Person_782,Group_2,Item_4,Threshold_5,1.0
9481,Person_786,Group_1,Item_4,Threshold_5,1.0
9482,Person_791,Group_2,Item_4,Threshold_5,1.0
9483,Person_795,Group_2,Item_4,Threshold_5,1.0
9484,Person_796,Group_2,Item_4,Threshold_5,0.0
9485,Person_797,Group_2,Item_4,Threshold_5,0.0
9486,Person_799,Group_2,Item_4,Threshold_5,0.0
9487,Person_800,Group_1,Item_4,Threshold_5,0.0
9488,Person_801,Group_1,Item_4,Threshold_5,1.0
9489,Person_802,Group_1,Item_4,Threshold_5,1.0
9490,Person_805,Group_2,Item_4,Threshold_5,1.0
9491,Person_807,Group_2,Item_4,Threshold_5,1.0
9492,Person_809,Group_1,Item_4,Threshold_5,0.0
9493,Person_817,Group_2,Item_4,Threshold_5,1.0
9494,Person_818,Group_2,Item_4,Threshold_5,1.0
9495,Person_821,Group_1,Item_4,Threshold_5,1.0
9496,Person_825,Group_2,Item_4,Threshold_5,0.0
9497,Person_830,Group_2,Item_4,Threshold_5,1.0
9498,Person_833,Group_2,Item_4,Threshold_5,1.0
9499,Person_838,Group_1,Item_4,Threshold_5,0.0
9500,Person_840,Group_2,Item_4,Threshold_5,0.0
9501,Person_841,Group_1,Item_4,Threshold_5,0.0
9502,Person_842,Group_1,Item_4,Threshold_5,0.0
9503,Person_845,Group_2,Item_4,Threshold_5,0.0
9504,Person_850,Group_1,Item_4,Threshold_5,1.0
9505,Person_853,Group_1,Item_4,Threshold_5,1.0
9506,Person_854,Group_1,Item_4,Threshold_5,1.0
9507,Person_860,Group_2,Item_4,Threshold_5,0.0
9508,Person_861,Group_2,Item_4,Threshold_5,1.0
9509,Person_864,Group_2,Item_4,Threshold_5,0.0
9510,Person_866,Group_2,Item_4,Threshold_5,1.0
9511,Person_871,Group_2,Item_4,Threshold_5,0.0
9512,Person_872,Group_2,Item_4,Threshold_5,1.0
9513,Person_874,Group_2,Item_4,Threshold_5,1.0
9514,Person_876,Group_2,Item_4,Threshold_5,1.0
9515,Person_878,Group_2,Item_4,Threshold_5,1.0
9516,Person_884,Group_1,Item_4,Threshold_5,1.0
9517,Person_889,Group_2,Item_4,Threshold_5,1.0
9518,Person_890,Group_2,Item_4,Threshold_5,0.0
9519,Person_892,Group_2,Item_4,Threshold_5,0.0
9520,Person_897,Group_1,Item_4,Threshold_5,1.0
9521,Person_899,Group_2,Item_4,Threshold_5,1.0
9522,Person_900,Group_2,Item_4,Threshold_5,1.0
9523,Person_901,Group_1,Item_4,Threshold_5,0.0
9524,Person_904,Group_2,Item_4,Threshold_5,0.0
9525,Person_905,Group_1,Item_4,Threshold_5,1.0
9526,Person_906,Group_1,Item_4,Threshold_5,0.0
9527,Person_908,Group_1,Item_4,Threshold_5,1.0
9528,Person_909,Group_1,Item_4,Threshold_5,1.0
9529,Person_911,Group_1,Item_4,Threshold_5,0.0
9530,Person_913,Group_1,Item_4,Threshold_5,0.0
9531,Person_916,Group_2,Item_4,Threshold_5,0.0
9532,Person_918,Group_1,Item_4,Threshold_5,0.0
9533,Person_919,Group_1,Item_4,Threshold_5,0.0
9534,Person_920,Group_2,Item_4,Threshold_5,1.0
9535,Person_921,Group_1,Item_4,Threshold_5,1.0
9536,Person_926,Group_2,Item_4,Threshold_5,1.0
9537,Person_927,Group_2,Item_4,Threshold_5,0.0
9538,Person_929,Group_1,Item_4,Threshold_5,0.0
9539,Person_933,Group_2,Item_4,Threshold_5,1.0
9540,Person_937,Group_1,Item_4,Threshold_5,0.0
9541,Person_938,Group_1,Item_4,Threshold_5,0.0
9542,Person_941,Group_2,Item_4,Threshold_5,1.0
9543,Person_942,Group_2,Item_4,Threshold_5,0.0
9544,Person_944,Group_2,Item_4,Threshold_5,0.0
9545,Person_946,Group_2,Item_4,Threshold_5,1.0
9546,Person_948,Group_1,Item_4,Threshold_5,1.0
9547,Person_949,Group_1,Item_4,Threshold_5,1.0
9548,Person_952,Group_2,Item_4,Threshold_5,1.0
9549,Person_960,Group_1,Item_4,Threshold_5,1.0
9550,Person_966,Group_1,Item_4,Threshold_5,0.0
9551,Person_968,Group_1,Item_4,Threshold_5,1.0
9552,Person_970,Group_1,Item_4,Threshold_5,0.0
9553,Person_971,Group_2,Item_4,Threshold_5,0.0
9554,Person_975,Group_1,Item_4,Threshold_5,1.0
9555,Person_976,Group_2,Item_4,Threshold_5,0.0
9556,Person_977,Group_1,Item_4,Threshold_5,1.0
9557,Person_979,Group_2,Item_4,Threshold_5,0.0
9558,Person_980,Group_2,Item_4,Threshold_5,1.0
9559,Person_981,Group_1,Item_4,Threshold_5,1.0
9560,Person_988,Group_1,Item_4,Threshold_5,0.0
9561,Person_989,Group_2,Item_4,Threshold_5,1.0
9562,Person_990,Group_2,Item_4,Threshold_5,0.0
9563,Person_993,Group_2,Item_4,Threshold_5,1.0
9564,Person_995,Group_2,Item_4,Threshold_5,1.0
9565,Person_996,Group_1,Item_4,Threshold_5,0.0
9566,Person_1001,Group_2,Item_4,Threshold_5,1.0
9567,Person_1003,Group_2,Item_4,Threshold_5,1.0
9568,Person_1005,Group_1,Item_4,Threshold_5,1.0
9569,Person_1010,Group_1,Item_4,Threshold_5,1.0
9570,Person_1021,Group_1,Item_4,Threshold_5,0.0
9571,Person_1023,Group_2,Item_4,Threshold_5,0.0
9572,Person_1031,Group_1,Item_4,Threshold_5,1.0
9573,Person_1032,Group_1,Item_4,Threshold_5,1.0
9574,Person_1034,Group_2,Item_4,Threshold_5,0.0
9575,Person_1035,Group_1,Item_4,Threshold_5,0.0
9576,Person_1036,Group_1,Item_4,Threshold_5,0.0
9577,Person_1038,Group_2,Item_4,Threshold_5,1.0
9578,Person_1045,Group_1,Item_4,Threshold_5,0.0
9579,Person_1048,Group_2,Item_4,Threshold_5,1.0
9580,Person_1055,Group_1,Item_4,Threshold_5,1.0
9581,Person_1056,Group_1,Item_4,Threshold_5,1.0
9582,Person_1060,Group_2,Item_4,Threshold_5,0.0
9583,Person_1065,Group_2,Item_4,Threshold_5,0.0
9584,Person_1066,Group_2,Item_4,Threshold_5,1.0
9585,Person_1068,Group_1,Item_4,Threshold_5,0.0
9586,Person_1074,Group_1,Item_4,Threshold_5,0.0
9587,Person_1078,Group_2,Item_4,Threshold_5,0.0
9588,Person_1079,Group_1,Item_4,Threshold_5,1.0
9589,Person_1082,Group_1,Item_4,Threshold_5,1.0
9590,Person_1083,Group_1,Item_4,Threshold_5,1.0
9591,Person_1084,Group_2,Item_4,Threshold_5,1.0
9592,Person_1085,Group_2,Item_4,Threshold_5,1.0
9593,Person_1086,Group_2,Item_4,Threshold_5,1.0
9594,Person_1089,Group_2,Item_4,Threshold_5,1.0
9595,Person_1094,Group_1,Item_4,Threshold_5,0.0
9596,Person_1097,Group_2,Item_4,Threshold_5,1.0
9597,Person_1100,Group_2,Item_4,Threshold_5,1.0
9598,Person_1105,Group_2,Item_4,Threshold_5,1.0
9599,Person_1106,Group_2,Item_4,Threshold_5,1.0
9600,Person_1107,Group_1,Item_4,Threshold_5,1.0
9601,Person_1108,Group_2,Item_4,Threshold_5,1.0
9602,Person_1111,Group_2,Item_4,Threshold_5,0.0
9603,Person_1115,Group_2,Item_4,Threshold_5,0.0
9604,Person_1118,Group_2,Item_4,Threshold_5,0.0
9605,Person_1126,Group_2,Item_4,Threshold_5,1.0
9606,Person_1127,Group_2,Item_4,Threshold_5,0.0
9607,Person_1128,Group_1,Item_4,Threshold_5,1.0
9608,Person_1131,Group_1,Item_4,Threshold_5,1.0
9609,Person_1134,Group_1,Item_4,Threshold_5,0.0
9610,Person_1135,Group_2,Item_4,Threshold_5,1.0
9611,Person_1137,Group_2,Item_4,Threshold_5,1.0
9612,Person_1138,Group_1,Item_4,Threshold_5,1.0
9613,Person_1140,Group_1,Item_4,Threshold_5,1.0
9614,Person_1145,Group_1,Item_4,Threshold_5,0.0
9615,Person_1148,Group_2,Item_4,Threshold_5,0.0
9616,Person_1155,Group_1,Item_4,Threshold_5,1.0
9617,Person_1156,Group_1,Item_4,Threshold_5,1.0
9618,Person_1157,Group_2,Item_4,Threshold_5,1.0
9619,Person_1159,Group_2,Item_4,Threshold_5,1.0
9620,Person_1160,Group_1,Item_4,Threshold_5,0.0
9621,Person_1162,Group_1,Item_4,Threshold_5,1.0
9622,Person_1164,Group_2,Item_4,Threshold_5,0.0
9623,Person_1167,Group_1,Item_4,Threshold_5,0.0
9624,Person_1172,Group_2,Item_4,Threshold_5,1.0
9625,Person_1174,Group_2,Item_4,Threshold_5,1.0
9626,Person_1177,Group_2,Item_4,Threshold_5,1.0
9627,Person_1181,Group_2,Item_4,Threshold_5,1.0
9628,Person_1182,Group_2,Item_4,Threshold_5,1.0
9629,Person_1185,Group_2,Item_4,Threshold_5,1.0
9630,Person_1186,Group_1,Item_4,Threshold_5,1.0
9631,Person_1187,Group_1,Item_4,Threshold_5,1.0
9632,Person_1189,Group_2,Item_4,Threshold_5,1.0
9633,Person_1190,Group_1,Item_4,Threshold_5,1.0
9634,Person_1195,Group_1,Item_4,Threshold_5,1.0
9635,Person_1201,Group_2,Item_4,Threshold_5,0.0
9636,Person_1202,Group_2,Item_4,Threshold_5,0.0
9637,Person_1208,Group_2,Item_4,Threshold_5,0.0
9638,Person_1209,Group_2,Item_4,Threshold_5,1.0
9639,Person_1210,Group_2,Item_4,Threshold_5,0.0
9640,Person_1212,Group_1,Item_4,Threshold_5,1.0
9641,Person_1218,Group_1,Item_4,Threshold_5,0.0
9642,Person_1220,Group_1,Item_4,Threshold_5,1.0
9643,Person_1221,Group_1,Item_4,Threshold_5,1.0
9644,Person_1223,Group_1,Item_4,Threshold_5,1.0
9645,Person_1224,Group_2,Item_4,Threshold_5,1.0
9646,Person_1225,Group_1,Item_4,Threshold_5,0.0
9647,Person_1231,Group_2,Item_4,Threshold_5,1.0
9648,Person_1237,Group_2,Item_4,Threshold_5,1.0
9649,Person_1238,Group_2,Item_4,Threshold_5,1.0
9650,Person_1239,Group_1,Item_4,Threshold_5,1.0
9651,Person_1242,Group_2,Item_4,Threshold_5,1.0
9652,Person_1246,Group_1,Item_4,Threshold_5,1.0
9653,Person_1251,Group_1,Item_4,Threshold_5,1.0
9654,Person_1255,Group_2,Item_4,Threshold_5,1.0
9655,Person_1257,Group_2,Item_4,Threshold_5,0.0
9656,Person_1261,Group_1,Item_4,Threshold_5,0.0
9657,Person_1265,Group_2,Item_4,Threshold_5,1.0
9658,Person_1270,Group_1,Item_4,Threshold_5,1.0
9659,Person_1273,Group_2,Item_4,Threshold_5,0.0
9660,Person_1277,Group_2,Item_4,Threshold_5,1.0
9661,Person_1283,Group_2,Item_4,Threshold_5,0.0
9662,Person_1285,Group_1,Item_4,Threshold_5,1.0
9663,Person_1286,Group_1,Item_4,Threshold_5,1.0
9664,Person_1289,Group_2,Item_4,Threshold_5,1.0
9665,Person_1291,Group_1,Item_4,Threshold_5,1.0
9666,Person_1292,Group_2,Item_4,Threshold_5,1.0
9667,Person_1297,Group_2,Item_4,Threshold_5,0.0
9668,Person_1299,Group_2,Item_4,Threshold_5,1.0
9669,Person_1305,Group_1,Item_4,Threshold_5,1.0
9670,Person_1307,Group_2,Item_4,Threshold_5,0.0
9671,Person_1310,Group_2,Item_4,Threshold_5,1.0
9672,Person_1311,Group_2,Item_4,Threshold_5,1.0
9673,Person_1312,Group_2,Item_4,Threshold_5,1.0
9674,Person_1314,Group_1,Item_4,Threshold_5,0.0
9675,Person_1319,Group_2,Item_4,Threshold_5,1.0
9676,Person_1323,Group_2,Item_4,Threshold_5,1.0
9677,Person_1324,Group_2,Item_4,Threshold_5,1.0
9678,Person_1325,Group_2,Item_4,Threshold_5,1.0
9679,Person_1326,Group_1,Item_4,Threshold_5,0.0
9680,Person_1327,Group_2,Item_4,Threshold_5,1.0
9681,Person_1329,Group_2,Item_4,Threshold_5,0.0
9682,Person_1331,Group_1,Item_4,Threshold_5,1.0
9683,Person_1332,Group_2,Item_4,Threshold_5,1.0
9684,Person_1333,Group_2,Item_4,Threshold_5,0.0
9685,Person_1334,Group_1,Item_4,Threshold_5,1.0
9686,Person_1342,Group_2,Item_4,Threshold_5,0.0
9687,Person_1344,Group_1,Item_4,Threshold_5,1.0
9688,Person_1346,Group_2,Item_4,Threshold_5,1.0
9689,Person_1347,Group_1,Item_4,Threshold_5,1.0
9690,Person_1348,Group_2,Item_4,Threshold_5,0.0
9691,Person_1349,Group_2,Item_4,Threshold_5,0.0
9692,Person_1351,Group_1,Item_4,Threshold_5,0.0
9693,Person_1355,Group_2,Item_4,Threshold_5,0.0
9694,Person_1358,Group_2,Item_4,Threshold_5,1.0
9695,Person_1360,Group_2,Item_4,Threshold_5,0.0
9696,Person_1362,Group_1,Item_4,Threshold_5,1.0
9697,Person_1373,Group_1,Item_4,Threshold_5,1.0
9698,Person_1376,Group_2,Item_4,Threshold_5,0.0
9699,Person_1377,Group_1,Item_4,Threshold_5,1.0
9700,Person_1378,Group_1,Item_4,Threshold_5,1.0
9701,Person_1379,Group_2,Item_4,Threshold_5,0.0
9702,Person_1385,Group_1,Item_4,Threshold_5,0.0
9703,Person_1386,Group_1,Item_4,Threshold_5,0.0
9704,Person_1389,Group_2,Item_4,Threshold_5,1.0
9705,Person_1395,Group_2,Item_4,Threshold_5,1.0
9706,Person_1401,Group_2,Item_4,Threshold_5,1.0
9707,Person_1405,Group_2,Item_4,Threshold_5,1.0
9708,Person_1406,Group_1,Item_4,Threshold_5,1.0
9709,Person_1409,Group_2,Item_4,Threshold_5,1.0
9710,Person_1411,Group_2,Item_4,Threshold_5,1.0
9711,Person_1415,Group_2,Item_4,Threshold_5,0.0
9712,Person_1416,Group_1,Item_4,Threshold_5,1.0
9713,Person_1417,Group_1,Item_4,Threshold_5,0.0
9714,Person_1418,Group_1,Item_4,Threshold_5,1.0
9715,Person_1419,Group_1,Item_4,Threshold_5,0.0
9716,Person_1420,Group_1,Item_4,Threshold_5,0.0
9717,Person_1421,Group_1,Item_4,Threshold_5,1.0
9718,Person_1423,Group_2,Item_4,Threshold_5,0.0
9719,Person_1426,Group_1,Item_4,Threshold_5,0.0
9720,Person_1427,Group_2,Item_4,Threshold_5,1.0
9721,Person_1431,Group_2,Item_4,Threshold_5,1.0
9722,Person_1432,Group_1,Item_4,Threshold_5,1.0
9723,Person_1441,Group_1,Item_4,Threshold_5,0.0
9724,Person_1442,Group_1,Item_4,Threshold_5,0.0
9725,Person_1445,Group_2,Item_4,Threshold_5,1.0
9726,Person_1450,Group_2,Item_4,Threshold_5,0.0
9727,Person_1451,Group_1,Item_4,Threshold_5,1.0
9728,Person_1461,Group_1,Item_4,Threshold_5,1.0
9729,Person_1463,Group_1,Item_4,Threshold_5,1.0
9730,Person_1464,Group_1,Item_4,Threshold_5,0.0
9731,Person_1466,Group_1,Item_4,Threshold_5,0.0
9732,Person_1472,Group_2,Item_4,Threshold_5,0.0
9733,Person_1478,Group_1,Item_4,Threshold_5,0.0
9734,Person_1483,Group_2,Item_4,Threshold_5,0.0
9735,Person_1484,Group_1,Item_4,Threshold_5,0.0
9736,Person_1486,Group_2,Item_4,Threshold_5,1.0
9737,Person_1491,Group_1,Item_4,Threshold_5,0.0
9738,Person_1494,Group_1,Item_4,Threshold_5,1.0
9739,Person_1499,Group_1,Item_4,Threshold_5,0.0
9740,Person_1500,Group_2,Item_4,Threshold_5,1.0
9741,Person_1502,Group_2,Item_4,Threshold_5,1.0
9742,Person_1503,Group_1,Item_4,Threshold_5,1.0
9743,Person_1505,Group_2,Item_4,Threshold_5,1.0
9744,Person_1511,Group_2,Item_4,Threshold_5,0.0
9745,Person_1514,Group_2,Item_4,Threshold_5,1.0
9746,Person_1517,Group_2,Item_4,Threshold_5,1.0
9747,Person_1519,Group_1,Item_4,Threshold_5,0.0
9748,Person_1522,Group_1,Item_4,Threshold_5,1.0
9749,Person_1523,Group_1,Item_4,Threshold_5,0.0
9750,Person_1526,Group_1,Item_4,Threshold_5,1.0
9751,Person_1536,Group_1,Item_4,Threshold_5,1.0
9752,Person_1539,Group_1,Item_4,Threshold_5,1.0
9753,Person_1540,Group_1,Item_4,Threshold_5,0.0
9754,Person_1542,Group_1,Item_4,Threshold_5,1.0
9755,Person_1543,Group_1,Item_4,Threshold_5,1.0
9756,Person_1547,Group_2,Item_4,Threshold_5,1.0
9757,Person_1550,Group_1,Item_4,Threshold_5,1.0
9758,Person_1551,Group_1,Item_4,Threshold_5,1.0
9759,Person_1552,Group_2,Item_4,Threshold_5,1.0
9760,Person_1553,Group_2,Item_4,Threshold_5,0.0
9761,Person_1555,Group_1,Item_4,Threshold_5,1.0
9762,Person_1556,Group_1,Item_4,Threshold_5,1.0
9763,Person_1560,Group_2,Item_4,Threshold_5,1.0
9764,Person_1564,Group_2,Item_4,Threshold_5,0.0
9765,Person_1565,Group_1,Item_4,Threshold_5,1.0
9766,Person_1569,Group_2,Item_4,Threshold_5,1.0
9767,Person_1571,Group_2,Item_4,Threshold_5,0.0
9768,Person_1572,Group_2,Item_4,Threshold_5,0.0
9769,Person_1573,Group_1,Item_4,Threshold_5,1.0
9770,Person_1574,Group_2,Item_4,Threshold_5,1.0
9771,Person_1577,Group_2,Item_4,Threshold_5,0.0
9772,Person_1579,Group_2,Item_4,Threshold_5,1.0
9773,Person_1582,Group_1,Item_4,Threshold_5,0.0
9774,Person_1588,Group_1,Item_4,Threshold_5,1.0
9775,Person_1592,Group_1,Item_4,Threshold_5,1.0
9776,Person_1595,Group_2,Item_4,Threshold_5,0.0
9777,Person_1598,Group_1,Item_4,Threshold_5,1.0
9778,Person_1603,Group_2,Item_4,Threshold_5,1.0
9779,Person_1604,Group_2,Item_4,Threshold_5,0.0
9780,Person_1606,Group_2,Item_4,Threshold_5,0.0
9781,Person_1610,Group_1,Item_4,Threshold_5,1.0
9782,Person_1611,Group_1,Item_4,Threshold_5,1.0
9783,Person_1612,Group_2,Item_4,Threshold_5,1.0
9784,Person_1613,Group_1,Item_4,Threshold_5,1.0
9785,Person_1617,Group_1,Item_4,Threshold_5,1.0
9786,Person_1619,Group_1,Item_4,Threshold_5,0.0
9787,Person_1623,Group_2,Item_4,Threshold_5,0.0
9788,Person_1625,Group_2,Item_4,Threshold_5,1.0
9789,Person_1628,Group_1,Item_4,Threshold_5,1.0
9790,Person_1633,Group_1,Item_4,Threshold_5,1.0
9791,Person_1634,Group_1,Item_4,Threshold_5,0.0
9792,Person_1635,Group_1,Item_4,Threshold_5,0.0
9793,Person_1636,Group_1,Item_4,Threshold_5,0.0
9794,Person_1,Group_2,Item_5,Threshold_1,0.0
9795,Person_3,Group_2,Item_5,Threshold_1,0.0
9796,Person_4,Group_2,Item_5,Threshold_1,1.0
9797,Person_7,Group_1,Item_5,Threshold_1,0.0
9798,Person_8,Group_2,Item_5,Threshold_1,0.0
9799,Person_13,Group_1,Item_5,Threshold_1,0.0
9800,Person_14,Group_2,Item_5,Threshold_1,0.0
9801,Person_15,Group_2,Item_5,Threshold_1,0.0
9802,Person_17,Group_2,Item_5,Threshold_1,0.0
9803,Person_18,Group_2,Item_5,Threshold_1,0.0
9804,Person_19,Group_1,Item_5,Threshold_1,1.0
9805,Person_26,Group_2,Item_5,Threshold_1,1.0
9806,Person_27,Group_2,Item_5,Threshold_1,0.0
9807,Person_30,Group_2,Item_5,Threshold_1,0.0
9808,Person_31,Group_1,Item_5,Threshold_1,1.0
9809,Person_33,Group_1,Item_5,Threshold_1,1.0
9810,Person_34,Group_2,Item_5,Threshold_1,1.0
9811,Person_35,Group_2,Item_5,Threshold_1,1.0
9812,Person_40,Group_2,Item_5,Threshold_1,1.0
9813,Person_41,Group_1,Item_5,Threshold_1,1.0
9814,Person_52,Group_2,Item_5,Threshold_1,0.0
9815,Person_54,Group_2,Item_5,Threshold_1,0.0
9816,Person_59,Group_2,Item_5,Threshold_1,0.0
9817,Person_64,Group_1,Item_5,Threshold_1,0.0
9818,Person_66,Group_2,Item_5,Threshold_1,1.0
9819,Person_68,Group_2,Item_5,Threshold_1,0.0
9820,Person_74,Group_2,Item_5,Threshold_1,0.0
9821,Person_81,Group_2,Item_5,Threshold_1,0.0
9822,Person_87,Group_2,Item_5,Threshold_1,0.0
9823,Person_97,Group_2,Item_5,Threshold_1,1.0
9824,Person_101,Group_2,Item_5,Threshold_1,0.0
9825,Person_104,Group_2,Item_5,Threshold_1,0.0
9826,Person_110,Group_2,Item_5,Threshold_1,0.0
9827,Person_116,Group_2,Item_5,Threshold_1,0.0
9828,Person_117,Group_2,Item_5,Threshold_1,1.0
9829,Person_126,Group_1,Item_5,Threshold_1,1.0
9830,Person_137,Group_2,Item_5,Threshold_1,1.0
9831,Person_140,Group_2,Item_5,Threshold_1,0.0
9832,Person_143,Group_2,Item_5,Threshold_1,1.0
9833,Person_146,Group_2,Item_5,Threshold_1,0.0
9834,Person_153,Group_2,Item_5,Threshold_1,0.0
9835,Person_154,Group_2,Item_5,Threshold_1,1.0
9836,Person_156,Group_1,Item_5,Threshold_1,1.0
9837,Person_157,Group_1,Item_5,Threshold_1,0.0
9838,Person_159,Group_1,Item_5,Threshold_1,0.0
9839,Person_164,Group_1,Item_5,Threshold_1,0.0
9840,Person_171,Group_2,Item_5,Threshold_1,1.0
9841,Person_179,Group_2,Item_5,Threshold_1,0.0
9842,Person_181,Group_1,Item_5,Threshold_1,0.0
9843,Person_184,Group_1,Item_5,Threshold_1,1.0
9844,Person_187,Group_1,Item_5,Threshold_1,1.0
9845,Person_188,Group_2,Item_5,Threshold_1,0.0
9846,Person_190,Group_1,Item_5,Threshold_1,0.0
9847,Person_192,Group_2,Item_5,Threshold_1,0.0
9848,Person_193,Group_2,Item_5,Threshold_1,0.0
9849,Person_194,Group_1,Item_5,Threshold_1,0.0
9850,Person_199,Group_1,Item_5,Threshold_1,0.0
9851,Person_205,Group_1,Item_5,Threshold_1,0.0
9852,Person_217,Group_2,Item_5,Threshold_1,0.0
9853,Person_218,Group_1,Item_5,Threshold_1,1.0
9854,Person_223,Group_1,Item_5,Threshold_1,1.0
9855,Person_226,Group_1,Item_5,Threshold_1,1.0
9856,Person_231,Group_1,Item_5,Threshold_1,0.0
9857,Person_232,Group_2,Item_5,Threshold_1,1.0
9858,Person_236,Group_2,Item_5,Threshold_1,1.0
9859,Person_241,Group_1,Item_5,Threshold_1,1.0
9860,Person_250,Group_2,Item_5,Threshold_1,0.0
9861,Person_251,Group_1,Item_5,Threshold_1,0.0
9862,Person_258,Group_1,Item_5,Threshold_1,0.0
9863,Person_263,Group_1,Item_5,Threshold_1,0.0
9864,Person_268,Group_1,Item_5,Threshold_1,0.0
9865,Person_271,Group_2,Item_5,Threshold_1,0.0
9866,Person_275,Group_2,Item_5,Threshold_1,0.0
9867,Person_281,Group_1,Item_5,Threshold_1,0.0
9868,Person_285,Group_2,Item_5,Threshold_1,0.0
9869,Person_293,Group_1,Item_5,Threshold_1,1.0
9870,Person_294,Group_1,Item_5,Threshold_1,0.0
9871,Person_295,Group_2,Item_5,Threshold_1,1.0
9872,Person_309,Group_2,Item_5,Threshold_1,0.0
9873,Person_312,Group_2,Item_5,Threshold_1,0.0
9874,Person_313,Group_2,Item_5,Threshold_1,0.0
9875,Person_319,Group_1,Item_5,Threshold_1,1.0
9876,Person_320,Group_2,Item_5,Threshold_1,0.0
9877,Person_321,Group_2,Item_5,Threshold_1,1.0
9878,Person_322,Group_2,Item_5,Threshold_1,0.0
9879,Person_325,Group_2,Item_5,Threshold_1,0.0
9880,Person_328,Group_2,Item_5,Threshold_1,0.0
9881,Person_333,Group_2,Item_5,Threshold_1,1.0
9882,Person_334,Group_2,Item_5,Threshold_1,0.0
9883,Person_342,Group_2,Item_5,Threshold_1,1.0
9884,Person_344,Group_1,Item_5,Threshold_1,0.0
9885,Person_348,Group_1,Item_5,Threshold_1,1.0
9886,Person_349,Group_2,Item_5,Threshold_1,0.0
9887,Person_351,Group_2,Item_5,Threshold_1,1.0
9888,Person_352,Group_1,Item_5,Threshold_1,0.0
9889,Person_356,Group_2,Item_5,Threshold_1,0.0
9890,Person_358,Group_2,Item_5,Threshold_1,0.0
9891,Person_361,Group_1,Item_5,Threshold_1,0.0
9892,Person_362,Group_2,Item_5,Threshold_1,0.0
9893,Person_367,Group_2,Item_5,Threshold_1,0.0
9894,Person_369,Group_1,Item_5,Threshold_1,1.0
9895,Person_376,Group_2,Item_5,Threshold_1,1.0
9896,Person_377,Group_2,Item_5,Threshold_1,1.0
9897,Person_378,Group_1,Item_5,Threshold_1,0.0
9898,Person_384,Group_1,Item_5,Threshold_1,1.0
9899,Person_386,Group_2,Item_5,Threshold_1,1.0
9900,Person_390,Group_1,Item_5,Threshold_1,1.0
9901,Person_392,Group_1,Item_5,Threshold_1,0.0
9902,Person_393,Group_1,Item_5,Threshold_1,0.0
9903,Person_394,Group_2,Item_5,Threshold_1,0.0
9904,Person_400,Group_1,Item_5,Threshold_1,1.0
9905,Person_401,Group_1,Item_5,Threshold_1,1.0
9906,Person_405,Group_2,Item_5,Threshold_1,0.0
9907,Person_409,Group_2,Item_5,Threshold_1,0.0
9908,Person_414,Group_1,Item_5,Threshold_1,1.0
9909,Person_415,Group_1,Item_5,Threshold_1,1.0
9910,Person_420,Group_1,Item_5,Threshold_1,0.0
9911,Person_421,Group_2,Item_5,Threshold_1,0.0
9912,Person_424,Group_1,Item_5,Threshold_1,0.0
9913,Person_430,Group_1,Item_5,Threshold_1,0.0
9914,Person_431,Group_1,Item_5,Threshold_1,0.0
9915,Person_436,Group_1,Item_5,Threshold_1,1.0
9916,Person_438,Group_2,Item_5,Threshold_1,0.0
9917,Person_446,Group_1,Item_5,Threshold_1,1.0
9918,Person_449,Group_2,Item_5,Threshold_1,0.0
9919,Person_450,Group_1,Item_5,Threshold_1,0.0
9920,Person_457,Group_2,Item_5,Threshold_1,1.0
9921,Person_458,Group_2,Item_5,Threshold_1,1.0
9922,Person_460,Group_1,Item_5,Threshold_1,0.0
9923,Person_470,Group_2,Item_5,Threshold_1,0.0
9924,Person_474,Group_2,Item_5,Threshold_1,0.0
9925,Person_475,Group_2,Item_5,Threshold_1,0.0
9926,Person_478,Group_1,Item_5,Threshold_1,0.0
9927,Person_480,Group_1,Item_5,Threshold_1,0.0
9928,Person_481,Group_2,Item_5,Threshold_1,1.0
9929,Person_488,Group_1,Item_5,Threshold_1,0.0
9930,Person_491,Group_2,Item_5,Threshold_1,1.0
9931,Person_492,Group_1,Item_5,Threshold_1,1.0
9932,Person_499,Group_1,Item_5,Threshold_1,1.0
9933,Person_500,Group_2,Item_5,Threshold_1,1.0
9934,Person_507,Group_2,Item_5,Threshold_1,0.0
9935,Person_508,Group_1,Item_5,Threshold_1,0.0
9936,Person_509,Group_2,Item_5,Threshold_1,1.0
9937,Person_514,Group_1,Item_5,Threshold_1,0.0
9938,Person_516,Group_2,Item_5,Threshold_1,0.0
9939,Person_517,Group_1,Item_5,Threshold_1,0.0
9940,Person_529,Group_2,Item_5,Threshold_1,1.0
9941,Person_533,Group_1,Item_5,Threshold_1,0.0
9942,Person_538,Group_2,Item_5,Threshold_1,1.0
9943,Person_548,Group_2,Item_5,Threshold_1,0.0
9944,Person_552,Group_2,Item_5,Threshold_1,0.0
9945,Person_553,Group_2,Item_5,Threshold_1,0.0
9946,Person_560,Group_2,Item_5,Threshold_1,0.0
9947,Person_562,Group_1,Item_5,Threshold_1,0.0
9948,Person_564,Group_1,Item_5,Threshold_1,0.0
9949,Person_566,Group_2,Item_5,Threshold_1,1.0
9950,Person_568,Group_1,Item_5,Threshold_1,0.0
9951,Person_569,Group_1,Item_5,Threshold_1,0.0
9952,Person_571,Group_1,Item_5,Threshold_1,1.0
9953,Person_578,Group_1,Item_5,Threshold_1,1.0
9954,Person_579,Group_1,Item_5,Threshold_1,0.0
9955,Person_581,Group_2,Item_5,Threshold_1,0.0
9956,Person_582,Group_1,Item_5,Threshold_1,0.0
9957,Person_583,Group_1,Item_5,Threshold_1,0.0
9958,Person_584,Group_2,Item_5,Threshold_1,1.0
9959,Person_587,Group_2,Item_5,Threshold_1,0.0
9960,Person_597,Group_2,Item_5,Threshold_1,1.0
9961,Person_598,Group_2,Item_5,Threshold_1,0.0
9962,Person_603,Group_2,Item_5,Threshold_1,1.0
9963,Person_606,Group_1,Item_5,Threshold_1,1.0
9964,Person_607,Group_1,Item_5,Threshold_1,1.0
9965,Person_608,Group_1,Item_5,Threshold_1,1.0
9966,Person_609,Group_2,Item_5,Threshold_1,0.0
9967,Person_610,Group_1,Item_5,Threshold_1,1.0
9968,Person_618,Group_2,Item_5,Threshold_1,0.0
9969,Person_620,Group_1,Item_5,Threshold_1,1.0
9970,Person_626,Group_2,Item_5,Threshold_1,0.0
9971,Person_627,Group_1,Item_5,Threshold_1,1.0
9972,Person_630,Group_2,Item_5,Threshold_1,0.0
9973,Person_634,Group_2,Item_5,Threshold_1,0.0
9974,Person_638,Group_1,Item_5,Threshold_1,1.0
9975,Person_642,Group_1,Item_5,Threshold_1,1.0
9976,Person_647,Group_1,Item_5,Threshold_1,1.0
9977,Person_656,Group_1,Item_5,Threshold_1,0.0
9978,Person_657,Group_2,Item_5,Threshold_1,0.0
9979,Person_661,Group_1,Item_5,Threshold_1,1.0
9980,Person_663,Group_1,Item_5,Threshold_1,1.0
9981,Person_666,Group_1,Item_5,Threshold_1,0.0
9982,Person_672,Group_1,Item_5,Threshold_1,1.0
9983,Person_673,Group_2,Item_5,Threshold_1,0.0
9984,Person_675,Group_2,Item_5,Threshold_1,1.0
9985,Person_677,Group_1,Item_5,Threshold_1,0.0
9986,Person_679,Group_2,Item_5,Threshold_1,1.0
9987,Person_680,Group_1,Item_5,Threshold_1,1.0
9988,Person_681,Group_2,Item_5,Threshold_1,1.0
9989,Person_682,Group_2,Item_5,Threshold_1,1.0
9990,Person_685,Group_1,Item_5,Threshold_1,1.0
9991,Person_696,Group_1,Item_5,Threshold_1,0.0
9992,Person_699,Group_2,Item_5,Threshold_1,0.0
9993,Person_701,Group_1,Item_5,Threshold_1,0.0
9994,Person_702,Group_2,Item_5,Threshold_1,0.0
9995,Person_706,Group_2,Item_5,Threshold_1,0.0
9996,Person_712,Group_1,Item_5,Threshold_1,0.0
9997,Person_714,Group_1,Item_5,Threshold_1,0.0
9998,Person_715,Group_1,Item_5,Threshold_1,0.0
9999,Person_716,Group_1,Item_5,Threshold_1,0.0
10000,Person_717,Group_1,Item_5,Threshold_1,0.0
10001,Person_720,Group_2,Item_5,Threshold_1,1.0
10002,Person_721,Group_1,Item_5,Threshold_1,0.0
10003,Person_728,Group_1,Item_5,Threshold_1,1.0
10004,Person_729,Group_2,Item_5,Threshold_1,0.0
10005,Person_730,Group_1,Item_5,Threshold_1,0.0
10006,Person_732,Group_2,Item_5,Threshold_1,1.0
10007,Person_749,Group_1,Item_5,Threshold_1,1.0
10008,Person_750,Group_2,Item_5,Threshold_1,0.0
10009,Person_752,Group_2,Item_5,Threshold_1,1.0
10010,Person_753,Group_1,Item_5,Threshold_1,0.0
10011,Person_754,Group_1,Item_5,Threshold_1,1.0
10012,Person_755,Group_2,Item_5,Threshold_1,0.0
10013,Person_756,Group_2,Item_5,Threshold_1,0.0
10014,Person_758,Group_2,Item_5,Threshold_1,1.0
10015,Person_760,Group_1,Item_5,Threshold_1,0.0
10016,Person_766,Group_1,Item_5,Threshold_1,0.0
10017,Person_767,Group_1,Item_5,Threshold_1,0.0
10018,Person_774,Group_1,Item_5,Threshold_1,0.0
10019,Person_780,Group_1,Item_5,Threshold_1,0.0
10020,Person_783,Group_1,Item_5,Threshold_1,0.0
10021,Person_787,Group_2,Item_5,Threshold_1,0.0
10022,Person_788,Group_2,Item_5,Threshold_1,1.0
10023,Person_789,Group_2,Item_5,Threshold_1,0.0
10024,Person_790,Group_2,Item_5,Threshold_1,0.0
10025,Person_794,Group_1,Item_5,Threshold_1,0.0
10026,Person_803,Group_2,Item_5,Threshold_1,1.0
10027,Person_808,Group_1,Item_5,Threshold_1,0.0
10028,Person_810,Group_1,Item_5,Threshold_1,0.0
10029,Person_812,Group_2,Item_5,Threshold_1,0.0
10030,Person_816,Group_1,Item_5,Threshold_1,0.0
10031,Person_819,Group_1,Item_5,Threshold_1,0.0
10032,Person_826,Group_2,Item_5,Threshold_1,0.0
10033,Person_827,Group_1,Item_5,Threshold_1,1.0
10034,Person_829,Group_2,Item_5,Threshold_1,1.0
10035,Person_832,Group_1,Item_5,Threshold_1,0.0
10036,Person_837,Group_1,Item_5,Threshold_1,1.0
10037,Person_839,Group_1,Item_5,Threshold_1,1.0
10038,Person_842,Group_2,Item_5,Threshold_1,1.0
10039,Person_846,Group_2,Item_5,Threshold_1,0.0
10040,Person_856,Group_1,Item_5,Threshold_1,0.0
10041,Person_857,Group_1,Item_5,Threshold_1,1.0
10042,Person_859,Group_1,Item_5,Threshold_1,1.0
10043,Person_862,Group_2,Item_5,Threshold_1,0.0
10044,Person_865,Group_2,Item_5,Threshold_1,0.0
10045,Person_867,Group_2,Item_5,Threshold_1,0.0
10046,Person_868,Group_2,Item_5,Threshold_1,1.0
10047,Person_873,Group_1,Item_5,Threshold_1,1.0
10048,Person_875,Group_1,Item_5,Threshold_1,0.0
10049,Person_880,Group_2,Item_5,Threshold_1,1.0
10050,Person_883,Group_2,Item_5,Threshold_1,1.0
10051,Person_885,Group_2,Item_5,Threshold_1,0.0
10052,Person_886,Group_2,Item_5,Threshold_1,0.0
10053,Person_888,Group_2,Item_5,Threshold_1,1.0
10054,Person_891,Group_1,Item_5,Threshold_1,0.0
10055,Person_893,Group_1,Item_5,Threshold_1,0.0
10056,Person_896,Group_2,Item_5,Threshold_1,1.0
10057,Person_902,Group_2,Item_5,Threshold_1,0.0
10058,Person_903,Group_1,Item_5,Threshold_1,1.0
10059,Person_907,Group_2,Item_5,Threshold_1,0.0
10060,Person_912,Group_2,Item_5,Threshold_1,0.0
10061,Person_914,Group_2,Item_5,Threshold_1,0.0
10062,Person_915,Group_1,Item_5,Threshold_1,1.0
10063,Person_917,Group_1,Item_5,Threshold_1,0.0
10064,Person_923,Group_2,Item_5,Threshold_1,0.0
10065,Person_924,Group_2,Item_5,Threshold_1,1.0
10066,Person_925,Group_2,Item_5,Threshold_1,0.0
10067,Person_932,Group_2,Item_5,Threshold_1,0.0
10068,Person_934,Group_1,Item_5,Threshold_1,1.0
10069,Person_935,Group_2,Item_5,Threshold_1,1.0
10070,Person_940,Group_2,Item_5,Threshold_1,0.0
10071,Person_947,Group_1,Item_5,Threshold_1,0.0
10072,Person_950,Group_2,Item_5,Threshold_1,0.0
10073,Person_951,Group_1,Item_5,Threshold_1,0.0
10074,Person_953,Group_2,Item_5,Threshold_1,1.0
10075,Person_956,Group_1,Item_5,Threshold_1,0.0
10076,Person_959,Group_1,Item_5,Threshold_1,1.0
10077,Person_961,Group_1,Item_5,Threshold_1,0.0
10078,Person_967,Group_2,Item_5,Threshold_1,0.0
10079,Person_969,Group_1,Item_5,Threshold_1,0.0
10080,Person_973,Group_1,Item_5,Threshold_1,0.0
10081,Person_974,Group_2,Item_5,Threshold_1,0.0
10082,Person_986,Group_1,Item_5,Threshold_1,1.0
10083,Person_991,Group_1,Item_5,Threshold_1,1.0
10084,Person_992,Group_2,Item_5,Threshold_1,1.0
10085,Person_1002,Group_1,Item_5,Threshold_1,1.0
10086,Person_1007,Group_2,Item_5,Threshold_1,0.0
10087,Person_1011,Group_1,Item_5,Threshold_1,0.0
10088,Person_1012,Group_2,Item_5,Threshold_1,0.0
10089,Person_1015,Group_2,Item_5,Threshold_1,0.0
10090,Person_1016,Group_1,Item_5,Threshold_1,1.0
10091,Person_1018,Group_2,Item_5,Threshold_1,0.0
10092,Person_1019,Group_1,Item_5,Threshold_1,0.0
10093,Person_1022,Group_2,Item_5,Threshold_1,0.0
10094,Person_1024,Group_2,Item_5,Threshold_1,0.0
10095,Person_1025,Group_2,Item_5,Threshold_1,1.0
10096,Person_1027,Group_2,Item_5,Threshold_1,0.0
10097,Person_1029,Group_2,Item_5,Threshold_1,0.0
10098,Person_1033,Group_2,Item_5,Threshold_1,0.0
10099,Person_1040,Group_2,Item_5,Threshold_1,0.0
10100,Person_1042,Group_1,Item_5,Threshold_1,0.0
10101,Person_1043,Group_1,Item_5,Threshold_1,0.0
10102,Person_1044,Group_2,Item_5,Threshold_1,0.0
10103,Person_1052,Group_2,Item_5,Threshold_1,0.0
10104,Person_1057,Group_2,Item_5,Threshold_1,1.0
10105,Person_1062,Group_1,Item_5,Threshold_1,0.0
10106,Person_1064,Group_2,Item_5,Threshold_1,1.0
10107,Person_1067,Group_2,Item_5,Threshold_1,0.0
10108,Person_1072,Group_1,Item_5,Threshold_1,0.0
10109,Person_1073,Group_2,Item_5,Threshold_1,0.0
10110,Person_1076,Group_2,Item_5,Threshold_1,0.0
10111,Person_1077,Group_1,Item_5,Threshold_1,1.0
10112,Person_1080,Group_2,Item_5,Threshold_1,1.0
10113,Person_1081,Group_2,Item_5,Threshold_1,1.0
10114,Person_1087,Group_2,Item_5,Threshold_1,0.0
10115,Person_1091,Group_2,Item_5,Threshold_1,0.0
10116,Person_1096,Group_2,Item_5,Threshold_1,0.0
10117,Person_1098,Group_2,Item_5,Threshold_1,0.0
10118,Person_1101,Group_2,Item_5,Threshold_1,1.0
10119,Person_1112,Group_2,Item_5,Threshold_1,0.0
10120,Person_1113,Group_1,Item_5,Threshold_1,1.0
10121,Person_1114,Group_1,Item_5,Threshold_1,1.0
10122,Person_1115,Group_2,Item_5,Threshold_1,0.0
10123,Person_1116,Group_1,Item_5,Threshold_1,0.0
10124,Person_1121,Group_1,Item_5,Threshold_1,1.0
10125,Person_1122,Group_2,Item_5,Threshold_1,1.0
10126,Person_1130,Group_1,Item_5,Threshold_1,0.0
10127,Person_1132,Group_2,Item_5,Threshold_1,0.0
10128,Person_1136,Group_1,Item_5,Threshold_1,0.0
10129,Person_1139,Group_1,Item_5,Threshold_1,0.0
10130,Person_1141,Group_2,Item_5,Threshold_1,0.0
10131,Person_1142,Group_1,Item_5,Threshold_1,1.0
10132,Person_1143,Group_2,Item_5,Threshold_1,1.0
10133,Person_1144,Group_2,Item_5,Threshold_1,1.0
10134,Person_1149,Group_1,Item_5,Threshold_1,0.0
10135,Person_1150,Group_2,Item_5,Threshold_1,1.0
10136,Person_1153,Group_1,Item_5,Threshold_1,0.0
10137,Person_1154,Group_2,Item_5,Threshold_1,1.0
10138,Person_1158,Group_2,Item_5,Threshold_1,1.0
10139,Person_1163,Group_2,Item_5,Threshold_1,1.0
10140,Person_1165,Group_1,Item_5,Threshold_1,1.0
10141,Person_1169,Group_2,Item_5,Threshold_1,0.0
10142,Person_1171,Group_2,Item_5,Threshold_1,1.0
10143,Person_1173,Group_2,Item_5,Threshold_1,0.0
10144,Person_1176,Group_2,Item_5,Threshold_1,1.0
10145,Person_1180,Group_1,Item_5,Threshold_1,0.0
10146,Person_1188,Group_1,Item_5,Threshold_1,1.0
10147,Person_1192,Group_1,Item_5,Threshold_1,0.0
10148,Person_1193,Group_2,Item_5,Threshold_1,1.0
10149,Person_1200,Group_2,Item_5,Threshold_1,1.0
10150,Person_1207,Group_2,Item_5,Threshold_1,0.0
10151,Person_1215,Group_2,Item_5,Threshold_1,1.0
10152,Person_1219,Group_2,Item_5,Threshold_1,1.0
10153,Person_1228,Group_2,Item_5,Threshold_1,0.0
10154,Person_1232,Group_2,Item_5,Threshold_1,0.0
10155,Person_1234,Group_1,Item_5,Threshold_1,1.0
10156,Person_1235,Group_2,Item_5,Threshold_1,1.0
10157,Person_1241,Group_1,Item_5,Threshold_1,0.0
10158,Person_1243,Group_2,Item_5,Threshold_1,1.0
10159,Person_1247,Group_2,Item_5,Threshold_1,1.0
10160,Person_1254,Group_1,Item_5,Threshold_1,0.0
10161,Person_1258,Group_1,Item_5,Threshold_1,0.0
10162,Person_1259,Group_1,Item_5,Threshold_1,0.0
10163,Person_1260,Group_2,Item_5,Threshold_1,0.0
10164,Person_1261,Group_2,Item_5,Threshold_1,1.0
10165,Person_1262,Group_2,Item_5,Threshold_1,0.0
10166,Person_1263,Group_1,Item_5,Threshold_1,0.0
10167,Person_1267,Group_2,Item_5,Threshold_1,1.0
10168,Person_1268,Group_1,Item_5,Threshold_1,1.0
10169,Person_1269,Group_2,Item_5,Threshold_1,0.0
10170,Person_1274,Group_1,Item_5,Threshold_1,1.0
10171,Person_1275,Group_2,Item_5,Threshold_1,1.0
10172,Person_1278,Group_1,Item_5,Threshold_1,1.0
10173,Person_1279,Group_2,Item_5,Threshold_1,1.0
10174,Person_1280,Group_1,Item_5,Threshold_1,1.0
10175,Person_1281,Group_1,Item_5,Threshold_1,0.0
10176,Person_1284,Group_1,Item_5,Threshold_1,0.0
10177,Person_1295,Group_1,Item_5,Threshold_1,0.0
10178,Person_1300,Group_2,Item_5,Threshold_1,1.0
10179,Person_1301,Group_2,Item_5,Threshold_1,1.0
10180,Person_1303,Group_2,Item_5,Threshold_1,0.0
10181,Person_1304,Group_2,Item_5,Threshold_1,1.0
10182,Person_1306,Group_2,Item_5,Threshold_1,0.0
10183,Person_1313,Group_2,Item_5,Threshold_1,0.0
10184,Person_1320,Group_2,Item_5,Threshold_1,0.0
10185,Person_1321,Group_1,Item_5,Threshold_1,1.0
10186,Person_1335,Group_2,Item_5,Threshold_1,0.0
10187,Person_1338,Group_2,Item_5,Threshold_1,0.0
10188,Person_1339,Group_2,Item_5,Threshold_1,0.0
10189,Person_1341,Group_1,Item_5,Threshold_1,0.0
10190,Person_1345,Group_1,Item_5,Threshold_1,0.0
10191,Person_1350,Group_1,Item_5,Threshold_1,0.0
10192,Person_1356,Group_1,Item_5,Threshold_1,0.0
10193,Person_1357,Group_1,Item_5,Threshold_1,0.0
10194,Person_1359,Group_1,Item_5,Threshold_1,1.0
10195,Person_1365,Group_2,Item_5,Threshold_1,1.0
10196,Person_1366,Group_1,Item_5,Threshold_1,0.0
10197,Person_1367,Group_1,Item_5,Threshold_1,0.0
10198,Person_1368,Group_1,Item_5,Threshold_1,1.0
10199,Person_1369,Group_1,Item_5,Threshold_1,0.0
10200,Person_1370,Group_2,Item_5,Threshold_1,0.0
10201,Person_1371,Group_2,Item_5,Threshold_1,0.0
10202,Person_1374,Group_1,Item_5,Threshold_1,0.0
10203,Person_1382,Group_2,Item_5,Threshold_1,1.0
10204,Person_1383,Group_2,Item_5,Threshold_1,1.0
10205,Person_1387,Group_2,Item_5,Threshold_1,0.0
10206,Person_1392,Group_2,Item_5,Threshold_1,0.0
10207,Person_1393,Group_2,Item_5,Threshold_1,1.0
10208,Person_1394,Group_2,Item_5,Threshold_1,1.0
10209,Person_1396,Group_1,Item_5,Threshold_1,0.0
10210,Person_1398,Group_1,Item_5,Threshold_1,0.0
10211,Person_1402,Group_2,Item_5,Threshold_1,1.0
10212,Person_1403,Group_2,Item_5,Threshold_1,0.0
10213,Person_1404,Group_2,Item_5,Threshold_1,0.0
10214,Person_1408,Group_2,Item_5,Threshold_1,0.0
10215,Person_1410,Group_2,Item_5,Threshold_1,1.0
10216,Person_1422,Group_1,Item_5,Threshold_1,1.0
10217,Person_1424,Group_1,Item_5,Threshold_1,0.0
10218,Person_1429,Group_2,Item_5,Threshold_1,0.0
10219,Person_1430,Group_2,Item_5,Threshold_1,0.0
10220,Person_1433,Group_2,Item_5,Threshold_1,1.0
10221,Person_1434,Group_2,Item_5,Threshold_1,0.0
10222,Person_1437,Group_1,Item_5,Threshold_1,1.0
10223,Person_1438,Group_2,Item_5,Threshold_1,0.0
10224,Person_1439,Group_2,Item_5,Threshold_1,0.0
10225,Person_1440,Group_1,Item_5,Threshold_1,1.0
10226,Person_1443,Group_2,Item_5,Threshold_1,1.0
10227,Person_1444,Group_1,Item_5,Threshold_1,0.0
10228,Person_1447,Group_1,Item_5,Threshold_1,0.0
10229,Person_1448,Group_1,Item_5,Threshold_1,1.0
10230,Person_1449,Group_1,Item_5,Threshold_1,0.0
10231,Person_1454,Group_1,Item_5,Threshold_1,0.0
10232,Person_1456,Group_1,Item_5,Threshold_1,1.0
10233,Person_1457,Group_2,Item_5,Threshold_1,0.0
10234,Person_1459,Group_2,Item_5,Threshold_1,0.0
10235,Person_1465,Group_2,Item_5,Threshold_1,0.0
10236,Person_1467,Group_2,Item_5,Threshold_1,1.0
10237,Person_1469,Group_1,Item_5,Threshold_1,1.0
10238,Person_1470,Group_1,Item_5,Threshold_1,0.0
10239,Person_1471,Group_1,Item_5,Threshold_1,0.0
10240,Person_1474,Group_2,Item_5,Threshold_1,1.0
10241,Person_1476,Group_2,Item_5,Threshold_1,0.0
10242,Person_1477,Group_2,Item_5,Threshold_1,1.0
10243,Person_1487,Group_2,Item_5,Threshold_1,1.0
10244,Person_1488,Group_1,Item_5,Threshold_1,1.0
10245,Person_1489,Group_1,Item_5,Threshold_1,1.0
10246,Person_1495,Group_1,Item_5,Threshold_1,1.0
10247,Person_1497,Group_1,Item_5,Threshold_1,0.0
10248,Person_1501,Group_2,Item_5,Threshold_1,1.0
10249,Person_1507,Group_2,Item_5,Threshold_1,0.0
10250,Person_1508,Group_2,Item_5,Threshold_1,0.0
10251,Person_1509,Group_2,Item_5,Threshold_1,0.0
10252,Person_1513,Group_2,Item_5,Threshold_1,0.0
10253,Person_1515,Group_2,Item_5,Threshold_1,0.0
10254,Person_1518,Group_1,Item_5,Threshold_1,1.0
10255,Person_1527,Group_1,Item_5,Threshold_1,1.0
10256,Person_1529,Group_1,Item_5,Threshold_1,0.0
10257,Person_1530,Group_1,Item_5,Threshold_1,1.0
10258,Person_1531,Group_2,Item_5,Threshold_1,0.0
10259,Person_1532,Group_2,Item_5,Threshold_1,1.0
10260,Person_1534,Group_1,Item_5,Threshold_1,0.0
10261,Person_1535,Group_2,Item_5,Threshold_1,0.0
10262,Person_1537,Group_2,Item_5,Threshold_1,0.0
10263,Person_1538,Group_1,Item_5,Threshold_1,1.0
10264,Person_1546,Group_2,Item_5,Threshold_1,0.0
10265,Person_1548,Group_2,Item_5,Threshold_1,0.0
10266,Person_1557,Group_2,Item_5,Threshold_1,0.0
10267,Person_1558,Group_2,Item_5,Threshold_1,0.0
10268,Person_1561,Group_2,Item_5,Threshold_1,0.0
10269,Person_1562,Group_1,Item_5,Threshold_1,1.0
10270,Person_1563,Group_1,Item_5,Threshold_1,0.0
10271,Person_1566,Group_2,Item_5,Threshold_1,1.0
10272,Person_1570,Group_1,Item_5,Threshold_1,1.0
10273,Person_1575,Group_2,Item_5,Threshold_1,0.0
10274,Person_1576,Group_2,Item_5,Threshold_1,1.0
10275,Person_1578,Group_1,Item_5,Threshold_1,0.0
10276,Person_1581,Group_2,Item_5,Threshold_1,0.0
10277,Person_1587,Group_1,Item_5,Threshold_1,0.0
10278,Person_1589,Group_2,Item_5,Threshold_1,0.0
10279,Person_1590,Group_1,Item_5,Threshold_1,1.0
10280,Person_1593,Group_2,Item_5,Threshold_1,0.0
10281,Person_1596,Group_2,Item_5,Threshold_1,0.0
10282,Person_1599,Group_1,Item_5,Threshold_1,0.0
10283,Person_1600,Group_1,Item_5,Threshold_1,1.0
10284,Person_1602,Group_2,Item_5,Threshold_1,0.0
10285,Person_1605,Group_1,Item_5,Threshold_1,0.0
10286,Person_1608,Group_2,Item_5,Threshold_1,0.0
10287,Person_1609,Group_1,Item_5,Threshold_1,0.0
10288,Person_1615,Group_1,Item_5,Threshold_1,0.0
10289,Person_1616,Group_1,Item_5,Threshold_1,0.0
10290,Person_1618,Group_2,Item_5,Threshold_1,0.0
10291,Person_1620,Group_2,Item_5,Threshold_1,1.0
10292,Person_1621,Group_2,Item_5,Threshold_1,0.0
10293,Person_1622,Group_2,Item_5,Threshold_1,0.0
10294,Person_1626,Group_2,Item_5,Threshold_1,0.0
10295,Person_1629,Group_2,Item_5,Threshold_1,0.0
10296,Person_1631,Group_2,Item_5,Threshold_1,0.0
10297,Person_4,Group_1,Item_5,Threshold_2,0.0
10298,Person_19,Group_2,Item_5,Threshold_2,0.0
10299,Person_26,Group_2,Item_5,Threshold_2,0.0
10300,Person_31,Group_1,Item_5,Threshold_2,0.0
10301,Person_33,Group_1,Item_5,Threshold_2,0.0
10302,Person_34,Group_2,Item_5,Threshold_2,0.0
10303,Person_35,Group_1,Item_5,Threshold_2,0.0
10304,Person_36,Group_2,Item_5,Threshold_2,1.0
10305,Person_39,Group_1,Item_5,Threshold_2,1.0
10306,Person_40,Group_2,Item_5,Threshold_2,0.0
10307,Person_41,Group_2,Item_5,Threshold_2,0.0
10308,Person_44,Group_2,Item_5,Threshold_2,1.0
10309,Person_49,Group_2,Item_5,Threshold_2,1.0
10310,Person_62,Group_1,Item_5,Threshold_2,1.0
10311,Person_66,Group_1,Item_5,Threshold_2,0.0
10312,Person_71,Group_2,Item_5,Threshold_2,1.0
10313,Person_82,Group_1,Item_5,Threshold_2,1.0
10314,Person_93,Group_2,Item_5,Threshold_2,1.0
10315,Person_94,Group_1,Item_5,Threshold_2,1.0
10316,Person_97,Group_1,Item_5,Threshold_2,0.0
10317,Person_107,Group_1,Item_5,Threshold_2,1.0
10318,Person_108,Group_1,Item_5,Threshold_2,1.0
10319,Person_109,Group_1,Item_5,Threshold_2,1.0
10320,Person_112,Group_1,Item_5,Threshold_2,1.0
10321,Person_113,Group_1,Item_5,Threshold_2,1.0
10322,Person_117,Group_2,Item_5,Threshold_2,0.0
10323,Person_121,Group_2,Item_5,Threshold_2,1.0
10324,Person_122,Group_2,Item_5,Threshold_2,1.0
10325,Person_126,Group_2,Item_5,Threshold_2,0.0
10326,Person_127,Group_1,Item_5,Threshold_2,1.0
10327,Person_130,Group_1,Item_5,Threshold_2,1.0
10328,Person_131,Group_1,Item_5,Threshold_2,1.0
10329,Person_137,Group_2,Item_5,Threshold_2,0.0
10330,Person_143,Group_1,Item_5,Threshold_2,0.0
10331,Person_154,Group_1,Item_5,Threshold_2,0.0
10332,Person_156,Group_1,Item_5,Threshold_2,0.0
10333,Person_161,Group_1,Item_5,Threshold_2,1.0
10334,Person_163,Group_1,Item_5,Threshold_2,1.0
10335,Person_170,Group_1,Item_5,Threshold_2,1.0
10336,Person_171,Group_2,Item_5,Threshold_2,0.0
10337,Person_172,Group_2,Item_5,Threshold_2,1.0
10338,Person_177,Group_2,Item_5,Threshold_2,1.0
10339,Person_178,Group_1,Item_5,Threshold_2,1.0
10340,Person_182,Group_2,Item_5,Threshold_2,1.0
10341,Person_184,Group_1,Item_5,Threshold_2,0.0
10342,Person_185,Group_2,Item_5,Threshold_2,1.0
10343,Person_187,Group_1,Item_5,Threshold_2,0.0
10344,Person_189,Group_1,Item_5,Threshold_2,1.0
10345,Person_191,Group_2,Item_5,Threshold_2,1.0
10346,Person_202,Group_2,Item_5,Threshold_2,1.0
10347,Person_218,Group_1,Item_5,Threshold_2,0.0
10348,Person_223,Group_1,Item_5,Threshold_2,0.0
10349,Person_225,Group_2,Item_5,Threshold_2,1.0
10350,Person_226,Group_1,Item_5,Threshold_2,0.0
10351,Person_229,Group_2,Item_5,Threshold_2,1.0
10352,Person_230,Group_1,Item_5,Threshold_2,1.0
10353,Person_232,Group_1,Item_5,Threshold_2,0.0
10354,Person_233,Group_2,Item_5,Threshold_2,1.0
10355,Person_236,Group_1,Item_5,Threshold_2,0.0
10356,Person_237,Group_1,Item_5,Threshold_2,1.0
10357,Person_241,Group_1,Item_5,Threshold_2,0.0
10358,Person_245,Group_1,Item_5,Threshold_2,1.0
10359,Person_262,Group_1,Item_5,Threshold_2,1.0
10360,Person_272,Group_1,Item_5,Threshold_2,1.0
10361,Person_280,Group_1,Item_5,Threshold_2,1.0
10362,Person_283,Group_1,Item_5,Threshold_2,1.0
10363,Person_288,Group_1,Item_5,Threshold_2,1.0
10364,Person_293,Group_2,Item_5,Threshold_2,0.0
10365,Person_295,Group_2,Item_5,Threshold_2,0.0
10366,Person_307,Group_1,Item_5,Threshold_2,1.0
10367,Person_316,Group_1,Item_5,Threshold_2,1.0
10368,Person_318,Group_2,Item_5,Threshold_2,1.0
10369,Person_319,Group_2,Item_5,Threshold_2,0.0
10370,Person_321,Group_2,Item_5,Threshold_2,0.0
10371,Person_323,Group_2,Item_5,Threshold_2,1.0
10372,Person_326,Group_1,Item_5,Threshold_2,1.0
10373,Person_329,Group_2,Item_5,Threshold_2,1.0
10374,Person_331,Group_1,Item_5,Threshold_2,1.0
10375,Person_333,Group_2,Item_5,Threshold_2,0.0
10376,Person_342,Group_2,Item_5,Threshold_2,0.0
10377,Person_348,Group_1,Item_5,Threshold_2,0.0
10378,Person_350,Group_1,Item_5,Threshold_2,1.0
10379,Person_351,Group_2,Item_5,Threshold_2,0.0
10380,Person_369,Group_1,Item_5,Threshold_2,0.0
10381,Person_372,Group_2,Item_5,Threshold_2,1.0
10382,Person_374,Group_1,Item_5,Threshold_2,1.0
10383,Person_376,Group_1,Item_5,Threshold_2,0.0
10384,Person_377,Group_1,Item_5,Threshold_2,0.0
10385,Person_383,Group_2,Item_5,Threshold_2,1.0
10386,Person_384,Group_1,Item_5,Threshold_2,0.0
10387,Person_386,Group_1,Item_5,Threshold_2,0.0
10388,Person_388,Group_2,Item_5,Threshold_2,1.0
10389,Person_390,Group_2,Item_5,Threshold_2,0.0
10390,Person_391,Group_2,Item_5,Threshold_2,1.0
10391,Person_395,Group_2,Item_5,Threshold_2,1.0
10392,Person_400,Group_1,Item_5,Threshold_2,0.0
10393,Person_401,Group_1,Item_5,Threshold_2,0.0
10394,Person_402,Group_2,Item_5,Threshold_2,1.0
10395,Person_412,Group_1,Item_5,Threshold_2,1.0
10396,Person_414,Group_2,Item_5,Threshold_2,0.0
10397,Person_415,Group_2,Item_5,Threshold_2,0.0
10398,Person_425,Group_1,Item_5,Threshold_2,1.0
10399,Person_426,Group_1,Item_5,Threshold_2,1.0
10400,Person_436,Group_1,Item_5,Threshold_2,0.0
10401,Person_444,Group_2,Item_5,Threshold_2,1.0
10402,Person_446,Group_1,Item_5,Threshold_2,0.0
10403,Person_453,Group_2,Item_5,Threshold_2,1.0
10404,Person_457,Group_2,Item_5,Threshold_2,0.0
10405,Person_458,Group_1,Item_5,Threshold_2,0.0
10406,Person_466,Group_2,Item_5,Threshold_2,1.0
10407,Person_467,Group_2,Item_5,Threshold_2,1.0
10408,Person_468,Group_1,Item_5,Threshold_2,1.0
10409,Person_473,Group_1,Item_5,Threshold_2,1.0
10410,Person_481,Group_1,Item_5,Threshold_2,0.0
10411,Person_491,Group_1,Item_5,Threshold_2,0.0
10412,Person_492,Group_2,Item_5,Threshold_2,0.0
10413,Person_494,Group_1,Item_5,Threshold_2,1.0
10414,Person_499,Group_2,Item_5,Threshold_2,0.0
10415,Person_500,Group_1,Item_5,Threshold_2,0.0
10416,Person_501,Group_1,Item_5,Threshold_2,1.0
10417,Person_509,Group_2,Item_5,Threshold_2,0.0
10418,Person_522,Group_1,Item_5,Threshold_2,1.0
10419,Person_525,Group_2,Item_5,Threshold_2,1.0
10420,Person_528,Group_2,Item_5,Threshold_2,1.0
10421,Person_529,Group_1,Item_5,Threshold_2,0.0
10422,Person_538,Group_2,Item_5,Threshold_2,0.0
10423,Person_540,Group_2,Item_5,Threshold_2,1.0
10424,Person_543,Group_2,Item_5,Threshold_2,1.0
10425,Person_550,Group_2,Item_5,Threshold_2,1.0
10426,Person_551,Group_1,Item_5,Threshold_2,1.0
10427,Person_554,Group_1,Item_5,Threshold_2,1.0
10428,Person_566,Group_1,Item_5,Threshold_2,0.0
10429,Person_571,Group_1,Item_5,Threshold_2,0.0
10430,Person_572,Group_1,Item_5,Threshold_2,1.0
10431,Person_578,Group_1,Item_5,Threshold_2,0.0
10432,Person_584,Group_2,Item_5,Threshold_2,0.0
10433,Person_594,Group_1,Item_5,Threshold_2,1.0
10434,Person_597,Group_1,Item_5,Threshold_2,0.0
10435,Person_603,Group_2,Item_5,Threshold_2,0.0
10436,Person_605,Group_1,Item_5,Threshold_2,1.0
10437,Person_606,Group_2,Item_5,Threshold_2,0.0
10438,Person_607,Group_1,Item_5,Threshold_2,0.0
10439,Person_608,Group_1,Item_5,Threshold_2,0.0
10440,Person_610,Group_1,Item_5,Threshold_2,0.0
10441,Person_612,Group_1,Item_5,Threshold_2,1.0
10442,Person_620,Group_2,Item_5,Threshold_2,0.0
10443,Person_627,Group_1,Item_5,Threshold_2,0.0
10444,Person_631,Group_1,Item_5,Threshold_2,1.0
10445,Person_638,Group_1,Item_5,Threshold_2,0.0
10446,Person_640,Group_2,Item_5,Threshold_2,1.0
10447,Person_642,Group_2,Item_5,Threshold_2,0.0
10448,Person_644,Group_2,Item_5,Threshold_2,1.0
10449,Person_645,Group_2,Item_5,Threshold_2,1.0
10450,Person_647,Group_1,Item_5,Threshold_2,0.0
10451,Person_660,Group_2,Item_5,Threshold_2,1.0
10452,Person_661,Group_1,Item_5,Threshold_2,0.0
10453,Person_662,Group_1,Item_5,Threshold_2,1.0
10454,Person_663,Group_1,Item_5,Threshold_2,0.0
10455,Person_665,Group_1,Item_5,Threshold_2,1.0
10456,Person_668,Group_2,Item_5,Threshold_2,1.0
10457,Person_669,Group_1,Item_5,Threshold_2,1.0
10458,Person_672,Group_2,Item_5,Threshold_2,0.0
10459,Person_675,Group_1,Item_5,Threshold_2,0.0
10460,Person_679,Group_1,Item_5,Threshold_2,0.0
10461,Person_680,Group_1,Item_5,Threshold_2,0.0
10462,Person_681,Group_1,Item_5,Threshold_2,0.0
10463,Person_682,Group_2,Item_5,Threshold_2,0.0
10464,Person_685,Group_1,Item_5,Threshold_2,0.0
10465,Person_688,Group_1,Item_5,Threshold_2,1.0
10466,Person_695,Group_2,Item_5,Threshold_2,1.0
10467,Person_697,Group_1,Item_5,Threshold_2,1.0
10468,Person_700,Group_1,Item_5,Threshold_2,1.0
10469,Person_703,Group_2,Item_5,Threshold_2,1.0
10470,Person_720,Group_1,Item_5,Threshold_2,0.0
10471,Person_727,Group_1,Item_5,Threshold_2,1.0
10472,Person_728,Group_1,Item_5,Threshold_2,0.0
10473,Person_732,Group_2,Item_5,Threshold_2,0.0
10474,Person_749,Group_1,Item_5,Threshold_2,0.0
10475,Person_752,Group_2,Item_5,Threshold_2,0.0
10476,Person_754,Group_2,Item_5,Threshold_2,0.0
10477,Person_758,Group_2,Item_5,Threshold_2,0.0
10478,Person_759,Group_1,Item_5,Threshold_2,1.0
10479,Person_762,Group_2,Item_5,Threshold_2,1.0
10480,Person_773,Group_2,Item_5,Threshold_2,1.0
10481,Person_775,Group_2,Item_5,Threshold_2,1.0
10482,Person_779,Group_1,Item_5,Threshold_2,1.0
10483,Person_785,Group_1,Item_5,Threshold_2,1.0
10484,Person_788,Group_1,Item_5,Threshold_2,0.0
10485,Person_803,Group_1,Item_5,Threshold_2,0.0
10486,Person_809,Group_2,Item_5,Threshold_2,1.0
10487,Person_813,Group_2,Item_5,Threshold_2,1.0
10488,Person_823,Group_2,Item_5,Threshold_2,1.0
10489,Person_827,Group_1,Item_5,Threshold_2,0.0
10490,Person_829,Group_2,Item_5,Threshold_2,0.0
10491,Person_831,Group_1,Item_5,Threshold_2,1.0
10492,Person_835,Group_2,Item_5,Threshold_2,1.0
10493,Person_836,Group_1,Item_5,Threshold_2,1.0
10494,Person_837,Group_2,Item_5,Threshold_2,0.0
10495,Person_839,Group_1,Item_5,Threshold_2,0.0
10496,Person_842,Group_2,Item_5,Threshold_2,0.0
10497,Person_857,Group_2,Item_5,Threshold_2,0.0
10498,Person_858,Group_2,Item_5,Threshold_2,1.0
10499,Person_859,Group_1,Item_5,Threshold_2,0.0
10500,Person_863,Group_1,Item_5,Threshold_2,1.0
10501,Person_868,Group_1,Item_5,Threshold_2,0.0
10502,Person_870,Group_1,Item_5,Threshold_2,1.0
10503,Person_873,Group_1,Item_5,Threshold_2,0.0
10504,Person_877,Group_1,Item_5,Threshold_2,1.0
10505,Person_879,Group_1,Item_5,Threshold_2,1.0
10506,Person_880,Group_2,Item_5,Threshold_2,0.0
10507,Person_881,Group_1,Item_5,Threshold_2,1.0
10508,Person_882,Group_1,Item_5,Threshold_2,1.0
10509,Person_883,Group_2,Item_5,Threshold_2,0.0
10510,Person_888,Group_2,Item_5,Threshold_2,0.0
10511,Person_896,Group_1,Item_5,Threshold_2,0.0
10512,Person_903,Group_2,Item_5,Threshold_2,0.0
10513,Person_915,Group_2,Item_5,Threshold_2,0.0
10514,Person_924,Group_2,Item_5,Threshold_2,0.0
10515,Person_928,Group_1,Item_5,Threshold_2,1.0
10516,Person_931,Group_1,Item_5,Threshold_2,1.0
10517,Person_934,Group_2,Item_5,Threshold_2,0.0
10518,Person_935,Group_2,Item_5,Threshold_2,0.0
10519,Person_953,Group_1,Item_5,Threshold_2,0.0
10520,Person_954,Group_2,Item_5,Threshold_2,1.0
10521,Person_957,Group_1,Item_5,Threshold_2,1.0
10522,Person_959,Group_2,Item_5,Threshold_2,0.0
10523,Person_962,Group_2,Item_5,Threshold_2,1.0
10524,Person_972,Group_2,Item_5,Threshold_2,1.0
10525,Person_978,Group_2,Item_5,Threshold_2,1.0
10526,Person_982,Group_1,Item_5,Threshold_2,1.0
10527,Person_983,Group_1,Item_5,Threshold_2,1.0
10528,Person_984,Group_2,Item_5,Threshold_2,1.0
10529,Person_985,Group_1,Item_5,Threshold_2,1.0
10530,Person_986,Group_1,Item_5,Threshold_2,0.0
10531,Person_991,Group_2,Item_5,Threshold_2,0.0
10532,Person_992,Group_1,Item_5,Threshold_2,0.0
10533,Person_1000,Group_2,Item_5,Threshold_2,1.0
10534,Person_1002,Group_2,Item_5,Threshold_2,0.0
10535,Person_1004,Group_1,Item_5,Threshold_2,1.0
10536,Person_1006,Group_1,Item_5,Threshold_2,1.0
10537,Person_1016,Group_2,Item_5,Threshold_2,0.0
10538,Person_1020,Group_1,Item_5,Threshold_2,1.0
10539,Person_1025,Group_2,Item_5,Threshold_2,0.0
10540,Person_1026,Group_1,Item_5,Threshold_2,1.0
10541,Person_1035,Group_2,Item_5,Threshold_2,1.0
10542,Person_1037,Group_2,Item_5,Threshold_2,1.0
10543,Person_1047,Group_2,Item_5,Threshold_2,1.0
10544,Person_1054,Group_2,Item_5,Threshold_2,1.0
10545,Person_1057,Group_1,Item_5,Threshold_2,0.0
10546,Person_1063,Group_1,Item_5,Threshold_2,1.0
10547,Person_1064,Group_1,Item_5,Threshold_2,0.0
10548,Person_1077,Group_2,Item_5,Threshold_2,0.0
10549,Person_1080,Group_2,Item_5,Threshold_2,0.0
10550,Person_1081,Group_1,Item_5,Threshold_2,0.0
10551,Person_1093,Group_1,Item_5,Threshold_2,1.0
10552,Person_1099,Group_1,Item_5,Threshold_2,1.0
10553,Person_1101,Group_1,Item_5,Threshold_2,0.0
10554,Person_1102,Group_1,Item_5,Threshold_2,1.0
10555,Person_1109,Group_1,Item_5,Threshold_2,1.0
10556,Person_1113,Group_2,Item_5,Threshold_2,0.0
10557,Person_1114,Group_2,Item_5,Threshold_2,0.0
10558,Person_1117,Group_2,Item_5,Threshold_2,1.0
10559,Person_1120,Group_2,Item_5,Threshold_2,1.0
10560,Person_1121,Group_2,Item_5,Threshold_2,0.0
10561,Person_1122,Group_1,Item_5,Threshold_2,0.0
10562,Person_1142,Group_1,Item_5,Threshold_2,0.0
10563,Person_1143,Group_2,Item_5,Threshold_2,0.0
10564,Person_1144,Group_1,Item_5,Threshold_2,0.0
10565,Person_1150,Group_2,Item_5,Threshold_2,0.0
10566,Person_1151,Group_2,Item_5,Threshold_2,1.0
10567,Person_1154,Group_1,Item_5,Threshold_2,0.0
10568,Person_1158,Group_1,Item_5,Threshold_2,0.0
10569,Person_1163,Group_2,Item_5,Threshold_2,0.0
10570,Person_1165,Group_1,Item_5,Threshold_2,0.0
10571,Person_1166,Group_2,Item_5,Threshold_2,1.0
10572,Person_1168,Group_2,Item_5,Threshold_2,1.0
10573,Person_1170,Group_2,Item_5,Threshold_2,1.0
10574,Person_1171,Group_1,Item_5,Threshold_2,0.0
10575,Person_1175,Group_2,Item_5,Threshold_2,1.0
10576,Person_1176,Group_1,Item_5,Threshold_2,0.0
10577,Person_1179,Group_1,Item_5,Threshold_2,1.0
10578,Person_1188,Group_2,Item_5,Threshold_2,0.0
10579,Person_1193,Group_2,Item_5,Threshold_2,0.0
10580,Person_1194,Group_2,Item_5,Threshold_2,1.0
10581,Person_1198,Group_1,Item_5,Threshold_2,1.0
10582,Person_1200,Group_1,Item_5,Threshold_2,0.0
10583,Person_1203,Group_2,Item_5,Threshold_2,1.0
10584,Person_1211,Group_2,Item_5,Threshold_2,1.0
10585,Person_1214,Group_1,Item_5,Threshold_2,1.0
10586,Person_1215,Group_1,Item_5,Threshold_2,0.0
10587,Person_1216,Group_2,Item_5,Threshold_2,1.0
10588,Person_1219,Group_1,Item_5,Threshold_2,0.0
10589,Person_1222,Group_1,Item_5,Threshold_2,1.0
10590,Person_1234,Group_2,Item_5,Threshold_2,0.0
10591,Person_1235,Group_1,Item_5,Threshold_2,0.0
10592,Person_1236,Group_1,Item_5,Threshold_2,1.0
10593,Person_1243,Group_2,Item_5,Threshold_2,0.0
10594,Person_1244,Group_2,Item_5,Threshold_2,1.0
10595,Person_1245,Group_2,Item_5,Threshold_2,1.0
10596,Person_1247,Group_1,Item_5,Threshold_2,0.0
10597,Person_1252,Group_2,Item_5,Threshold_2,1.0
10598,Person_1261,Group_1,Item_5,Threshold_2,0.0
10599,Person_1264,Group_2,Item_5,Threshold_2,1.0
10600,Person_1267,Group_1,Item_5,Threshold_2,0.0
10601,Person_1268,Group_1,Item_5,Threshold_2,0.0
10602,Person_1274,Group_1,Item_5,Threshold_2,0.0
10603,Person_1275,Group_1,Item_5,Threshold_2,0.0
10604,Person_1278,Group_1,Item_5,Threshold_2,0.0
10605,Person_1279,Group_1,Item_5,Threshold_2,0.0
10606,Person_1280,Group_2,Item_5,Threshold_2,0.0
10607,Person_1288,Group_2,Item_5,Threshold_2,1.0
10608,Person_1294,Group_2,Item_5,Threshold_2,1.0
10609,Person_1300,Group_2,Item_5,Threshold_2,0.0
10610,Person_1301,Group_2,Item_5,Threshold_2,0.0
10611,Person_1302,Group_2,Item_5,Threshold_2,1.0
10612,Person_1304,Group_1,Item_5,Threshold_2,0.0
10613,Person_1308,Group_2,Item_5,Threshold_2,1.0
10614,Person_1318,Group_1,Item_5,Threshold_2,1.0
10615,Person_1321,Group_2,Item_5,Threshold_2,0.0
10616,Person_1359,Group_1,Item_5,Threshold_2,0.0
10617,Person_1365,Group_1,Item_5,Threshold_2,0.0
10618,Person_1368,Group_2,Item_5,Threshold_2,0.0
10619,Person_1382,Group_1,Item_5,Threshold_2,0.0
10620,Person_1383,Group_2,Item_5,Threshold_2,0.0
10621,Person_1390,Group_1,Item_5,Threshold_2,1.0
10622,Person_1393,Group_2,Item_5,Threshold_2,0.0
10623,Person_1394,Group_2,Item_5,Threshold_2,0.0
10624,Person_1397,Group_1,Item_5,Threshold_2,1.0
10625,Person_1402,Group_2,Item_5,Threshold_2,0.0
10626,Person_1410,Group_2,Item_5,Threshold_2,0.0
10627,Person_1412,Group_2,Item_5,Threshold_2,1.0
10628,Person_1422,Group_2,Item_5,Threshold_2,0.0
10629,Person_1425,Group_2,Item_5,Threshold_2,1.0
10630,Person_1428,Group_2,Item_5,Threshold_2,1.0
10631,Person_1433,Group_2,Item_5,Threshold_2,0.0
10632,Person_1435,Group_1,Item_5,Threshold_2,1.0
10633,Person_1437,Group_2,Item_5,Threshold_2,0.0
10634,Person_1440,Group_2,Item_5,Threshold_2,0.0
10635,Person_1443,Group_2,Item_5,Threshold_2,0.0
10636,Person_1448,Group_1,Item_5,Threshold_2,0.0
10637,Person_1453,Group_2,Item_5,Threshold_2,1.0
10638,Person_1456,Group_2,Item_5,Threshold_2,0.0
10639,Person_1460,Group_1,Item_5,Threshold_2,1.0
10640,Person_1462,Group_1,Item_5,Threshold_2,1.0
10641,Person_1467,Group_1,Item_5,Threshold_2,0.0
10642,Person_1469,Group_2,Item_5,Threshold_2,0.0
10643,Person_1474,Group_1,Item_5,Threshold_2,0.0
10644,Person_1475,Group_1,Item_5,Threshold_2,1.0
10645,Person_1477,Group_2,Item_5,Threshold_2,0.0
10646,Person_1481,Group_1,Item_5,Threshold_2,1.0
10647,Person_1487,Group_1,Item_5,Threshold_2,0.0
10648,Person_1488,Group_2,Item_5,Threshold_2,0.0
10649,Person_1489,Group_2,Item_5,Threshold_2,0.0
10650,Person_1492,Group_2,Item_5,Threshold_2,1.0
10651,Person_1493,Group_2,Item_5,Threshold_2,1.0
10652,Person_1495,Group_2,Item_5,Threshold_2,0.0
10653,Person_1501,Group_2,Item_5,Threshold_2,0.0
10654,Person_1518,Group_1,Item_5,Threshold_2,0.0
10655,Person_1521,Group_1,Item_5,Threshold_2,1.0
10656,Person_1526,Group_2,Item_5,Threshold_2,1.0
10657,Person_1527,Group_2,Item_5,Threshold_2,0.0
10658,Person_1528,Group_1,Item_5,Threshold_2,1.0
10659,Person_1530,Group_2,Item_5,Threshold_2,0.0
10660,Person_1532,Group_2,Item_5,Threshold_2,0.0
10661,Person_1538,Group_2,Item_5,Threshold_2,0.0
10662,Person_1544,Group_2,Item_5,Threshold_2,1.0
10663,Person_1559,Group_1,Item_5,Threshold_2,1.0
10664,Person_1562,Group_1,Item_5,Threshold_2,0.0
10665,Person_1566,Group_2,Item_5,Threshold_2,0.0
10666,Person_1570,Group_1,Item_5,Threshold_2,0.0
10667,Person_1576,Group_2,Item_5,Threshold_2,0.0
10668,Person_1584,Group_2,Item_5,Threshold_2,1.0
10669,Person_1586,Group_1,Item_5,Threshold_2,1.0
10670,Person_1590,Group_1,Item_5,Threshold_2,0.0
10671,Person_1597,Group_1,Item_5,Threshold_2,1.0
10672,Person_1600,Group_2,Item_5,Threshold_2,0.0
10673,Person_1601,Group_2,Item_5,Threshold_2,1.0
10674,Person_1620,Group_1,Item_5,Threshold_2,0.0
10675,Person_1623,Group_2,Item_5,Threshold_2,1.0
10676,Person_1627,Group_2,Item_5,Threshold_2,1.0
10677,Person_1635,Group_1,Item_5,Threshold_2,1.0
10678,Person_16,Group_1,Item_5,Threshold_3,1.0
10679,Person_25,Group_2,Item_5,Threshold_3,1.0
10680,Person_36,Group_1,Item_5,Threshold_3,0.0
10681,Person_38,Group_2,Item_5,Threshold_3,1.0
10682,Person_39,Group_1,Item_5,Threshold_3,0.0
10683,Person_44,Group_2,Item_5,Threshold_3,0.0
10684,Person_49,Group_2,Item_5,Threshold_3,0.0
10685,Person_50,Group_2,Item_5,Threshold_3,1.0
10686,Person_55,Group_2,Item_5,Threshold_3,1.0
10687,Person_57,Group_2,Item_5,Threshold_3,1.0
10688,Person_58,Group_1,Item_5,Threshold_3,1.0
10689,Person_62,Group_1,Item_5,Threshold_3,0.0
10690,Person_70,Group_1,Item_5,Threshold_3,1.0
10691,Person_71,Group_2,Item_5,Threshold_3,0.0
10692,Person_72,Group_1,Item_5,Threshold_3,1.0
10693,Person_77,Group_2,Item_5,Threshold_3,1.0
10694,Person_78,Group_1,Item_5,Threshold_3,1.0
10695,Person_82,Group_1,Item_5,Threshold_3,0.0
10696,Person_91,Group_2,Item_5,Threshold_3,1.0
10697,Person_93,Group_2,Item_5,Threshold_3,0.0
10698,Person_94,Group_1,Item_5,Threshold_3,0.0
10699,Person_96,Group_2,Item_5,Threshold_3,1.0
10700,Person_98,Group_2,Item_5,Threshold_3,1.0
10701,Person_100,Group_1,Item_5,Threshold_3,1.0
10702,Person_107,Group_1,Item_5,Threshold_3,0.0
10703,Person_108,Group_1,Item_5,Threshold_3,0.0
10704,Person_109,Group_2,Item_5,Threshold_3,0.0
10705,Person_112,Group_1,Item_5,Threshold_3,0.0
10706,Person_113,Group_1,Item_5,Threshold_3,0.0
10707,Person_118,Group_1,Item_5,Threshold_3,1.0
10708,Person_121,Group_1,Item_5,Threshold_3,0.0
10709,Person_122,Group_2,Item_5,Threshold_3,0.0
10710,Person_127,Group_1,Item_5,Threshold_3,0.0
10711,Person_130,Group_2,Item_5,Threshold_3,0.0
10712,Person_131,Group_2,Item_5,Threshold_3,0.0
10713,Person_142,Group_2,Item_5,Threshold_3,1.0
10714,Person_155,Group_1,Item_5,Threshold_3,1.0
10715,Person_161,Group_2,Item_5,Threshold_3,0.0
10716,Person_163,Group_2,Item_5,Threshold_3,0.0
10717,Person_169,Group_1,Item_5,Threshold_3,1.0
10718,Person_170,Group_1,Item_5,Threshold_3,0.0
10719,Person_172,Group_2,Item_5,Threshold_3,0.0
10720,Person_177,Group_2,Item_5,Threshold_3,0.0
10721,Person_178,Group_1,Item_5,Threshold_3,0.0
10722,Person_182,Group_2,Item_5,Threshold_3,0.0
10723,Person_183,Group_2,Item_5,Threshold_3,1.0
10724,Person_185,Group_1,Item_5,Threshold_3,0.0
10725,Person_189,Group_1,Item_5,Threshold_3,0.0
10726,Person_191,Group_1,Item_5,Threshold_3,0.0
10727,Person_202,Group_2,Item_5,Threshold_3,0.0
10728,Person_210,Group_2,Item_5,Threshold_3,1.0
10729,Person_213,Group_2,Item_5,Threshold_3,1.0
10730,Person_214,Group_1,Item_5,Threshold_3,1.0
10731,Person_225,Group_1,Item_5,Threshold_3,0.0
10732,Person_229,Group_2,Item_5,Threshold_3,0.0
10733,Person_230,Group_2,Item_5,Threshold_3,0.0
10734,Person_233,Group_2,Item_5,Threshold_3,0.0
10735,Person_237,Group_1,Item_5,Threshold_3,0.0
10736,Person_245,Group_2,Item_5,Threshold_3,0.0
10737,Person_246,Group_2,Item_5,Threshold_3,1.0
10738,Person_261,Group_2,Item_5,Threshold_3,1.0
10739,Person_262,Group_2,Item_5,Threshold_3,0.0
10740,Person_264,Group_1,Item_5,Threshold_3,1.0
10741,Person_272,Group_2,Item_5,Threshold_3,0.0
10742,Person_274,Group_2,Item_5,Threshold_3,1.0
10743,Person_280,Group_1,Item_5,Threshold_3,0.0
10744,Person_283,Group_1,Item_5,Threshold_3,0.0
10745,Person_288,Group_1,Item_5,Threshold_3,0.0
10746,Person_292,Group_1,Item_5,Threshold_3,1.0
10747,Person_304,Group_1,Item_5,Threshold_3,1.0
10748,Person_305,Group_1,Item_5,Threshold_3,1.0
10749,Person_307,Group_1,Item_5,Threshold_3,0.0
10750,Person_316,Group_1,Item_5,Threshold_3,0.0
10751,Person_318,Group_1,Item_5,Threshold_3,0.0
10752,Person_323,Group_1,Item_5,Threshold_3,0.0
10753,Person_326,Group_2,Item_5,Threshold_3,0.0
10754,Person_329,Group_1,Item_5,Threshold_3,0.0
10755,Person_330,Group_2,Item_5,Threshold_3,1.0
10756,Person_331,Group_1,Item_5,Threshold_3,0.0
10757,Person_337,Group_1,Item_5,Threshold_3,1.0
10758,Person_338,Group_1,Item_5,Threshold_3,1.0
10759,Person_340,Group_2,Item_5,Threshold_3,1.0
10760,Person_350,Group_1,Item_5,Threshold_3,0.0
10761,Person_360,Group_1,Item_5,Threshold_3,1.0
10762,Person_370,Group_2,Item_5,Threshold_3,1.0
10763,Person_372,Group_1,Item_5,Threshold_3,0.0
10764,Person_374,Group_2,Item_5,Threshold_3,0.0
10765,Person_382,Group_2,Item_5,Threshold_3,1.0
10766,Person_383,Group_2,Item_5,Threshold_3,0.0
10767,Person_388,Group_2,Item_5,Threshold_3,0.0
10768,Person_389,Group_2,Item_5,Threshold_3,1.0
10769,Person_391,Group_2,Item_5,Threshold_3,0.0
10770,Person_395,Group_2,Item_5,Threshold_3,0.0
10771,Person_398,Group_1,Item_5,Threshold_3,1.0
10772,Person_402,Group_2,Item_5,Threshold_3,0.0
10773,Person_403,Group_1,Item_5,Threshold_3,1.0
10774,Person_404,Group_2,Item_5,Threshold_3,1.0
10775,Person_412,Group_1,Item_5,Threshold_3,0.0
10776,Person_419,Group_2,Item_5,Threshold_3,1.0
10777,Person_423,Group_1,Item_5,Threshold_3,1.0
10778,Person_425,Group_1,Item_5,Threshold_3,0.0
10779,Person_426,Group_2,Item_5,Threshold_3,0.0
10780,Person_429,Group_1,Item_5,Threshold_3,1.0
10781,Person_437,Group_1,Item_5,Threshold_3,1.0
10782,Person_444,Group_1,Item_5,Threshold_3,0.0
10783,Person_452,Group_1,Item_5,Threshold_3,1.0
10784,Person_453,Group_2,Item_5,Threshold_3,0.0
10785,Person_459,Group_1,Item_5,Threshold_3,1.0
10786,Person_463,Group_1,Item_5,Threshold_3,1.0
10787,Person_464,Group_2,Item_5,Threshold_3,1.0
10788,Person_466,Group_2,Item_5,Threshold_3,0.0
10789,Person_467,Group_1,Item_5,Threshold_3,0.0
10790,Person_468,Group_2,Item_5,Threshold_3,0.0
10791,Person_473,Group_1,Item_5,Threshold_3,0.0
10792,Person_476,Group_1,Item_5,Threshold_3,1.0
10793,Person_494,Group_2,Item_5,Threshold_3,0.0
10794,Person_501,Group_2,Item_5,Threshold_3,0.0
10795,Person_504,Group_1,Item_5,Threshold_3,1.0
10796,Person_511,Group_2,Item_5,Threshold_3,1.0
10797,Person_515,Group_2,Item_5,Threshold_3,1.0
10798,Person_518,Group_2,Item_5,Threshold_3,1.0
10799,Person_522,Group_1,Item_5,Threshold_3,0.0
10800,Person_525,Group_1,Item_5,Threshold_3,0.0
10801,Person_528,Group_1,Item_5,Threshold_3,0.0
10802,Person_532,Group_1,Item_5,Threshold_3,1.0
10803,Person_535,Group_2,Item_5,Threshold_3,1.0
10804,Person_540,Group_2,Item_5,Threshold_3,0.0
10805,Person_543,Group_2,Item_5,Threshold_3,0.0
10806,Person_547,Group_1,Item_5,Threshold_3,1.0
10807,Person_550,Group_1,Item_5,Threshold_3,0.0
10808,Person_551,Group_1,Item_5,Threshold_3,0.0
10809,Person_554,Group_1,Item_5,Threshold_3,0.0
10810,Person_563,Group_2,Item_5,Threshold_3,1.0
10811,Person_572,Group_1,Item_5,Threshold_3,0.0
10812,Person_576,Group_1,Item_5,Threshold_3,1.0
10813,Person_588,Group_1,Item_5,Threshold_3,1.0
10814,Person_594,Group_1,Item_5,Threshold_3,0.0
10815,Person_595,Group_2,Item_5,Threshold_3,1.0
10816,Person_605,Group_1,Item_5,Threshold_3,0.0
10817,Person_611,Group_2,Item_5,Threshold_3,1.0
10818,Person_612,Group_2,Item_5,Threshold_3,0.0
10819,Person_623,Group_1,Item_5,Threshold_3,1.0
10820,Person_624,Group_1,Item_5,Threshold_3,1.0
10821,Person_631,Group_2,Item_5,Threshold_3,0.0
10822,Person_639,Group_2,Item_5,Threshold_3,1.0
10823,Person_640,Group_1,Item_5,Threshold_3,0.0
10824,Person_644,Group_1,Item_5,Threshold_3,0.0
10825,Person_645,Group_1,Item_5,Threshold_3,0.0
10826,Person_650,Group_1,Item_5,Threshold_3,1.0
10827,Person_655,Group_2,Item_5,Threshold_3,1.0
10828,Person_658,Group_1,Item_5,Threshold_3,1.0
10829,Person_660,Group_2,Item_5,Threshold_3,0.0
10830,Person_662,Group_1,Item_5,Threshold_3,0.0
10831,Person_665,Group_2,Item_5,Threshold_3,0.0
10832,Person_668,Group_2,Item_5,Threshold_3,0.0
10833,Person_669,Group_1,Item_5,Threshold_3,0.0
10834,Person_670,Group_2,Item_5,Threshold_3,1.0
10835,Person_678,Group_2,Item_5,Threshold_3,1.0
10836,Person_688,Group_1,Item_5,Threshold_3,0.0
10837,Person_695,Group_2,Item_5,Threshold_3,0.0
10838,Person_697,Group_2,Item_5,Threshold_3,0.0
10839,Person_700,Group_2,Item_5,Threshold_3,0.0
10840,Person_703,Group_1,Item_5,Threshold_3,0.0
10841,Person_718,Group_2,Item_5,Threshold_3,1.0
10842,Person_724,Group_2,Item_5,Threshold_3,1.0
10843,Person_725,Group_1,Item_5,Threshold_3,1.0
10844,Person_726,Group_2,Item_5,Threshold_3,1.0
10845,Person_727,Group_1,Item_5,Threshold_3,0.0
10846,Person_734,Group_1,Item_5,Threshold_3,1.0
10847,Person_740,Group_2,Item_5,Threshold_3,1.0
10848,Person_745,Group_1,Item_5,Threshold_3,1.0
10849,Person_759,Group_1,Item_5,Threshold_3,0.0
10850,Person_761,Group_2,Item_5,Threshold_3,1.0
10851,Person_762,Group_1,Item_5,Threshold_3,0.0
10852,Person_765,Group_2,Item_5,Threshold_3,1.0
10853,Person_769,Group_1,Item_5,Threshold_3,1.0
10854,Person_770,Group_2,Item_5,Threshold_3,1.0
10855,Person_773,Group_2,Item_5,Threshold_3,0.0
10856,Person_775,Group_1,Item_5,Threshold_3,0.0
10857,Person_779,Group_1,Item_5,Threshold_3,0.0
10858,Person_785,Group_2,Item_5,Threshold_3,0.0
10859,Person_809,Group_2,Item_5,Threshold_3,0.0
10860,Person_813,Group_2,Item_5,Threshold_3,0.0
10861,Person_823,Group_2,Item_5,Threshold_3,0.0
10862,Person_831,Group_2,Item_5,Threshold_3,0.0
10863,Person_835,Group_1,Item_5,Threshold_3,0.0
10864,Person_836,Group_1,Item_5,Threshold_3,0.0
10865,Person_843,Group_1,Item_5,Threshold_3,1.0
10866,Person_847,Group_2,Item_5,Threshold_3,1.0
10867,Person_849,Group_1,Item_5,Threshold_3,1.0
10868,Person_855,Group_1,Item_5,Threshold_3,1.0
10869,Person_858,Group_1,Item_5,Threshold_3,0.0
10870,Person_863,Group_2,Item_5,Threshold_3,0.0
10871,Person_869,Group_2,Item_5,Threshold_3,1.0
10872,Person_870,Group_1,Item_5,Threshold_3,0.0
10873,Person_877,Group_2,Item_5,Threshold_3,0.0
10874,Person_879,Group_2,Item_5,Threshold_3,0.0
10875,Person_881,Group_1,Item_5,Threshold_3,0.0
10876,Person_882,Group_1,Item_5,Threshold_3,0.0
10877,Person_884,Group_1,Item_5,Threshold_3,1.0
10878,Person_892,Group_1,Item_5,Threshold_3,1.0
10879,Person_894,Group_1,Item_5,Threshold_3,1.0
10880,Person_910,Group_2,Item_5,Threshold_3,1.0
10881,Person_913,Group_1,Item_5,Threshold_3,1.0
10882,Person_916,Group_2,Item_5,Threshold_3,1.0
10883,Person_922,Group_2,Item_5,Threshold_3,1.0
10884,Person_928,Group_2,Item_5,Threshold_3,0.0
10885,Person_930,Group_2,Item_5,Threshold_3,1.0
10886,Person_931,Group_2,Item_5,Threshold_3,0.0
10887,Person_939,Group_1,Item_5,Threshold_3,1.0
10888,Person_954,Group_2,Item_5,Threshold_3,0.0
10889,Person_957,Group_2,Item_5,Threshold_3,0.0
10890,Person_962,Group_2,Item_5,Threshold_3,0.0
10891,Person_963,Group_2,Item_5,Threshold_3,1.0
10892,Person_972,Group_2,Item_5,Threshold_3,0.0
10893,Person_976,Group_1,Item_5,Threshold_3,1.0
10894,Person_977,Group_1,Item_5,Threshold_3,1.0
10895,Person_978,Group_2,Item_5,Threshold_3,0.0
10896,Person_980,Group_1,Item_5,Threshold_3,1.0
10897,Person_982,Group_1,Item_5,Threshold_3,0.0
10898,Person_983,Group_2,Item_5,Threshold_3,0.0
10899,Person_984,Group_1,Item_5,Threshold_3,0.0
10900,Person_985,Group_2,Item_5,Threshold_3,0.0
10901,Person_997,Group_2,Item_5,Threshold_3,1.0
10902,Person_1000,Group_2,Item_5,Threshold_3,0.0
10903,Person_1004,Group_2,Item_5,Threshold_3,0.0
10904,Person_1006,Group_1,Item_5,Threshold_3,0.0
10905,Person_1009,Group_1,Item_5,Threshold_3,1.0
10906,Person_1020,Group_1,Item_5,Threshold_3,0.0
10907,Person_1023,Group_1,Item_5,Threshold_3,1.0
10908,Person_1026,Group_1,Item_5,Threshold_3,0.0
10909,Person_1030,Group_1,Item_5,Threshold_3,1.0
10910,Person_1035,Group_2,Item_5,Threshold_3,0.0
10911,Person_1037,Group_1,Item_5,Threshold_3,0.0
10912,Person_1039,Group_2,Item_5,Threshold_3,1.0
10913,Person_1041,Group_2,Item_5,Threshold_3,1.0
10914,Person_1047,Group_1,Item_5,Threshold_3,0.0
10915,Person_1050,Group_1,Item_5,Threshold_3,1.0
10916,Person_1054,Group_2,Item_5,Threshold_3,0.0
10917,Person_1061,Group_2,Item_5,Threshold_3,1.0
10918,Person_1063,Group_2,Item_5,Threshold_3,0.0
10919,Person_1068,Group_1,Item_5,Threshold_3,1.0
10920,Person_1070,Group_1,Item_5,Threshold_3,1.0
10921,Person_1071,Group_1,Item_5,Threshold_3,1.0
10922,Person_1075,Group_1,Item_5,Threshold_3,1.0
10923,Person_1078,Group_2,Item_5,Threshold_3,1.0
10924,Person_1088,Group_1,Item_5,Threshold_3,1.0
10925,Person_1093,Group_1,Item_5,Threshold_3,0.0
10926,Person_1094,Group_1,Item_5,Threshold_3,1.0
10927,Person_1095,Group_2,Item_5,Threshold_3,1.0
10928,Person_1099,Group_2,Item_5,Threshold_3,0.0
10929,Person_1102,Group_1,Item_5,Threshold_3,0.0
10930,Person_1104,Group_1,Item_5,Threshold_3,1.0
10931,Person_1109,Group_2,Item_5,Threshold_3,0.0
10932,Person_1117,Group_2,Item_5,Threshold_3,0.0
10933,Person_1119,Group_1,Item_5,Threshold_3,1.0
10934,Person_1120,Group_2,Item_5,Threshold_3,0.0
10935,Person_1123,Group_1,Item_5,Threshold_3,1.0
10936,Person_1127,Group_2,Item_5,Threshold_3,1.0
10937,Person_1147,Group_1,Item_5,Threshold_3,1.0
10938,Person_1151,Group_2,Item_5,Threshold_3,0.0
10939,Person_1166,Group_1,Item_5,Threshold_3,0.0
10940,Person_1168,Group_1,Item_5,Threshold_3,0.0
10941,Person_1170,Group_1,Item_5,Threshold_3,0.0
10942,Person_1175,Group_2,Item_5,Threshold_3,0.0
10943,Person_1179,Group_2,Item_5,Threshold_3,0.0
10944,Person_1194,Group_2,Item_5,Threshold_3,0.0
10945,Person_1198,Group_2,Item_5,Threshold_3,0.0
10946,Person_1199,Group_1,Item_5,Threshold_3,1.0
10947,Person_1203,Group_2,Item_5,Threshold_3,0.0
10948,Person_1204,Group_2,Item_5,Threshold_3,1.0
10949,Person_1205,Group_2,Item_5,Threshold_3,1.0
10950,Person_1206,Group_2,Item_5,Threshold_3,1.0
10951,Person_1208,Group_1,Item_5,Threshold_3,1.0
10952,Person_1211,Group_2,Item_5,Threshold_3,0.0
10953,Person_1214,Group_1,Item_5,Threshold_3,0.0
10954,Person_1216,Group_1,Item_5,Threshold_3,0.0
10955,Person_1222,Group_2,Item_5,Threshold_3,0.0
10956,Person_1227,Group_2,Item_5,Threshold_3,1.0
10957,Person_1229,Group_2,Item_5,Threshold_3,1.0
10958,Person_1236,Group_2,Item_5,Threshold_3,0.0
10959,Person_1244,Group_1,Item_5,Threshold_3,0.0
10960,Person_1245,Group_2,Item_5,Threshold_3,0.0
10961,Person_1248,Group_1,Item_5,Threshold_3,1.0
10962,Person_1249,Group_1,Item_5,Threshold_3,1.0
10963,Person_1250,Group_1,Item_5,Threshold_3,1.0
10964,Person_1252,Group_1,Item_5,Threshold_3,0.0
10965,Person_1253,Group_1,Item_5,Threshold_3,1.0
10966,Person_1264,Group_2,Item_5,Threshold_3,0.0
10967,Person_1270,Group_2,Item_5,Threshold_3,1.0
10968,Person_1272,Group_1,Item_5,Threshold_3,1.0
10969,Person_1276,Group_1,Item_5,Threshold_3,1.0
10970,Person_1287,Group_1,Item_5,Threshold_3,1.0
10971,Person_1288,Group_2,Item_5,Threshold_3,0.0
10972,Person_1293,Group_2,Item_5,Threshold_3,1.0
10973,Person_1294,Group_2,Item_5,Threshold_3,0.0
10974,Person_1297,Group_2,Item_5,Threshold_3,1.0
10975,Person_1302,Group_1,Item_5,Threshold_3,0.0
10976,Person_1307,Group_2,Item_5,Threshold_3,1.0
10977,Person_1308,Group_1,Item_5,Threshold_3,0.0
10978,Person_1316,Group_1,Item_5,Threshold_3,1.0
10979,Person_1318,Group_2,Item_5,Threshold_3,0.0
10980,Person_1322,Group_1,Item_5,Threshold_3,1.0
10981,Person_1328,Group_2,Item_5,Threshold_3,1.0
10982,Person_1343,Group_2,Item_5,Threshold_3,1.0
10983,Person_1346,Group_1,Item_5,Threshold_3,1.0
10984,Person_1352,Group_1,Item_5,Threshold_3,1.0
10985,Person_1354,Group_1,Item_5,Threshold_3,1.0
10986,Person_1376,Group_2,Item_5,Threshold_3,1.0
10987,Person_1381,Group_1,Item_5,Threshold_3,1.0
10988,Person_1390,Group_2,Item_5,Threshold_3,0.0
10989,Person_1391,Group_1,Item_5,Threshold_3,1.0
10990,Person_1397,Group_1,Item_5,Threshold_3,0.0
10991,Person_1399,Group_2,Item_5,Threshold_3,1.0
10992,Person_1412,Group_2,Item_5,Threshold_3,0.0
10993,Person_1414,Group_2,Item_5,Threshold_3,1.0
10994,Person_1425,Group_2,Item_5,Threshold_3,0.0
10995,Person_1428,Group_2,Item_5,Threshold_3,0.0
10996,Person_1435,Group_1,Item_5,Threshold_3,0.0
10997,Person_1436,Group_1,Item_5,Threshold_3,1.0
10998,Person_1441,Group_1,Item_5,Threshold_3,1.0
10999,Person_1446,Group_1,Item_5,Threshold_3,1.0
11000,Person_1453,Group_1,Item_5,Threshold_3,0.0
11001,Person_1460,Group_1,Item_5,Threshold_3,0.0
11002,Person_1462,Group_1,Item_5,Threshold_3,0.0
11003,Person_1475,Group_2,Item_5,Threshold_3,0.0
11004,Person_1478,Group_1,Item_5,Threshold_3,1.0
11005,Person_1479,Group_1,Item_5,Threshold_3,1.0
11006,Person_1481,Group_2,Item_5,Threshold_3,0.0
11007,Person_1482,Group_2,Item_5,Threshold_3,1.0
11008,Person_1485,Group_1,Item_5,Threshold_3,1.0
11009,Person_1492,Group_1,Item_5,Threshold_3,0.0
11010,Person_1493,Group_2,Item_5,Threshold_3,0.0
11011,Person_1506,Group_2,Item_5,Threshold_3,1.0
11012,Person_1516,Group_2,Item_5,Threshold_3,1.0
11013,Person_1521,Group_2,Item_5,Threshold_3,0.0
11014,Person_1523,Group_1,Item_5,Threshold_3,1.0
11015,Person_1524,Group_2,Item_5,Threshold_3,1.0
11016,Person_1526,Group_1,Item_5,Threshold_3,0.0
11017,Person_1528,Group_1,Item_5,Threshold_3,0.0
11018,Person_1540,Group_1,Item_5,Threshold_3,1.0
11019,Person_1544,Group_1,Item_5,Threshold_3,0.0
11020,Person_1559,Group_1,Item_5,Threshold_3,0.0
11021,Person_1584,Group_2,Item_5,Threshold_3,0.0
11022,Person_1585,Group_1,Item_5,Threshold_3,1.0
11023,Person_1586,Group_1,Item_5,Threshold_3,0.0
11024,Person_1597,Group_1,Item_5,Threshold_3,0.0
11025,Person_1601,Group_2,Item_5,Threshold_3,0.0
11026,Person_1604,Group_1,Item_5,Threshold_3,1.0
11027,Person_1606,Group_2,Item_5,Threshold_3,1.0
11028,Person_1607,Group_1,Item_5,Threshold_3,1.0
11029,Person_1611,Group_1,Item_5,Threshold_3,1.0
11030,Person_1623,Group_2,Item_5,Threshold_3,0.0
11031,Person_1624,Group_2,Item_5,Threshold_3,1.0
11032,Person_1627,Group_1,Item_5,Threshold_3,0.0
11033,Person_1630,Group_1,Item_5,Threshold_3,1.0
11034,Person_1632,Group_2,Item_5,Threshold_3,1.0
11035,Person_1635,Group_2,Item_5,Threshold_3,0.0
11036,Person_1637,Group_2,Item_5,Threshold_3,1.0
11037,Person_1638,Group_1,Item_5,Threshold_3,1.0
11038,Person_2,Group_2,Item_5,Threshold_4,1.0
11039,Person_16,Group_1,Item_5,Threshold_4,0.0
11040,Person_20,Group_1,Item_5,Threshold_4,1.0
11041,Person_21,Group_2,Item_5,Threshold_4,1.0
11042,Person_25,Group_2,Item_5,Threshold_4,0.0
11043,Person_28,Group_1,Item_5,Threshold_4,1.0
11044,Person_38,Group_2,Item_5,Threshold_4,0.0
11045,Person_46,Group_2,Item_5,Threshold_4,1.0
11046,Person_48,Group_2,Item_5,Threshold_4,1.0
11047,Person_50,Group_2,Item_5,Threshold_4,0.0
11048,Person_55,Group_2,Item_5,Threshold_4,0.0
11049,Person_57,Group_2,Item_5,Threshold_4,0.0
11050,Person_58,Group_2,Item_5,Threshold_4,0.0
11051,Person_61,Group_2,Item_5,Threshold_4,1.0
11052,Person_63,Group_1,Item_5,Threshold_4,1.0
11053,Person_67,Group_1,Item_5,Threshold_4,1.0
11054,Person_70,Group_1,Item_5,Threshold_4,0.0
11055,Person_72,Group_1,Item_5,Threshold_4,0.0
11056,Person_77,Group_2,Item_5,Threshold_4,0.0
11057,Person_78,Group_1,Item_5,Threshold_4,0.0
11058,Person_84,Group_2,Item_5,Threshold_4,1.0
11059,Person_88,Group_2,Item_5,Threshold_4,1.0
11060,Person_91,Group_2,Item_5,Threshold_4,0.0
11061,Person_95,Group_1,Item_5,Threshold_4,1.0
11062,Person_96,Group_1,Item_5,Threshold_4,0.0
11063,Person_98,Group_1,Item_5,Threshold_4,0.0
11064,Person_100,Group_2,Item_5,Threshold_4,0.0
11065,Person_114,Group_1,Item_5,Threshold_4,1.0
11066,Person_115,Group_1,Item_5,Threshold_4,1.0
11067,Person_118,Group_2,Item_5,Threshold_4,0.0
11068,Person_119,Group_1,Item_5,Threshold_4,1.0
11069,Person_120,Group_2,Item_5,Threshold_4,1.0
11070,Person_128,Group_2,Item_5,Threshold_4,1.0
11071,Person_129,Group_2,Item_5,Threshold_4,1.0
11072,Person_133,Group_1,Item_5,Threshold_4,1.0
11073,Person_138,Group_2,Item_5,Threshold_4,1.0
11074,Person_142,Group_2,Item_5,Threshold_4,0.0
11075,Person_144,Group_2,Item_5,Threshold_4,1.0
11076,Person_155,Group_2,Item_5,Threshold_4,0.0
11077,Person_158,Group_2,Item_5,Threshold_4,1.0
11078,Person_165,Group_2,Item_5,Threshold_4,1.0
11079,Person_166,Group_1,Item_5,Threshold_4,1.0
11080,Person_169,Group_2,Item_5,Threshold_4,0.0
11081,Person_183,Group_1,Item_5,Threshold_4,0.0
11082,Person_196,Group_2,Item_5,Threshold_4,1.0
11083,Person_197,Group_1,Item_5,Threshold_4,1.0
11084,Person_201,Group_2,Item_5,Threshold_4,1.0
11085,Person_203,Group_2,Item_5,Threshold_4,1.0
11086,Person_206,Group_1,Item_5,Threshold_4,1.0
11087,Person_208,Group_1,Item_5,Threshold_4,1.0
11088,Person_210,Group_2,Item_5,Threshold_4,0.0
11089,Person_212,Group_2,Item_5,Threshold_4,1.0
11090,Person_213,Group_2,Item_5,Threshold_4,0.0
11091,Person_214,Group_2,Item_5,Threshold_4,0.0
11092,Person_215,Group_2,Item_5,Threshold_4,1.0
11093,Person_216,Group_2,Item_5,Threshold_4,1.0
11094,Person_219,Group_1,Item_5,Threshold_4,1.0
11095,Person_220,Group_2,Item_5,Threshold_4,1.0
11096,Person_222,Group_2,Item_5,Threshold_4,1.0
11097,Person_228,Group_2,Item_5,Threshold_4,1.0
11098,Person_235,Group_2,Item_5,Threshold_4,1.0
11099,Person_239,Group_1,Item_5,Threshold_4,1.0
11100,Person_246,Group_1,Item_5,Threshold_4,0.0
11101,Person_249,Group_2,Item_5,Threshold_4,1.0
11102,Person_255,Group_2,Item_5,Threshold_4,1.0
11103,Person_256,Group_1,Item_5,Threshold_4,1.0
11104,Person_261,Group_1,Item_5,Threshold_4,0.0
11105,Person_264,Group_1,Item_5,Threshold_4,0.0
11106,Person_265,Group_2,Item_5,Threshold_4,1.0
11107,Person_266,Group_2,Item_5,Threshold_4,1.0
11108,Person_273,Group_1,Item_5,Threshold_4,1.0
11109,Person_274,Group_2,Item_5,Threshold_4,0.0
11110,Person_287,Group_1,Item_5,Threshold_4,1.0
11111,Person_289,Group_2,Item_5,Threshold_4,1.0
11112,Person_290,Group_2,Item_5,Threshold_4,1.0
11113,Person_291,Group_1,Item_5,Threshold_4,1.0
11114,Person_292,Group_1,Item_5,Threshold_4,0.0
11115,Person_297,Group_1,Item_5,Threshold_4,1.0
11116,Person_300,Group_2,Item_5,Threshold_4,1.0
11117,Person_303,Group_2,Item_5,Threshold_4,1.0
11118,Person_304,Group_1,Item_5,Threshold_4,0.0
11119,Person_305,Group_2,Item_5,Threshold_4,0.0
11120,Person_308,Group_1,Item_5,Threshold_4,1.0
11121,Person_310,Group_1,Item_5,Threshold_4,1.0
11122,Person_314,Group_2,Item_5,Threshold_4,1.0
11123,Person_317,Group_1,Item_5,Threshold_4,1.0
11124,Person_324,Group_2,Item_5,Threshold_4,1.0
11125,Person_330,Group_1,Item_5,Threshold_4,0.0
11126,Person_337,Group_1,Item_5,Threshold_4,0.0
11127,Person_338,Group_2,Item_5,Threshold_4,0.0
11128,Person_339,Group_1,Item_5,Threshold_4,1.0
11129,Person_340,Group_1,Item_5,Threshold_4,0.0
11130,Person_355,Group_1,Item_5,Threshold_4,1.0
11131,Person_360,Group_1,Item_5,Threshold_4,0.0
11132,Person_364,Group_1,Item_5,Threshold_4,1.0
11133,Person_365,Group_2,Item_5,Threshold_4,1.0
11134,Person_366,Group_2,Item_5,Threshold_4,1.0
11135,Person_370,Group_2,Item_5,Threshold_4,0.0
11136,Person_375,Group_2,Item_5,Threshold_4,1.0
11137,Person_379,Group_2,Item_5,Threshold_4,1.0
11138,Person_382,Group_2,Item_5,Threshold_4,0.0
11139,Person_389,Group_2,Item_5,Threshold_4,0.0
11140,Person_396,Group_2,Item_5,Threshold_4,1.0
11141,Person_398,Group_2,Item_5,Threshold_4,0.0
11142,Person_399,Group_1,Item_5,Threshold_4,1.0
11143,Person_403,Group_1,Item_5,Threshold_4,0.0
11144,Person_404,Group_2,Item_5,Threshold_4,0.0
11145,Person_407,Group_2,Item_5,Threshold_4,1.0
11146,Person_408,Group_2,Item_5,Threshold_4,1.0
11147,Person_418,Group_1,Item_5,Threshold_4,1.0
11148,Person_419,Group_2,Item_5,Threshold_4,0.0
11149,Person_423,Group_2,Item_5,Threshold_4,0.0
11150,Person_428,Group_2,Item_5,Threshold_4,1.0
11151,Person_429,Group_1,Item_5,Threshold_4,0.0
11152,Person_432,Group_1,Item_5,Threshold_4,1.0
11153,Person_433,Group_1,Item_5,Threshold_4,1.0
11154,Person_434,Group_1,Item_5,Threshold_4,1.0
11155,Person_435,Group_2,Item_5,Threshold_4,1.0
11156,Person_437,Group_1,Item_5,Threshold_4,0.0
11157,Person_441,Group_2,Item_5,Threshold_4,1.0
11158,Person_443,Group_2,Item_5,Threshold_4,1.0
11159,Person_447,Group_2,Item_5,Threshold_4,1.0
11160,Person_448,Group_1,Item_5,Threshold_4,1.0
11161,Person_452,Group_1,Item_5,Threshold_4,0.0
11162,Person_455,Group_2,Item_5,Threshold_4,1.0
11163,Person_459,Group_2,Item_5,Threshold_4,0.0
11164,Person_463,Group_1,Item_5,Threshold_4,0.0
11165,Person_464,Group_1,Item_5,Threshold_4,0.0
11166,Person_469,Group_2,Item_5,Threshold_4,1.0
11167,Person_476,Group_1,Item_5,Threshold_4,0.0
11168,Person_484,Group_2,Item_5,Threshold_4,1.0
11169,Person_485,Group_1,Item_5,Threshold_4,1.0
11170,Person_495,Group_2,Item_5,Threshold_4,1.0
11171,Person_497,Group_1,Item_5,Threshold_4,1.0
11172,Person_504,Group_2,Item_5,Threshold_4,0.0
11173,Person_505,Group_1,Item_5,Threshold_4,1.0
11174,Person_511,Group_2,Item_5,Threshold_4,0.0
11175,Person_513,Group_2,Item_5,Threshold_4,1.0
11176,Person_515,Group_2,Item_5,Threshold_4,0.0
11177,Person_518,Group_2,Item_5,Threshold_4,0.0
11178,Person_520,Group_2,Item_5,Threshold_4,1.0
11179,Person_523,Group_1,Item_5,Threshold_4,1.0
11180,Person_527,Group_1,Item_5,Threshold_4,1.0
11181,Person_531,Group_1,Item_5,Threshold_4,1.0
11182,Person_532,Group_1,Item_5,Threshold_4,0.0
11183,Person_535,Group_2,Item_5,Threshold_4,0.0
11184,Person_536,Group_1,Item_5,Threshold_4,1.0
11185,Person_537,Group_2,Item_5,Threshold_4,1.0
11186,Person_539,Group_1,Item_5,Threshold_4,1.0
11187,Person_547,Group_1,Item_5,Threshold_4,0.0
11188,Person_557,Group_2,Item_5,Threshold_4,1.0
11189,Person_558,Group_1,Item_5,Threshold_4,1.0
11190,Person_563,Group_2,Item_5,Threshold_4,0.0
11191,Person_567,Group_1,Item_5,Threshold_4,1.0
11192,Person_570,Group_2,Item_5,Threshold_4,1.0
11193,Person_573,Group_2,Item_5,Threshold_4,1.0
11194,Person_574,Group_2,Item_5,Threshold_4,1.0
11195,Person_576,Group_2,Item_5,Threshold_4,0.0
11196,Person_586,Group_2,Item_5,Threshold_4,1.0
11197,Person_588,Group_1,Item_5,Threshold_4,0.0
11198,Person_590,Group_2,Item_5,Threshold_4,1.0
11199,Person_593,Group_1,Item_5,Threshold_4,1.0
11200,Person_595,Group_2,Item_5,Threshold_4,0.0
11201,Person_596,Group_1,Item_5,Threshold_4,1.0
11202,Person_600,Group_2,Item_5,Threshold_4,1.0
11203,Person_601,Group_2,Item_5,Threshold_4,1.0
11204,Person_604,Group_1,Item_5,Threshold_4,1.0
11205,Person_611,Group_1,Item_5,Threshold_4,0.0
11206,Person_613,Group_2,Item_5,Threshold_4,1.0
11207,Person_615,Group_1,Item_5,Threshold_4,1.0
11208,Person_616,Group_1,Item_5,Threshold_4,1.0
11209,Person_622,Group_2,Item_5,Threshold_4,1.0
11210,Person_623,Group_2,Item_5,Threshold_4,0.0
11211,Person_624,Group_2,Item_5,Threshold_4,0.0
11212,Person_629,Group_1,Item_5,Threshold_4,1.0
11213,Person_635,Group_2,Item_5,Threshold_4,1.0
11214,Person_636,Group_1,Item_5,Threshold_4,1.0
11215,Person_637,Group_1,Item_5,Threshold_4,1.0
11216,Person_639,Group_2,Item_5,Threshold_4,0.0
11217,Person_648,Group_2,Item_5,Threshold_4,1.0
11218,Person_650,Group_1,Item_5,Threshold_4,0.0
11219,Person_652,Group_1,Item_5,Threshold_4,1.0
11220,Person_655,Group_1,Item_5,Threshold_4,0.0
11221,Person_658,Group_2,Item_5,Threshold_4,0.0
11222,Person_659,Group_1,Item_5,Threshold_4,1.0
11223,Person_667,Group_2,Item_5,Threshold_4,1.0
11224,Person_670,Group_2,Item_5,Threshold_4,0.0
11225,Person_671,Group_1,Item_5,Threshold_4,1.0
11226,Person_678,Group_1,Item_5,Threshold_4,0.0
11227,Person_689,Group_1,Item_5,Threshold_4,1.0
11228,Person_690,Group_2,Item_5,Threshold_4,1.0
11229,Person_693,Group_1,Item_5,Threshold_4,1.0
11230,Person_705,Group_2,Item_5,Threshold_4,1.0
11231,Person_708,Group_2,Item_5,Threshold_4,1.0
11232,Person_718,Group_1,Item_5,Threshold_4,0.0
11233,Person_724,Group_2,Item_5,Threshold_4,0.0
11234,Person_725,Group_1,Item_5,Threshold_4,0.0
11235,Person_726,Group_2,Item_5,Threshold_4,0.0
11236,Person_734,Group_2,Item_5,Threshold_4,0.0
11237,Person_735,Group_2,Item_5,Threshold_4,1.0
11238,Person_736,Group_1,Item_5,Threshold_4,1.0
11239,Person_737,Group_1,Item_5,Threshold_4,1.0
11240,Person_739,Group_2,Item_5,Threshold_4,1.0
11241,Person_740,Group_1,Item_5,Threshold_4,0.0
11242,Person_745,Group_2,Item_5,Threshold_4,0.0
11243,Person_747,Group_2,Item_5,Threshold_4,1.0
11244,Person_761,Group_1,Item_5,Threshold_4,0.0
11245,Person_763,Group_2,Item_5,Threshold_4,1.0
11246,Person_764,Group_2,Item_5,Threshold_4,1.0
11247,Person_765,Group_1,Item_5,Threshold_4,0.0
11248,Person_768,Group_1,Item_5,Threshold_4,1.0
11249,Person_769,Group_2,Item_5,Threshold_4,0.0
11250,Person_770,Group_1,Item_5,Threshold_4,0.0
11251,Person_772,Group_1,Item_5,Threshold_4,1.0
11252,Person_781,Group_2,Item_5,Threshold_4,1.0
11253,Person_792,Group_1,Item_5,Threshold_4,1.0
11254,Person_793,Group_1,Item_5,Threshold_4,1.0
11255,Person_796,Group_2,Item_5,Threshold_4,1.0
11256,Person_798,Group_2,Item_5,Threshold_4,1.0
11257,Person_806,Group_1,Item_5,Threshold_4,1.0
11258,Person_807,Group_2,Item_5,Threshold_4,1.0
11259,Person_811,Group_1,Item_5,Threshold_4,1.0
11260,Person_821,Group_2,Item_5,Threshold_4,1.0
11261,Person_834,Group_1,Item_5,Threshold_4,1.0
11262,Person_840,Group_1,Item_5,Threshold_4,1.0
11263,Person_843,Group_2,Item_5,Threshold_4,0.0
11264,Person_844,Group_2,Item_5,Threshold_4,1.0
11265,Person_845,Group_2,Item_5,Threshold_4,1.0
11266,Person_847,Group_1,Item_5,Threshold_4,0.0
11267,Person_849,Group_1,Item_5,Threshold_4,0.0
11268,Person_850,Group_2,Item_5,Threshold_4,1.0
11269,Person_851,Group_1,Item_5,Threshold_4,1.0
11270,Person_852,Group_1,Item_5,Threshold_4,1.0
11271,Person_855,Group_2,Item_5,Threshold_4,0.0
11272,Person_869,Group_1,Item_5,Threshold_4,0.0
11273,Person_884,Group_2,Item_5,Threshold_4,0.0
11274,Person_887,Group_2,Item_5,Threshold_4,1.0
11275,Person_892,Group_1,Item_5,Threshold_4,0.0
11276,Person_894,Group_1,Item_5,Threshold_4,0.0
11277,Person_898,Group_1,Item_5,Threshold_4,1.0
11278,Person_906,Group_2,Item_5,Threshold_4,1.0
11279,Person_908,Group_1,Item_5,Threshold_4,1.0
11280,Person_910,Group_1,Item_5,Threshold_4,0.0
11281,Person_913,Group_2,Item_5,Threshold_4,0.0
11282,Person_916,Group_2,Item_5,Threshold_4,0.0
11283,Person_922,Group_1,Item_5,Threshold_4,0.0
11284,Person_930,Group_1,Item_5,Threshold_4,0.0
11285,Person_936,Group_1,Item_5,Threshold_4,1.0
11286,Person_939,Group_1,Item_5,Threshold_4,0.0
11287,Person_945,Group_2,Item_5,Threshold_4,1.0
11288,Person_955,Group_2,Item_5,Threshold_4,1.0
11289,Person_963,Group_2,Item_5,Threshold_4,0.0
11290,Person_965,Group_1,Item_5,Threshold_4,1.0
11291,Person_966,Group_1,Item_5,Threshold_4,1.0
11292,Person_971,Group_2,Item_5,Threshold_4,1.0
11293,Person_976,Group_2,Item_5,Threshold_4,0.0
11294,Person_977,Group_1,Item_5,Threshold_4,0.0
11295,Person_979,Group_2,Item_5,Threshold_4,1.0
11296,Person_980,Group_1,Item_5,Threshold_4,0.0
11297,Person_981,Group_2,Item_5,Threshold_4,1.0
11298,Person_987,Group_2,Item_5,Threshold_4,1.0
11299,Person_988,Group_2,Item_5,Threshold_4,1.0
11300,Person_997,Group_2,Item_5,Threshold_4,0.0
11301,Person_998,Group_1,Item_5,Threshold_4,1.0
11302,Person_1003,Group_2,Item_5,Threshold_4,1.0
11303,Person_1009,Group_2,Item_5,Threshold_4,0.0
11304,Person_1017,Group_2,Item_5,Threshold_4,1.0
11305,Person_1023,Group_2,Item_5,Threshold_4,0.0
11306,Person_1028,Group_1,Item_5,Threshold_4,1.0
11307,Person_1030,Group_2,Item_5,Threshold_4,0.0
11308,Person_1034,Group_1,Item_5,Threshold_4,1.0
11309,Person_1036,Group_1,Item_5,Threshold_4,1.0
11310,Person_1039,Group_2,Item_5,Threshold_4,0.0
11311,Person_1041,Group_1,Item_5,Threshold_4,0.0
11312,Person_1046,Group_1,Item_5,Threshold_4,1.0
11313,Person_1050,Group_2,Item_5,Threshold_4,0.0
11314,Person_1053,Group_1,Item_5,Threshold_4,1.0
11315,Person_1056,Group_2,Item_5,Threshold_4,1.0
11316,Person_1058,Group_2,Item_5,Threshold_4,1.0
11317,Person_1059,Group_2,Item_5,Threshold_4,1.0
11318,Person_1060,Group_1,Item_5,Threshold_4,1.0
11319,Person_1061,Group_2,Item_5,Threshold_4,0.0
11320,Person_1068,Group_2,Item_5,Threshold_4,0.0
11321,Person_1070,Group_2,Item_5,Threshold_4,0.0
11322,Person_1071,Group_2,Item_5,Threshold_4,0.0
11323,Person_1075,Group_2,Item_5,Threshold_4,0.0
11324,Person_1078,Group_1,Item_5,Threshold_4,0.0
11325,Person_1079,Group_2,Item_5,Threshold_4,1.0
11326,Person_1084,Group_2,Item_5,Threshold_4,1.0
11327,Person_1085,Group_1,Item_5,Threshold_4,1.0
11328,Person_1088,Group_1,Item_5,Threshold_4,0.0
11329,Person_1092,Group_2,Item_5,Threshold_4,1.0
11330,Person_1094,Group_2,Item_5,Threshold_4,0.0
11331,Person_1095,Group_2,Item_5,Threshold_4,0.0
11332,Person_1104,Group_2,Item_5,Threshold_4,0.0
11333,Person_1105,Group_2,Item_5,Threshold_4,1.0
11334,Person_1110,Group_2,Item_5,Threshold_4,1.0
11335,Person_1119,Group_2,Item_5,Threshold_4,0.0
11336,Person_1123,Group_1,Item_5,Threshold_4,0.0
11337,Person_1124,Group_1,Item_5,Threshold_4,1.0
11338,Person_1127,Group_2,Item_5,Threshold_4,0.0
11339,Person_1129,Group_2,Item_5,Threshold_4,1.0
11340,Person_1134,Group_2,Item_5,Threshold_4,1.0
11341,Person_1138,Group_1,Item_5,Threshold_4,1.0
11342,Person_1146,Group_1,Item_5,Threshold_4,1.0
11343,Person_1147,Group_2,Item_5,Threshold_4,0.0
11344,Person_1152,Group_2,Item_5,Threshold_4,1.0
11345,Person_1161,Group_1,Item_5,Threshold_4,1.0
11346,Person_1162,Group_1,Item_5,Threshold_4,1.0
11347,Person_1178,Group_1,Item_5,Threshold_4,1.0
11348,Person_1183,Group_1,Item_5,Threshold_4,1.0
11349,Person_1190,Group_1,Item_5,Threshold_4,1.0
11350,Person_1196,Group_1,Item_5,Threshold_4,1.0
11351,Person_1197,Group_1,Item_5,Threshold_4,1.0
11352,Person_1199,Group_2,Item_5,Threshold_4,0.0
11353,Person_1204,Group_2,Item_5,Threshold_4,0.0
11354,Person_1205,Group_1,Item_5,Threshold_4,0.0
11355,Person_1206,Group_1,Item_5,Threshold_4,0.0
11356,Person_1208,Group_2,Item_5,Threshold_4,0.0
11357,Person_1217,Group_2,Item_5,Threshold_4,1.0
11358,Person_1218,Group_1,Item_5,Threshold_4,1.0
11359,Person_1223,Group_2,Item_5,Threshold_4,1.0
11360,Person_1227,Group_1,Item_5,Threshold_4,0.0
11361,Person_1229,Group_2,Item_5,Threshold_4,0.0
11362,Person_1240,Group_2,Item_5,Threshold_4,1.0
11363,Person_1248,Group_2,Item_5,Threshold_4,0.0
11364,Person_1249,Group_2,Item_5,Threshold_4,0.0
11365,Person_1250,Group_2,Item_5,Threshold_4,0.0
11366,Person_1253,Group_2,Item_5,Threshold_4,0.0
11367,Person_1256,Group_1,Item_5,Threshold_4,1.0
11368,Person_1257,Group_1,Item_5,Threshold_4,1.0
11369,Person_1270,Group_2,Item_5,Threshold_4,0.0
11370,Person_1271,Group_1,Item_5,Threshold_4,1.0
11371,Person_1272,Group_1,Item_5,Threshold_4,0.0
11372,Person_1276,Group_2,Item_5,Threshold_4,0.0
11373,Person_1283,Group_1,Item_5,Threshold_4,1.0
11374,Person_1287,Group_2,Item_5,Threshold_4,0.0
11375,Person_1293,Group_1,Item_5,Threshold_4,0.0
11376,Person_1296,Group_1,Item_5,Threshold_4,1.0
11377,Person_1297,Group_1,Item_5,Threshold_4,0.0
11378,Person_1298,Group_1,Item_5,Threshold_4,1.0
11379,Person_1307,Group_1,Item_5,Threshold_4,0.0
11380,Person_1310,Group_2,Item_5,Threshold_4,1.0
11381,Person_1316,Group_2,Item_5,Threshold_4,0.0
11382,Person_1317,Group_1,Item_5,Threshold_4,1.0
11383,Person_1322,Group_2,Item_5,Threshold_4,0.0
11384,Person_1325,Group_1,Item_5,Threshold_4,1.0
11385,Person_1328,Group_1,Item_5,Threshold_4,0.0
11386,Person_1330,Group_2,Item_5,Threshold_4,1.0
11387,Person_1334,Group_2,Item_5,Threshold_4,1.0
11388,Person_1336,Group_1,Item_5,Threshold_4,1.0
11389,Person_1337,Group_1,Item_5,Threshold_4,1.0
11390,Person_1340,Group_1,Item_5,Threshold_4,1.0
11391,Person_1342,Group_2,Item_5,Threshold_4,1.0
11392,Person_1343,Group_1,Item_5,Threshold_4,0.0
11393,Person_1346,Group_2,Item_5,Threshold_4,0.0
11394,Person_1351,Group_1,Item_5,Threshold_4,1.0
11395,Person_1352,Group_2,Item_5,Threshold_4,0.0
11396,Person_1353,Group_2,Item_5,Threshold_4,1.0
11397,Person_1354,Group_1,Item_5,Threshold_4,0.0
11398,Person_1355,Group_2,Item_5,Threshold_4,1.0
11399,Person_1360,Group_1,Item_5,Threshold_4,1.0
11400,Person_1364,Group_1,Item_5,Threshold_4,1.0
11401,Person_1373,Group_2,Item_5,Threshold_4,1.0
11402,Person_1376,Group_2,Item_5,Threshold_4,0.0
11403,Person_1380,Group_2,Item_5,Threshold_4,1.0
11404,Person_1381,Group_2,Item_5,Threshold_4,0.0
11405,Person_1384,Group_1,Item_5,Threshold_4,1.0
11406,Person_1385,Group_2,Item_5,Threshold_4,1.0
11407,Person_1391,Group_1,Item_5,Threshold_4,0.0
11408,Person_1399,Group_2,Item_5,Threshold_4,0.0
11409,Person_1400,Group_1,Item_5,Threshold_4,1.0
11410,Person_1414,Group_1,Item_5,Threshold_4,0.0
11411,Person_1436,Group_1,Item_5,Threshold_4,0.0
11412,Person_1441,Group_1,Item_5,Threshold_4,0.0
11413,Person_1442,Group_2,Item_5,Threshold_4,1.0
11414,Person_1445,Group_1,Item_5,Threshold_4,1.0
11415,Person_1446,Group_2,Item_5,Threshold_4,0.0
11416,Person_1450,Group_1,Item_5,Threshold_4,1.0
11417,Person_1452,Group_2,Item_5,Threshold_4,1.0
11418,Person_1458,Group_2,Item_5,Threshold_4,1.0
11419,Person_1463,Group_2,Item_5,Threshold_4,1.0
11420,Person_1468,Group_1,Item_5,Threshold_4,1.0
11421,Person_1478,Group_2,Item_5,Threshold_4,0.0
11422,Person_1479,Group_2,Item_5,Threshold_4,0.0
11423,Person_1480,Group_1,Item_5,Threshold_4,1.0
11424,Person_1482,Group_2,Item_5,Threshold_4,0.0
11425,Person_1483,Group_1,Item_5,Threshold_4,1.0
11426,Person_1485,Group_1,Item_5,Threshold_4,0.0
11427,Person_1490,Group_2,Item_5,Threshold_4,1.0
11428,Person_1491,Group_2,Item_5,Threshold_4,1.0
11429,Person_1496,Group_2,Item_5,Threshold_4,1.0
11430,Person_1504,Group_1,Item_5,Threshold_4,1.0
11431,Person_1505,Group_2,Item_5,Threshold_4,1.0
11432,Person_1506,Group_1,Item_5,Threshold_4,0.0
11433,Person_1510,Group_1,Item_5,Threshold_4,1.0
11434,Person_1511,Group_1,Item_5,Threshold_4,1.0
11435,Person_1512,Group_2,Item_5,Threshold_4,1.0
11436,Person_1516,Group_2,Item_5,Threshold_4,0.0
11437,Person_1522,Group_1,Item_5,Threshold_4,1.0
11438,Person_1523,Group_1,Item_5,Threshold_4,0.0
11439,Person_1524,Group_2,Item_5,Threshold_4,0.0
11440,Person_1525,Group_1,Item_5,Threshold_4,1.0
11441,Person_1533,Group_2,Item_5,Threshold_4,1.0
11442,Person_1536,Group_2,Item_5,Threshold_4,1.0
11443,Person_1539,Group_1,Item_5,Threshold_4,1.0
11444,Person_1540,Group_2,Item_5,Threshold_4,0.0
11445,Person_1545,Group_1,Item_5,Threshold_4,1.0
11446,Person_1549,Group_1,Item_5,Threshold_4,1.0
11447,Person_1552,Group_2,Item_5,Threshold_4,1.0
11448,Person_1553,Group_1,Item_5,Threshold_4,1.0
11449,Person_1554,Group_2,Item_5,Threshold_4,1.0
11450,Person_1555,Group_1,Item_5,Threshold_4,1.0
11451,Person_1564,Group_2,Item_5,Threshold_4,1.0
11452,Person_1565,Group_2,Item_5,Threshold_4,1.0
11453,Person_1567,Group_1,Item_5,Threshold_4,1.0
11454,Person_1571,Group_2,Item_5,Threshold_4,1.0
11455,Person_1579,Group_1,Item_5,Threshold_4,1.0
11456,Person_1580,Group_1,Item_5,Threshold_4,1.0
11457,Person_1582,Group_1,Item_5,Threshold_4,1.0
11458,Person_1583,Group_1,Item_5,Threshold_4,1.0
11459,Person_1585,Group_2,Item_5,Threshold_4,0.0
11460,Person_1592,Group_1,Item_5,Threshold_4,1.0
11461,Person_1594,Group_1,Item_5,Threshold_4,1.0
11462,Person_1598,Group_1,Item_5,Threshold_4,1.0
11463,Person_1603,Group_1,Item_5,Threshold_4,1.0
11464,Person_1604,Group_1,Item_5,Threshold_4,0.0
11465,Person_1606,Group_1,Item_5,Threshold_4,0.0
11466,Person_1607,Group_1,Item_5,Threshold_4,0.0
11467,Person_1611,Group_1,Item_5,Threshold_4,0.0
11468,Person_1624,Group_2,Item_5,Threshold_4,0.0
11469,Person_1630,Group_1,Item_5,Threshold_4,0.0
11470,Person_1632,Group_2,Item_5,Threshold_4,0.0
11471,Person_1636,Group_2,Item_5,Threshold_4,1.0
11472,Person_1637,Group_2,Item_5,Threshold_4,0.0
11473,Person_1638,Group_2,Item_5,Threshold_4,0.0
11474,Person_2,Group_2,Item_5,Threshold_5,0.0
11475,Person_5,Group_1,Item_5,Threshold_5,1.0
11476,Person_6,Group_1,Item_5,Threshold_5,1.0
11477,Person_9,Group_1,Item_5,Threshold_5,1.0
11478,Person_10,Group_2,Item_5,Threshold_5,1.0
11479,Person_11,Group_2,Item_5,Threshold_5,1.0
11480,Person_12,Group_1,Item_5,Threshold_5,1.0
11481,Person_20,Group_2,Item_5,Threshold_5,0.0
11482,Person_21,Group_2,Item_5,Threshold_5,0.0
11483,Person_22,Group_2,Item_5,Threshold_5,1.0
11484,Person_23,Group_1,Item_5,Threshold_5,1.0
11485,Person_24,Group_1,Item_5,Threshold_5,1.0
11486,Person_28,Group_2,Item_5,Threshold_5,0.0
11487,Person_29,Group_1,Item_5,Threshold_5,1.0
11488,Person_32,Group_2,Item_5,Threshold_5,1.0
11489,Person_37,Group_1,Item_5,Threshold_5,1.0
11490,Person_42,Group_1,Item_5,Threshold_5,1.0
11491,Person_43,Group_1,Item_5,Threshold_5,1.0
11492,Person_45,Group_2,Item_5,Threshold_5,1.0
11493,Person_46,Group_1,Item_5,Threshold_5,0.0
11494,Person_47,Group_1,Item_5,Threshold_5,1.0
11495,Person_48,Group_1,Item_5,Threshold_5,0.0
11496,Person_51,Group_1,Item_5,Threshold_5,1.0
11497,Person_53,Group_1,Item_5,Threshold_5,1.0
11498,Person_56,Group_1,Item_5,Threshold_5,1.0
11499,Person_60,Group_2,Item_5,Threshold_5,1.0
11500,Person_61,Group_1,Item_5,Threshold_5,0.0
11501,Person_63,Group_2,Item_5,Threshold_5,0.0
11502,Person_65,Group_2,Item_5,Threshold_5,1.0
11503,Person_67,Group_1,Item_5,Threshold_5,0.0
11504,Person_69,Group_2,Item_5,Threshold_5,1.0
11505,Person_73,Group_2,Item_5,Threshold_5,1.0
11506,Person_75,Group_1,Item_5,Threshold_5,1.0
11507,Person_76,Group_2,Item_5,Threshold_5,1.0
11508,Person_79,Group_1,Item_5,Threshold_5,1.0
11509,Person_80,Group_2,Item_5,Threshold_5,1.0
11510,Person_83,Group_1,Item_5,Threshold_5,1.0
11511,Person_84,Group_1,Item_5,Threshold_5,0.0
11512,Person_85,Group_2,Item_5,Threshold_5,1.0
11513,Person_86,Group_2,Item_5,Threshold_5,1.0
11514,Person_88,Group_1,Item_5,Threshold_5,0.0
11515,Person_89,Group_1,Item_5,Threshold_5,1.0
11516,Person_90,Group_1,Item_5,Threshold_5,1.0
11517,Person_92,Group_2,Item_5,Threshold_5,1.0
11518,Person_95,Group_2,Item_5,Threshold_5,0.0
11519,Person_99,Group_1,Item_5,Threshold_5,1.0
11520,Person_102,Group_2,Item_5,Threshold_5,1.0
11521,Person_103,Group_1,Item_5,Threshold_5,1.0
11522,Person_105,Group_2,Item_5,Threshold_5,1.0
11523,Person_106,Group_1,Item_5,Threshold_5,1.0
11524,Person_111,Group_1,Item_5,Threshold_5,1.0
11525,Person_114,Group_2,Item_5,Threshold_5,0.0
11526,Person_115,Group_1,Item_5,Threshold_5,0.0
11527,Person_119,Group_1,Item_5,Threshold_5,0.0
11528,Person_120,Group_2,Item_5,Threshold_5,0.0
11529,Person_123,Group_2,Item_5,Threshold_5,1.0
11530,Person_124,Group_1,Item_5,Threshold_5,1.0
11531,Person_125,Group_1,Item_5,Threshold_5,1.0
11532,Person_128,Group_1,Item_5,Threshold_5,0.0
11533,Person_129,Group_1,Item_5,Threshold_5,0.0
11534,Person_132,Group_2,Item_5,Threshold_5,1.0
11535,Person_133,Group_1,Item_5,Threshold_5,0.0
11536,Person_134,Group_1,Item_5,Threshold_5,1.0
11537,Person_135,Group_2,Item_5,Threshold_5,1.0
11538,Person_136,Group_2,Item_5,Threshold_5,1.0
11539,Person_138,Group_1,Item_5,Threshold_5,0.0
11540,Person_139,Group_2,Item_5,Threshold_5,1.0
11541,Person_141,Group_2,Item_5,Threshold_5,1.0
11542,Person_144,Group_1,Item_5,Threshold_5,0.0
11543,Person_145,Group_2,Item_5,Threshold_5,1.0
11544,Person_147,Group_2,Item_5,Threshold_5,1.0
11545,Person_148,Group_1,Item_5,Threshold_5,1.0
11546,Person_149,Group_2,Item_5,Threshold_5,1.0
11547,Person_150,Group_2,Item_5,Threshold_5,1.0
11548,Person_151,Group_2,Item_5,Threshold_5,1.0
11549,Person_152,Group_2,Item_5,Threshold_5,1.0
11550,Person_158,Group_1,Item_5,Threshold_5,0.0
11551,Person_160,Group_1,Item_5,Threshold_5,1.0
11552,Person_162,Group_2,Item_5,Threshold_5,1.0
11553,Person_165,Group_1,Item_5,Threshold_5,0.0
11554,Person_166,Group_1,Item_5,Threshold_5,0.0
11555,Person_167,Group_2,Item_5,Threshold_5,1.0
11556,Person_168,Group_1,Item_5,Threshold_5,1.0
11557,Person_173,Group_2,Item_5,Threshold_5,1.0
11558,Person_174,Group_1,Item_5,Threshold_5,1.0
11559,Person_175,Group_2,Item_5,Threshold_5,1.0
11560,Person_176,Group_2,Item_5,Threshold_5,1.0
11561,Person_180,Group_2,Item_5,Threshold_5,1.0
11562,Person_186,Group_1,Item_5,Threshold_5,1.0
11563,Person_195,Group_1,Item_5,Threshold_5,1.0
11564,Person_196,Group_1,Item_5,Threshold_5,0.0
11565,Person_197,Group_2,Item_5,Threshold_5,0.0
11566,Person_198,Group_2,Item_5,Threshold_5,1.0
11567,Person_200,Group_1,Item_5,Threshold_5,1.0
11568,Person_201,Group_2,Item_5,Threshold_5,0.0
11569,Person_203,Group_1,Item_5,Threshold_5,0.0
11570,Person_204,Group_2,Item_5,Threshold_5,1.0
11571,Person_206,Group_2,Item_5,Threshold_5,0.0
11572,Person_207,Group_1,Item_5,Threshold_5,1.0
11573,Person_208,Group_2,Item_5,Threshold_5,0.0
11574,Person_209,Group_2,Item_5,Threshold_5,1.0
11575,Person_211,Group_2,Item_5,Threshold_5,1.0
11576,Person_212,Group_2,Item_5,Threshold_5,0.0
11577,Person_215,Group_1,Item_5,Threshold_5,0.0
11578,Person_216,Group_1,Item_5,Threshold_5,0.0
11579,Person_219,Group_1,Item_5,Threshold_5,0.0
11580,Person_220,Group_2,Item_5,Threshold_5,0.0
11581,Person_221,Group_1,Item_5,Threshold_5,1.0
11582,Person_222,Group_1,Item_5,Threshold_5,0.0
11583,Person_224,Group_2,Item_5,Threshold_5,1.0
11584,Person_227,Group_2,Item_5,Threshold_5,1.0
11585,Person_228,Group_2,Item_5,Threshold_5,0.0
11586,Person_234,Group_2,Item_5,Threshold_5,1.0
11587,Person_235,Group_2,Item_5,Threshold_5,0.0
11588,Person_238,Group_1,Item_5,Threshold_5,1.0
11589,Person_239,Group_2,Item_5,Threshold_5,0.0
11590,Person_240,Group_2,Item_5,Threshold_5,1.0
11591,Person_242,Group_1,Item_5,Threshold_5,1.0
11592,Person_243,Group_1,Item_5,Threshold_5,1.0
11593,Person_244,Group_1,Item_5,Threshold_5,1.0
11594,Person_247,Group_2,Item_5,Threshold_5,1.0
11595,Person_248,Group_1,Item_5,Threshold_5,1.0
11596,Person_249,Group_2,Item_5,Threshold_5,0.0
11597,Person_252,Group_1,Item_5,Threshold_5,1.0
11598,Person_253,Group_1,Item_5,Threshold_5,1.0
11599,Person_254,Group_2,Item_5,Threshold_5,1.0
11600,Person_255,Group_2,Item_5,Threshold_5,0.0
11601,Person_256,Group_2,Item_5,Threshold_5,0.0
11602,Person_257,Group_2,Item_5,Threshold_5,1.0
11603,Person_259,Group_1,Item_5,Threshold_5,1.0
11604,Person_260,Group_1,Item_5,Threshold_5,1.0
11605,Person_265,Group_2,Item_5,Threshold_5,0.0
11606,Person_266,Group_1,Item_5,Threshold_5,0.0
11607,Person_267,Group_2,Item_5,Threshold_5,1.0
11608,Person_269,Group_2,Item_5,Threshold_5,1.0
11609,Person_270,Group_2,Item_5,Threshold_5,1.0
11610,Person_273,Group_1,Item_5,Threshold_5,0.0
11611,Person_276,Group_1,Item_5,Threshold_5,1.0
11612,Person_277,Group_2,Item_5,Threshold_5,1.0
11613,Person_278,Group_1,Item_5,Threshold_5,1.0
11614,Person_279,Group_1,Item_5,Threshold_5,1.0
11615,Person_282,Group_2,Item_5,Threshold_5,1.0
11616,Person_284,Group_2,Item_5,Threshold_5,1.0
11617,Person_286,Group_1,Item_5,Threshold_5,1.0
11618,Person_287,Group_2,Item_5,Threshold_5,0.0
11619,Person_289,Group_2,Item_5,Threshold_5,0.0
11620,Person_290,Group_1,Item_5,Threshold_5,0.0
11621,Person_291,Group_1,Item_5,Threshold_5,0.0
11622,Person_296,Group_2,Item_5,Threshold_5,1.0
11623,Person_297,Group_2,Item_5,Threshold_5,0.0
11624,Person_298,Group_2,Item_5,Threshold_5,1.0
11625,Person_299,Group_1,Item_5,Threshold_5,1.0
11626,Person_300,Group_2,Item_5,Threshold_5,0.0
11627,Person_301,Group_2,Item_5,Threshold_5,1.0
11628,Person_302,Group_1,Item_5,Threshold_5,1.0
11629,Person_303,Group_1,Item_5,Threshold_5,0.0
11630,Person_306,Group_2,Item_5,Threshold_5,1.0
11631,Person_308,Group_1,Item_5,Threshold_5,0.0
11632,Person_310,Group_1,Item_5,Threshold_5,0.0
11633,Person_311,Group_1,Item_5,Threshold_5,1.0
11634,Person_314,Group_1,Item_5,Threshold_5,0.0
11635,Person_315,Group_1,Item_5,Threshold_5,1.0
11636,Person_317,Group_2,Item_5,Threshold_5,0.0
11637,Person_324,Group_2,Item_5,Threshold_5,0.0
11638,Person_327,Group_2,Item_5,Threshold_5,1.0
11639,Person_332,Group_1,Item_5,Threshold_5,1.0
11640,Person_335,Group_1,Item_5,Threshold_5,1.0
11641,Person_336,Group_2,Item_5,Threshold_5,1.0
11642,Person_339,Group_1,Item_5,Threshold_5,0.0
11643,Person_341,Group_2,Item_5,Threshold_5,1.0
11644,Person_343,Group_2,Item_5,Threshold_5,1.0
11645,Person_345,Group_1,Item_5,Threshold_5,1.0
11646,Person_346,Group_2,Item_5,Threshold_5,1.0
11647,Person_347,Group_2,Item_5,Threshold_5,1.0
11648,Person_353,Group_2,Item_5,Threshold_5,1.0
11649,Person_354,Group_1,Item_5,Threshold_5,1.0
11650,Person_355,Group_2,Item_5,Threshold_5,0.0
11651,Person_357,Group_2,Item_5,Threshold_5,1.0
11652,Person_359,Group_2,Item_5,Threshold_5,1.0
11653,Person_363,Group_1,Item_5,Threshold_5,1.0
11654,Person_364,Group_1,Item_5,Threshold_5,0.0
11655,Person_365,Group_2,Item_5,Threshold_5,0.0
11656,Person_366,Group_2,Item_5,Threshold_5,0.0
11657,Person_368,Group_1,Item_5,Threshold_5,1.0
11658,Person_371,Group_1,Item_5,Threshold_5,1.0
11659,Person_373,Group_1,Item_5,Threshold_5,1.0
11660,Person_375,Group_1,Item_5,Threshold_5,0.0
11661,Person_379,Group_1,Item_5,Threshold_5,0.0
11662,Person_380,Group_1,Item_5,Threshold_5,1.0
11663,Person_381,Group_1,Item_5,Threshold_5,1.0
11664,Person_385,Group_1,Item_5,Threshold_5,1.0
11665,Person_387,Group_2,Item_5,Threshold_5,1.0
11666,Person_396,Group_1,Item_5,Threshold_5,0.0
11667,Person_397,Group_1,Item_5,Threshold_5,1.0
11668,Person_399,Group_2,Item_5,Threshold_5,0.0
11669,Person_406,Group_2,Item_5,Threshold_5,1.0
11670,Person_407,Group_2,Item_5,Threshold_5,0.0
11671,Person_408,Group_2,Item_5,Threshold_5,0.0
11672,Person_410,Group_1,Item_5,Threshold_5,1.0
11673,Person_411,Group_2,Item_5,Threshold_5,1.0
11674,Person_413,Group_2,Item_5,Threshold_5,1.0
11675,Person_416,Group_1,Item_5,Threshold_5,1.0
11676,Person_417,Group_2,Item_5,Threshold_5,1.0
11677,Person_418,Group_1,Item_5,Threshold_5,0.0
11678,Person_422,Group_1,Item_5,Threshold_5,1.0
11679,Person_427,Group_1,Item_5,Threshold_5,1.0
11680,Person_428,Group_1,Item_5,Threshold_5,0.0
11681,Person_432,Group_2,Item_5,Threshold_5,0.0
11682,Person_433,Group_1,Item_5,Threshold_5,0.0
11683,Person_434,Group_2,Item_5,Threshold_5,0.0
11684,Person_435,Group_2,Item_5,Threshold_5,0.0
11685,Person_439,Group_2,Item_5,Threshold_5,1.0
11686,Person_440,Group_2,Item_5,Threshold_5,1.0
11687,Person_441,Group_1,Item_5,Threshold_5,0.0
11688,Person_442,Group_2,Item_5,Threshold_5,1.0
11689,Person_443,Group_1,Item_5,Threshold_5,0.0
11690,Person_445,Group_2,Item_5,Threshold_5,1.0
11691,Person_447,Group_1,Item_5,Threshold_5,0.0
11692,Person_448,Group_2,Item_5,Threshold_5,0.0
11693,Person_451,Group_1,Item_5,Threshold_5,1.0
11694,Person_454,Group_1,Item_5,Threshold_5,1.0
11695,Person_455,Group_2,Item_5,Threshold_5,0.0
11696,Person_456,Group_2,Item_5,Threshold_5,1.0
11697,Person_461,Group_1,Item_5,Threshold_5,1.0
11698,Person_462,Group_1,Item_5,Threshold_5,1.0
11699,Person_465,Group_1,Item_5,Threshold_5,1.0
11700,Person_469,Group_2,Item_5,Threshold_5,0.0
11701,Person_471,Group_1,Item_5,Threshold_5,1.0
11702,Person_472,Group_2,Item_5,Threshold_5,1.0
11703,Person_477,Group_1,Item_5,Threshold_5,1.0
11704,Person_479,Group_1,Item_5,Threshold_5,1.0
11705,Person_482,Group_1,Item_5,Threshold_5,1.0
11706,Person_483,Group_2,Item_5,Threshold_5,1.0
11707,Person_484,Group_2,Item_5,Threshold_5,0.0
11708,Person_485,Group_2,Item_5,Threshold_5,0.0
11709,Person_486,Group_2,Item_5,Threshold_5,1.0
11710,Person_487,Group_2,Item_5,Threshold_5,1.0
11711,Person_489,Group_1,Item_5,Threshold_5,1.0
11712,Person_490,Group_1,Item_5,Threshold_5,1.0
11713,Person_493,Group_1,Item_5,Threshold_5,1.0
11714,Person_495,Group_2,Item_5,Threshold_5,0.0
11715,Person_496,Group_2,Item_5,Threshold_5,1.0
11716,Person_497,Group_1,Item_5,Threshold_5,0.0
11717,Person_498,Group_2,Item_5,Threshold_5,1.0
11718,Person_502,Group_2,Item_5,Threshold_5,1.0
11719,Person_503,Group_2,Item_5,Threshold_5,1.0
11720,Person_505,Group_2,Item_5,Threshold_5,0.0
11721,Person_506,Group_2,Item_5,Threshold_5,1.0
11722,Person_510,Group_1,Item_5,Threshold_5,1.0
11723,Person_512,Group_2,Item_5,Threshold_5,1.0
11724,Person_513,Group_1,Item_5,Threshold_5,0.0
11725,Person_519,Group_2,Item_5,Threshold_5,1.0
11726,Person_520,Group_1,Item_5,Threshold_5,0.0
11727,Person_521,Group_1,Item_5,Threshold_5,1.0
11728,Person_523,Group_2,Item_5,Threshold_5,0.0
11729,Person_524,Group_2,Item_5,Threshold_5,1.0
11730,Person_526,Group_2,Item_5,Threshold_5,1.0
11731,Person_527,Group_1,Item_5,Threshold_5,0.0
11732,Person_530,Group_2,Item_5,Threshold_5,1.0
11733,Person_531,Group_1,Item_5,Threshold_5,0.0
11734,Person_534,Group_1,Item_5,Threshold_5,1.0
11735,Person_536,Group_2,Item_5,Threshold_5,0.0
11736,Person_537,Group_1,Item_5,Threshold_5,0.0
11737,Person_539,Group_1,Item_5,Threshold_5,0.0
11738,Person_541,Group_2,Item_5,Threshold_5,1.0
11739,Person_542,Group_2,Item_5,Threshold_5,1.0
11740,Person_544,Group_1,Item_5,Threshold_5,1.0
11741,Person_545,Group_1,Item_5,Threshold_5,1.0
11742,Person_546,Group_1,Item_5,Threshold_5,1.0
11743,Person_549,Group_2,Item_5,Threshold_5,1.0
11744,Person_555,Group_2,Item_5,Threshold_5,1.0
11745,Person_556,Group_2,Item_5,Threshold_5,1.0
11746,Person_557,Group_2,Item_5,Threshold_5,0.0
11747,Person_558,Group_1,Item_5,Threshold_5,0.0
11748,Person_559,Group_2,Item_5,Threshold_5,1.0
11749,Person_561,Group_2,Item_5,Threshold_5,1.0
11750,Person_565,Group_2,Item_5,Threshold_5,1.0
11751,Person_567,Group_1,Item_5,Threshold_5,0.0
11752,Person_570,Group_2,Item_5,Threshold_5,0.0
11753,Person_573,Group_2,Item_5,Threshold_5,0.0
11754,Person_574,Group_1,Item_5,Threshold_5,0.0
11755,Person_575,Group_1,Item_5,Threshold_5,1.0
11756,Person_577,Group_1,Item_5,Threshold_5,1.0
11757,Person_580,Group_2,Item_5,Threshold_5,1.0
11758,Person_585,Group_2,Item_5,Threshold_5,1.0
11759,Person_586,Group_2,Item_5,Threshold_5,0.0
11760,Person_589,Group_2,Item_5,Threshold_5,1.0
11761,Person_590,Group_1,Item_5,Threshold_5,0.0
11762,Person_591,Group_2,Item_5,Threshold_5,1.0
11763,Person_592,Group_1,Item_5,Threshold_5,1.0
11764,Person_593,Group_1,Item_5,Threshold_5,0.0
11765,Person_596,Group_1,Item_5,Threshold_5,0.0
11766,Person_599,Group_1,Item_5,Threshold_5,1.0
11767,Person_600,Group_2,Item_5,Threshold_5,0.0
11768,Person_601,Group_2,Item_5,Threshold_5,0.0
11769,Person_602,Group_2,Item_5,Threshold_5,1.0
11770,Person_604,Group_1,Item_5,Threshold_5,0.0
11771,Person_613,Group_1,Item_5,Threshold_5,0.0
11772,Person_614,Group_2,Item_5,Threshold_5,1.0
11773,Person_615,Group_2,Item_5,Threshold_5,0.0
11774,Person_616,Group_2,Item_5,Threshold_5,0.0
11775,Person_617,Group_1,Item_5,Threshold_5,1.0
11776,Person_619,Group_2,Item_5,Threshold_5,1.0
11777,Person_621,Group_1,Item_5,Threshold_5,1.0
11778,Person_622,Group_2,Item_5,Threshold_5,0.0
11779,Person_625,Group_1,Item_5,Threshold_5,1.0
11780,Person_628,Group_2,Item_5,Threshold_5,1.0
11781,Person_629,Group_2,Item_5,Threshold_5,0.0
11782,Person_632,Group_2,Item_5,Threshold_5,1.0
11783,Person_633,Group_1,Item_5,Threshold_5,1.0
11784,Person_635,Group_2,Item_5,Threshold_5,0.0
11785,Person_636,Group_2,Item_5,Threshold_5,0.0
11786,Person_637,Group_2,Item_5,Threshold_5,0.0
11787,Person_641,Group_1,Item_5,Threshold_5,1.0
11788,Person_643,Group_1,Item_5,Threshold_5,1.0
11789,Person_646,Group_1,Item_5,Threshold_5,1.0
11790,Person_648,Group_2,Item_5,Threshold_5,0.0
11791,Person_649,Group_1,Item_5,Threshold_5,1.0
11792,Person_651,Group_1,Item_5,Threshold_5,1.0
11793,Person_652,Group_2,Item_5,Threshold_5,0.0
11794,Person_653,Group_2,Item_5,Threshold_5,1.0
11795,Person_654,Group_1,Item_5,Threshold_5,1.0
11796,Person_659,Group_1,Item_5,Threshold_5,0.0
11797,Person_664,Group_1,Item_5,Threshold_5,1.0
11798,Person_667,Group_2,Item_5,Threshold_5,0.0
11799,Person_671,Group_1,Item_5,Threshold_5,0.0
11800,Person_674,Group_2,Item_5,Threshold_5,1.0
11801,Person_676,Group_2,Item_5,Threshold_5,1.0
11802,Person_683,Group_2,Item_5,Threshold_5,1.0
11803,Person_684,Group_1,Item_5,Threshold_5,1.0
11804,Person_686,Group_1,Item_5,Threshold_5,1.0
11805,Person_687,Group_1,Item_5,Threshold_5,1.0
11806,Person_689,Group_1,Item_5,Threshold_5,0.0
11807,Person_690,Group_1,Item_5,Threshold_5,0.0
11808,Person_691,Group_2,Item_5,Threshold_5,1.0
11809,Person_692,Group_2,Item_5,Threshold_5,1.0
11810,Person_693,Group_2,Item_5,Threshold_5,0.0
11811,Person_694,Group_2,Item_5,Threshold_5,1.0
11812,Person_698,Group_2,Item_5,Threshold_5,1.0
11813,Person_704,Group_1,Item_5,Threshold_5,1.0
11814,Person_705,Group_2,Item_5,Threshold_5,0.0
11815,Person_707,Group_2,Item_5,Threshold_5,1.0
11816,Person_708,Group_2,Item_5,Threshold_5,0.0
11817,Person_709,Group_1,Item_5,Threshold_5,1.0
11818,Person_710,Group_1,Item_5,Threshold_5,1.0
11819,Person_711,Group_1,Item_5,Threshold_5,1.0
11820,Person_713,Group_1,Item_5,Threshold_5,1.0
11821,Person_719,Group_1,Item_5,Threshold_5,1.0
11822,Person_722,Group_1,Item_5,Threshold_5,1.0
11823,Person_723,Group_1,Item_5,Threshold_5,1.0
11824,Person_731,Group_2,Item_5,Threshold_5,1.0
11825,Person_733,Group_2,Item_5,Threshold_5,1.0
11826,Person_735,Group_1,Item_5,Threshold_5,0.0
11827,Person_736,Group_2,Item_5,Threshold_5,0.0
11828,Person_737,Group_1,Item_5,Threshold_5,0.0
11829,Person_738,Group_1,Item_5,Threshold_5,1.0
11830,Person_739,Group_2,Item_5,Threshold_5,0.0
11831,Person_741,Group_2,Item_5,Threshold_5,1.0
11832,Person_742,Group_2,Item_5,Threshold_5,1.0
11833,Person_743,Group_1,Item_5,Threshold_5,1.0
11834,Person_744,Group_2,Item_5,Threshold_5,1.0
11835,Person_746,Group_2,Item_5,Threshold_5,1.0
11836,Person_747,Group_2,Item_5,Threshold_5,0.0
11837,Person_748,Group_1,Item_5,Threshold_5,1.0
11838,Person_751,Group_2,Item_5,Threshold_5,1.0
11839,Person_757,Group_2,Item_5,Threshold_5,1.0
11840,Person_763,Group_2,Item_5,Threshold_5,0.0
11841,Person_764,Group_2,Item_5,Threshold_5,0.0
11842,Person_768,Group_2,Item_5,Threshold_5,0.0
11843,Person_771,Group_2,Item_5,Threshold_5,1.0
11844,Person_772,Group_1,Item_5,Threshold_5,0.0
11845,Person_776,Group_2,Item_5,Threshold_5,1.0
11846,Person_777,Group_1,Item_5,Threshold_5,1.0
11847,Person_778,Group_2,Item_5,Threshold_5,1.0
11848,Person_781,Group_1,Item_5,Threshold_5,0.0
11849,Person_782,Group_2,Item_5,Threshold_5,1.0
11850,Person_784,Group_1,Item_5,Threshold_5,1.0
11851,Person_786,Group_2,Item_5,Threshold_5,1.0
11852,Person_791,Group_2,Item_5,Threshold_5,1.0
11853,Person_792,Group_2,Item_5,Threshold_5,0.0
11854,Person_793,Group_2,Item_5,Threshold_5,0.0
11855,Person_795,Group_2,Item_5,Threshold_5,1.0
11856,Person_796,Group_1,Item_5,Threshold_5,0.0
11857,Person_797,Group_2,Item_5,Threshold_5,1.0
11858,Person_798,Group_2,Item_5,Threshold_5,0.0
11859,Person_799,Group_1,Item_5,Threshold_5,1.0
11860,Person_800,Group_2,Item_5,Threshold_5,1.0
11861,Person_801,Group_1,Item_5,Threshold_5,1.0
11862,Person_802,Group_1,Item_5,Threshold_5,1.0
11863,Person_804,Group_2,Item_5,Threshold_5,1.0
11864,Person_805,Group_2,Item_5,Threshold_5,1.0
11865,Person_806,Group_1,Item_5,Threshold_5,0.0
11866,Person_807,Group_1,Item_5,Threshold_5,0.0
11867,Person_811,Group_2,Item_5,Threshold_5,0.0
11868,Person_814,Group_2,Item_5,Threshold_5,1.0
11869,Person_815,Group_1,Item_5,Threshold_5,1.0
11870,Person_817,Group_1,Item_5,Threshold_5,1.0
11871,Person_818,Group_1,Item_5,Threshold_5,1.0
11872,Person_820,Group_1,Item_5,Threshold_5,1.0
11873,Person_821,Group_2,Item_5,Threshold_5,0.0
11874,Person_822,Group_1,Item_5,Threshold_5,1.0
11875,Person_824,Group_2,Item_5,Threshold_5,1.0
11876,Person_825,Group_2,Item_5,Threshold_5,1.0
11877,Person_828,Group_1,Item_5,Threshold_5,1.0
11878,Person_830,Group_2,Item_5,Threshold_5,1.0
11879,Person_833,Group_1,Item_5,Threshold_5,1.0
11880,Person_834,Group_2,Item_5,Threshold_5,0.0
11881,Person_838,Group_2,Item_5,Threshold_5,1.0
11882,Person_840,Group_1,Item_5,Threshold_5,0.0
11883,Person_841,Group_1,Item_5,Threshold_5,1.0
11884,Person_844,Group_1,Item_5,Threshold_5,0.0
11885,Person_845,Group_2,Item_5,Threshold_5,0.0
11886,Person_848,Group_1,Item_5,Threshold_5,1.0
11887,Person_850,Group_2,Item_5,Threshold_5,0.0
11888,Person_851,Group_1,Item_5,Threshold_5,0.0
11889,Person_852,Group_2,Item_5,Threshold_5,0.0
11890,Person_853,Group_1,Item_5,Threshold_5,1.0
11891,Person_854,Group_2,Item_5,Threshold_5,1.0
11892,Person_860,Group_2,Item_5,Threshold_5,1.0
11893,Person_861,Group_1,Item_5,Threshold_5,1.0
11894,Person_864,Group_1,Item_5,Threshold_5,1.0
11895,Person_866,Group_1,Item_5,Threshold_5,1.0
11896,Person_871,Group_2,Item_5,Threshold_5,1.0
11897,Person_872,Group_1,Item_5,Threshold_5,1.0
11898,Person_874,Group_2,Item_5,Threshold_5,1.0
11899,Person_876,Group_2,Item_5,Threshold_5,1.0
11900,Person_878,Group_2,Item_5,Threshold_5,1.0
11901,Person_887,Group_1,Item_5,Threshold_5,0.0
11902,Person_889,Group_2,Item_5,Threshold_5,1.0
11903,Person_890,Group_2,Item_5,Threshold_5,1.0
11904,Person_895,Group_2,Item_5,Threshold_5,1.0
11905,Person_897,Group_2,Item_5,Threshold_5,1.0
11906,Person_898,Group_2,Item_5,Threshold_5,0.0
11907,Person_899,Group_2,Item_5,Threshold_5,1.0
11908,Person_900,Group_2,Item_5,Threshold_5,1.0
11909,Person_901,Group_1,Item_5,Threshold_5,1.0
11910,Person_904,Group_2,Item_5,Threshold_5,1.0
11911,Person_905,Group_2,Item_5,Threshold_5,1.0
11912,Person_906,Group_1,Item_5,Threshold_5,0.0
11913,Person_908,Group_2,Item_5,Threshold_5,0.0
11914,Person_909,Group_1,Item_5,Threshold_5,1.0
11915,Person_911,Group_1,Item_5,Threshold_5,1.0
11916,Person_918,Group_1,Item_5,Threshold_5,1.0
11917,Person_919,Group_2,Item_5,Threshold_5,1.0
11918,Person_920,Group_1,Item_5,Threshold_5,1.0
11919,Person_921,Group_1,Item_5,Threshold_5,1.0
11920,Person_926,Group_1,Item_5,Threshold_5,1.0
11921,Person_927,Group_1,Item_5,Threshold_5,1.0
11922,Person_929,Group_2,Item_5,Threshold_5,1.0
11923,Person_933,Group_1,Item_5,Threshold_5,1.0
11924,Person_936,Group_1,Item_5,Threshold_5,0.0
11925,Person_937,Group_2,Item_5,Threshold_5,1.0
11926,Person_938,Group_1,Item_5,Threshold_5,1.0
11927,Person_941,Group_1,Item_5,Threshold_5,1.0
11928,Person_942,Group_2,Item_5,Threshold_5,1.0
11929,Person_943,Group_2,Item_5,Threshold_5,1.0
11930,Person_944,Group_1,Item_5,Threshold_5,1.0
11931,Person_945,Group_1,Item_5,Threshold_5,0.0
11932,Person_946,Group_2,Item_5,Threshold_5,1.0
11933,Person_948,Group_2,Item_5,Threshold_5,1.0
11934,Person_949,Group_1,Item_5,Threshold_5,1.0
11935,Person_952,Group_2,Item_5,Threshold_5,1.0
11936,Person_955,Group_1,Item_5,Threshold_5,0.0
11937,Person_958,Group_2,Item_5,Threshold_5,1.0
11938,Person_960,Group_1,Item_5,Threshold_5,1.0
11939,Person_964,Group_1,Item_5,Threshold_5,1.0
11940,Person_965,Group_2,Item_5,Threshold_5,0.0
11941,Person_966,Group_1,Item_5,Threshold_5,0.0
11942,Person_968,Group_2,Item_5,Threshold_5,1.0
11943,Person_970,Group_2,Item_5,Threshold_5,1.0
11944,Person_971,Group_1,Item_5,Threshold_5,0.0
11945,Person_975,Group_1,Item_5,Threshold_5,1.0
11946,Person_979,Group_2,Item_5,Threshold_5,0.0
11947,Person_981,Group_1,Item_5,Threshold_5,0.0
11948,Person_987,Group_1,Item_5,Threshold_5,0.0
11949,Person_988,Group_2,Item_5,Threshold_5,0.0
11950,Person_989,Group_2,Item_5,Threshold_5,1.0
11951,Person_990,Group_2,Item_5,Threshold_5,1.0
11952,Person_993,Group_1,Item_5,Threshold_5,1.0
11953,Person_994,Group_2,Item_5,Threshold_5,1.0
11954,Person_995,Group_2,Item_5,Threshold_5,1.0
11955,Person_996,Group_1,Item_5,Threshold_5,1.0
11956,Person_998,Group_2,Item_5,Threshold_5,0.0
11957,Person_999,Group_2,Item_5,Threshold_5,1.0
11958,Person_1001,Group_1,Item_5,Threshold_5,1.0
11959,Person_1003,Group_2,Item_5,Threshold_5,0.0
11960,Person_1005,Group_2,Item_5,Threshold_5,1.0
11961,Person_1008,Group_1,Item_5,Threshold_5,1.0
11962,Person_1010,Group_2,Item_5,Threshold_5,1.0
11963,Person_1013,Group_1,Item_5,Threshold_5,1.0
11964,Person_1014,Group_2,Item_5,Threshold_5,1.0
11965,Person_1017,Group_1,Item_5,Threshold_5,0.0
11966,Person_1021,Group_2,Item_5,Threshold_5,1.0
11967,Person_1028,Group_1,Item_5,Threshold_5,0.0
11968,Person_1031,Group_1,Item_5,Threshold_5,1.0
11969,Person_1032,Group_2,Item_5,Threshold_5,1.0
11970,Person_1034,Group_2,Item_5,Threshold_5,0.0
11971,Person_1036,Group_2,Item_5,Threshold_5,0.0
11972,Person_1038,Group_2,Item_5,Threshold_5,1.0
11973,Person_1045,Group_2,Item_5,Threshold_5,1.0
11974,Person_1046,Group_1,Item_5,Threshold_5,0.0
11975,Person_1048,Group_1,Item_5,Threshold_5,1.0
11976,Person_1049,Group_2,Item_5,Threshold_5,1.0
11977,Person_1051,Group_1,Item_5,Threshold_5,1.0
11978,Person_1053,Group_2,Item_5,Threshold_5,0.0
11979,Person_1055,Group_1,Item_5,Threshold_5,1.0
11980,Person_1056,Group_1,Item_5,Threshold_5,0.0
11981,Person_1058,Group_2,Item_5,Threshold_5,0.0
11982,Person_1059,Group_2,Item_5,Threshold_5,0.0
11983,Person_1060,Group_2,Item_5,Threshold_5,0.0
11984,Person_1065,Group_1,Item_5,Threshold_5,1.0
11985,Person_1066,Group_2,Item_5,Threshold_5,1.0
11986,Person_1069,Group_1,Item_5,Threshold_5,1.0
11987,Person_1074,Group_2,Item_5,Threshold_5,1.0
11988,Person_1079,Group_1,Item_5,Threshold_5,0.0
11989,Person_1082,Group_2,Item_5,Threshold_5,1.0
11990,Person_1083,Group_1,Item_5,Threshold_5,1.0
11991,Person_1084,Group_2,Item_5,Threshold_5,0.0
11992,Person_1085,Group_1,Item_5,Threshold_5,0.0
11993,Person_1086,Group_2,Item_5,Threshold_5,1.0
11994,Person_1089,Group_1,Item_5,Threshold_5,1.0
11995,Person_1090,Group_2,Item_5,Threshold_5,1.0
11996,Person_1092,Group_1,Item_5,Threshold_5,0.0
11997,Person_1097,Group_1,Item_5,Threshold_5,1.0
11998,Person_1100,Group_1,Item_5,Threshold_5,1.0
11999,Person_1103,Group_2,Item_5,Threshold_5,1.0
12000,Person_1105,Group_2,Item_5,Threshold_5,0.0
12001,Person_1106,Group_2,Item_5,Threshold_5,1.0
12002,Person_1107,Group_1,Item_5,Threshold_5,1.0
12003,Person_1108,Group_2,Item_5,Threshold_5,1.0
12004,Person_1110,Group_2,Item_5,Threshold_5,0.0
12005,Person_1111,Group_2,Item_5,Threshold_5,1.0
12006,Person_1118,Group_2,Item_5,Threshold_5,1.0
12007,Person_1124,Group_2,Item_5,Threshold_5,0.0
12008,Person_1125,Group_2,Item_5,Threshold_5,1.0
12009,Person_1126,Group_2,Item_5,Threshold_5,1.0
12010,Person_1128,Group_2,Item_5,Threshold_5,1.0
12011,Person_1129,Group_1,Item_5,Threshold_5,0.0
12012,Person_1131,Group_1,Item_5,Threshold_5,1.0
12013,Person_1133,Group_1,Item_5,Threshold_5,1.0
12014,Person_1134,Group_2,Item_5,Threshold_5,0.0
12015,Person_1135,Group_1,Item_5,Threshold_5,1.0
12016,Person_1137,Group_1,Item_5,Threshold_5,1.0
12017,Person_1138,Group_1,Item_5,Threshold_5,0.0
12018,Person_1140,Group_1,Item_5,Threshold_5,1.0
12019,Person_1145,Group_1,Item_5,Threshold_5,1.0
12020,Person_1146,Group_1,Item_5,Threshold_5,0.0
12021,Person_1148,Group_1,Item_5,Threshold_5,1.0
12022,Person_1152,Group_1,Item_5,Threshold_5,0.0
12023,Person_1155,Group_2,Item_5,Threshold_5,1.0
12024,Person_1156,Group_1,Item_5,Threshold_5,1.0
12025,Person_1157,Group_1,Item_5,Threshold_5,1.0
12026,Person_1159,Group_2,Item_5,Threshold_5,1.0
12027,Person_1160,Group_2,Item_5,Threshold_5,1.0
12028,Person_1161,Group_2,Item_5,Threshold_5,0.0
12029,Person_1162,Group_1,Item_5,Threshold_5,0.0
12030,Person_1164,Group_1,Item_5,Threshold_5,1.0
12031,Person_1167,Group_1,Item_5,Threshold_5,1.0
12032,Person_1172,Group_2,Item_5,Threshold_5,1.0
12033,Person_1174,Group_2,Item_5,Threshold_5,1.0
12034,Person_1177,Group_2,Item_5,Threshold_5,1.0
12035,Person_1178,Group_2,Item_5,Threshold_5,0.0
12036,Person_1181,Group_1,Item_5,Threshold_5,1.0
12037,Person_1182,Group_1,Item_5,Threshold_5,1.0
12038,Person_1183,Group_2,Item_5,Threshold_5,0.0
12039,Person_1184,Group_1,Item_5,Threshold_5,1.0
12040,Person_1185,Group_1,Item_5,Threshold_5,1.0
12041,Person_1186,Group_2,Item_5,Threshold_5,1.0
12042,Person_1187,Group_1,Item_5,Threshold_5,1.0
12043,Person_1189,Group_1,Item_5,Threshold_5,1.0
12044,Person_1190,Group_2,Item_5,Threshold_5,0.0
12045,Person_1191,Group_1,Item_5,Threshold_5,1.0
12046,Person_1195,Group_2,Item_5,Threshold_5,1.0
12047,Person_1196,Group_1,Item_5,Threshold_5,0.0
12048,Person_1197,Group_1,Item_5,Threshold_5,0.0
12049,Person_1201,Group_1,Item_5,Threshold_5,1.0
12050,Person_1202,Group_1,Item_5,Threshold_5,1.0
12051,Person_1209,Group_2,Item_5,Threshold_5,1.0
12052,Person_1210,Group_1,Item_5,Threshold_5,1.0
12053,Person_1212,Group_2,Item_5,Threshold_5,1.0
12054,Person_1213,Group_1,Item_5,Threshold_5,1.0
12055,Person_1217,Group_2,Item_5,Threshold_5,0.0
12056,Person_1218,Group_2,Item_5,Threshold_5,0.0
12057,Person_1220,Group_1,Item_5,Threshold_5,1.0
12058,Person_1221,Group_1,Item_5,Threshold_5,1.0
12059,Person_1223,Group_1,Item_5,Threshold_5,0.0
12060,Person_1224,Group_2,Item_5,Threshold_5,1.0
12061,Person_1225,Group_1,Item_5,Threshold_5,1.0
12062,Person_1226,Group_1,Item_5,Threshold_5,1.0
12063,Person_1230,Group_1,Item_5,Threshold_5,1.0
12064,Person_1231,Group_2,Item_5,Threshold_5,1.0
12065,Person_1233,Group_2,Item_5,Threshold_5,1.0
12066,Person_1237,Group_1,Item_5,Threshold_5,1.0
12067,Person_1238,Group_2,Item_5,Threshold_5,1.0
12068,Person_1239,Group_2,Item_5,Threshold_5,1.0
12069,Person_1240,Group_2,Item_5,Threshold_5,0.0
12070,Person_1242,Group_1,Item_5,Threshold_5,1.0
12071,Person_1246,Group_2,Item_5,Threshold_5,1.0
12072,Person_1251,Group_2,Item_5,Threshold_5,1.0
12073,Person_1255,Group_2,Item_5,Threshold_5,1.0
12074,Person_1256,Group_1,Item_5,Threshold_5,0.0
12075,Person_1257,Group_1,Item_5,Threshold_5,0.0
12076,Person_1265,Group_2,Item_5,Threshold_5,1.0
12077,Person_1266,Group_2,Item_5,Threshold_5,1.0
12078,Person_1271,Group_1,Item_5,Threshold_5,0.0
12079,Person_1273,Group_1,Item_5,Threshold_5,1.0
12080,Person_1277,Group_1,Item_5,Threshold_5,1.0
12081,Person_1282,Group_2,Item_5,Threshold_5,1.0
12082,Person_1283,Group_1,Item_5,Threshold_5,0.0
12083,Person_1285,Group_2,Item_5,Threshold_5,1.0
12084,Person_1286,Group_1,Item_5,Threshold_5,1.0
12085,Person_1289,Group_1,Item_5,Threshold_5,1.0
12086,Person_1290,Group_2,Item_5,Threshold_5,1.0
12087,Person_1291,Group_2,Item_5,Threshold_5,1.0
12088,Person_1292,Group_1,Item_5,Threshold_5,1.0
12089,Person_1296,Group_1,Item_5,Threshold_5,0.0
12090,Person_1298,Group_2,Item_5,Threshold_5,0.0
12091,Person_1299,Group_2,Item_5,Threshold_5,1.0
12092,Person_1305,Group_1,Item_5,Threshold_5,1.0
12093,Person_1309,Group_1,Item_5,Threshold_5,1.0
12094,Person_1310,Group_1,Item_5,Threshold_5,0.0
12095,Person_1311,Group_2,Item_5,Threshold_5,1.0
12096,Person_1312,Group_2,Item_5,Threshold_5,1.0
12097,Person_1314,Group_1,Item_5,Threshold_5,1.0
12098,Person_1315,Group_2,Item_5,Threshold_5,1.0
12099,Person_1317,Group_2,Item_5,Threshold_5,0.0
12100,Person_1319,Group_2,Item_5,Threshold_5,1.0
12101,Person_1323,Group_1,Item_5,Threshold_5,1.0
12102,Person_1324,Group_1,Item_5,Threshold_5,1.0
12103,Person_1325,Group_1,Item_5,Threshold_5,0.0
12104,Person_1326,Group_1,Item_5,Threshold_5,1.0
12105,Person_1327,Group_2,Item_5,Threshold_5,1.0
12106,Person_1329,Group_2,Item_5,Threshold_5,1.0
12107,Person_1330,Group_1,Item_5,Threshold_5,0.0
12108,Person_1331,Group_2,Item_5,Threshold_5,1.0
12109,Person_1332,Group_1,Item_5,Threshold_5,1.0
12110,Person_1333,Group_1,Item_5,Threshold_5,1.0
12111,Person_1334,Group_2,Item_5,Threshold_5,0.0
12112,Person_1336,Group_2,Item_5,Threshold_5,0.0
12113,Person_1337,Group_1,Item_5,Threshold_5,0.0
12114,Person_1340,Group_1,Item_5,Threshold_5,0.0
12115,Person_1342,Group_2,Item_5,Threshold_5,0.0
12116,Person_1344,Group_2,Item_5,Threshold_5,1.0
12117,Person_1347,Group_1,Item_5,Threshold_5,1.0
12118,Person_1348,Group_2,Item_5,Threshold_5,1.0
12119,Person_1349,Group_1,Item_5,Threshold_5,1.0
12120,Person_1351,Group_1,Item_5,Threshold_5,0.0
12121,Person_1353,Group_2,Item_5,Threshold_5,0.0
12122,Person_1355,Group_1,Item_5,Threshold_5,0.0
12123,Person_1358,Group_1,Item_5,Threshold_5,1.0
12124,Person_1360,Group_2,Item_5,Threshold_5,0.0
12125,Person_1361,Group_2,Item_5,Threshold_5,1.0
12126,Person_1362,Group_2,Item_5,Threshold_5,1.0
12127,Person_1363,Group_2,Item_5,Threshold_5,1.0
12128,Person_1364,Group_1,Item_5,Threshold_5,0.0
12129,Person_1372,Group_2,Item_5,Threshold_5,1.0
12130,Person_1373,Group_1,Item_5,Threshold_5,0.0
12131,Person_1375,Group_2,Item_5,Threshold_5,1.0
12132,Person_1377,Group_1,Item_5,Threshold_5,1.0
12133,Person_1378,Group_1,Item_5,Threshold_5,1.0
12134,Person_1379,Group_1,Item_5,Threshold_5,1.0
12135,Person_1380,Group_1,Item_5,Threshold_5,0.0
12136,Person_1384,Group_1,Item_5,Threshold_5,0.0
12137,Person_1385,Group_2,Item_5,Threshold_5,0.0
12138,Person_1386,Group_1,Item_5,Threshold_5,1.0
12139,Person_1388,Group_1,Item_5,Threshold_5,1.0
12140,Person_1389,Group_1,Item_5,Threshold_5,1.0
12141,Person_1395,Group_2,Item_5,Threshold_5,1.0
12142,Person_1400,Group_2,Item_5,Threshold_5,0.0
12143,Person_1401,Group_2,Item_5,Threshold_5,1.0
12144,Person_1405,Group_1,Item_5,Threshold_5,1.0
12145,Person_1406,Group_2,Item_5,Threshold_5,1.0
12146,Person_1407,Group_1,Item_5,Threshold_5,1.0
12147,Person_1409,Group_1,Item_5,Threshold_5,1.0
12148,Person_1411,Group_2,Item_5,Threshold_5,1.0
12149,Person_1413,Group_2,Item_5,Threshold_5,1.0
12150,Person_1415,Group_2,Item_5,Threshold_5,1.0
12151,Person_1416,Group_2,Item_5,Threshold_5,1.0
12152,Person_1417,Group_1,Item_5,Threshold_5,1.0
12153,Person_1418,Group_1,Item_5,Threshold_5,1.0
12154,Person_1419,Group_2,Item_5,Threshold_5,1.0
12155,Person_1420,Group_2,Item_5,Threshold_5,1.0
12156,Person_1421,Group_1,Item_5,Threshold_5,1.0
12157,Person_1423,Group_1,Item_5,Threshold_5,1.0
12158,Person_1426,Group_2,Item_5,Threshold_5,1.0
12159,Person_1427,Group_1,Item_5,Threshold_5,1.0
12160,Person_1431,Group_2,Item_5,Threshold_5,1.0
12161,Person_1432,Group_1,Item_5,Threshold_5,1.0
12162,Person_1442,Group_1,Item_5,Threshold_5,0.0
12163,Person_1445,Group_2,Item_5,Threshold_5,0.0
12164,Person_1450,Group_1,Item_5,Threshold_5,0.0
12165,Person_1451,Group_2,Item_5,Threshold_5,1.0
12166,Person_1452,Group_2,Item_5,Threshold_5,0.0
12167,Person_1455,Group_1,Item_5,Threshold_5,1.0
12168,Person_1458,Group_2,Item_5,Threshold_5,0.0
12169,Person_1461,Group_1,Item_5,Threshold_5,1.0
12170,Person_1463,Group_2,Item_5,Threshold_5,0.0
12171,Person_1464,Group_1,Item_5,Threshold_5,1.0
12172,Person_1466,Group_1,Item_5,Threshold_5,1.0
12173,Person_1468,Group_2,Item_5,Threshold_5,0.0
12174,Person_1472,Group_1,Item_5,Threshold_5,1.0
12175,Person_1473,Group_2,Item_5,Threshold_5,1.0
12176,Person_1480,Group_1,Item_5,Threshold_5,0.0
12177,Person_1483,Group_1,Item_5,Threshold_5,0.0
12178,Person_1484,Group_1,Item_5,Threshold_5,1.0
12179,Person_1486,Group_2,Item_5,Threshold_5,1.0
12180,Person_1490,Group_2,Item_5,Threshold_5,0.0
12181,Person_1491,Group_2,Item_5,Threshold_5,0.0
12182,Person_1494,Group_2,Item_5,Threshold_5,1.0
12183,Person_1496,Group_1,Item_5,Threshold_5,0.0
12184,Person_1498,Group_1,Item_5,Threshold_5,1.0
12185,Person_1499,Group_1,Item_5,Threshold_5,1.0
12186,Person_1500,Group_2,Item_5,Threshold_5,1.0
12187,Person_1502,Group_2,Item_5,Threshold_5,1.0
12188,Person_1503,Group_1,Item_5,Threshold_5,1.0
12189,Person_1504,Group_1,Item_5,Threshold_5,0.0
12190,Person_1505,Group_1,Item_5,Threshold_5,0.0
12191,Person_1510,Group_2,Item_5,Threshold_5,0.0
12192,Person_1511,Group_1,Item_5,Threshold_5,0.0
12193,Person_1512,Group_1,Item_5,Threshold_5,0.0
12194,Person_1514,Group_1,Item_5,Threshold_5,1.0
12195,Person_1517,Group_1,Item_5,Threshold_5,1.0
12196,Person_1519,Group_1,Item_5,Threshold_5,1.0
12197,Person_1520,Group_1,Item_5,Threshold_5,1.0
12198,Person_1522,Group_2,Item_5,Threshold_5,0.0
12199,Person_1525,Group_1,Item_5,Threshold_5,0.0
12200,Person_1533,Group_1,Item_5,Threshold_5,0.0
12201,Person_1536,Group_2,Item_5,Threshold_5,0.0
12202,Person_1539,Group_2,Item_5,Threshold_5,0.0
12203,Person_1541,Group_1,Item_5,Threshold_5,1.0
12204,Person_1542,Group_1,Item_5,Threshold_5,1.0
12205,Person_1543,Group_2,Item_5,Threshold_5,1.0
12206,Person_1545,Group_1,Item_5,Threshold_5,0.0
12207,Person_1547,Group_1,Item_5,Threshold_5,1.0
12208,Person_1549,Group_2,Item_5,Threshold_5,0.0
12209,Person_1550,Group_2,Item_5,Threshold_5,1.0
12210,Person_1551,Group_2,Item_5,Threshold_5,1.0
12211,Person_1552,Group_2,Item_5,Threshold_5,0.0
12212,Person_1553,Group_1,Item_5,Threshold_5,0.0
12213,Person_1554,Group_1,Item_5,Threshold_5,0.0
12214,Person_1555,Group_1,Item_5,Threshold_5,0.0
12215,Person_1556,Group_2,Item_5,Threshold_5,1.0
12216,Person_1560,Group_1,Item_5,Threshold_5,1.0
12217,Person_1564,Group_2,Item_5,Threshold_5,0.0
12218,Person_1565,Group_2,Item_5,Threshold_5,0.0
12219,Person_1567,Group_1,Item_5,Threshold_5,0.0
12220,Person_1568,Group_1,Item_5,Threshold_5,1.0
12221,Person_1569,Group_2,Item_5,Threshold_5,1.0
12222,Person_1571,Group_1,Item_5,Threshold_5,0.0
12223,Person_1572,Group_1,Item_5,Threshold_5,1.0
12224,Person_1573,Group_2,Item_5,Threshold_5,1.0
12225,Person_1574,Group_1,Item_5,Threshold_5,1.0
12226,Person_1577,Group_1,Item_5,Threshold_5,1.0
12227,Person_1579,Group_2,Item_5,Threshold_5,0.0
12228,Person_1580,Group_2,Item_5,Threshold_5,0.0
12229,Person_1582,Group_2,Item_5,Threshold_5,0.0
12230,Person_1583,Group_1,Item_5,Threshold_5,0.0
12231,Person_1588,Group_2,Item_5,Threshold_5,1.0
12232,Person_1591,Group_1,Item_5,Threshold_5,1.0
12233,Person_1592,Group_1,Item_5,Threshold_5,0.0
12234,Person_1594,Group_2,Item_5,Threshold_5,0.0
12235,Person_1595,Group_2,Item_5,Threshold_5,1.0
12236,Person_1598,Group_1,Item_5,Threshold_5,0.0
12237,Person_1603,Group_2,Item_5,Threshold_5,0.0
12238,Person_1610,Group_1,Item_5,Threshold_5,1.0
12239,Person_1612,Group_2,Item_5,Threshold_5,1.0
12240,Person_1613,Group_2,Item_5,Threshold_5,1.0
12241,Person_1614,Group_1,Item_5,Threshold_5,1.0
12242,Person_1617,Group_2,Item_5,Threshold_5,1.0
12243,Person_1619,Group_2,Item_5,Threshold_5,1.0
12244,Person_1625,Group_1,Item_5,Threshold_5,1.0
12245,Person_1628,Group_1,Item_5,Threshold_5,1.0
12246,Person_1633,Group_2,Item_5,Threshold_5,1.0
12247,Person_1634,Group_2,Item_5,Threshold_5,1.0
12248,Person_1636,Group_2,Item_5,Threshold_5,0.0
12249,Person_1,Group_1,Item_6,Threshold_1,0.0
12250,Person_3,Group_2,Item_6,Threshold_1,0.0
12251,Person_4,Group_2,Item_6,Threshold_1,1.0
12252,Person_7,Group_2,Item_6,Threshold_1,0.0
12253,Person_8,Group_2,Item_6,Threshold_1,0.0
12254,Person_13,Group_1,Item_6,Threshold_1,1.0
12255,Person_14,Group_2,Item_6,Threshold_1,0.0
12256,Person_15,Group_1,Item_6,Threshold_1,0.0
12257,Person_17,Group_1,Item_6,Threshold_1,0.0
12258,Person_18,Group_1,Item_6,Threshold_1,0.0
12259,Person_19,Group_2,Item_6,Threshold_1,1.0
12260,Person_25,Group_2,Item_6,Threshold_1,1.0
12261,Person_26,Group_1,Item_6,Threshold_1,0.0
12262,Person_27,Group_2,Item_6,Threshold_1,0.0
12263,Person_28,Group_2,Item_6,Threshold_1,0.0
12264,Person_30,Group_2,Item_6,Threshold_1,1.0
12265,Person_31,Group_1,Item_6,Threshold_1,0.0
12266,Person_33,Group_1,Item_6,Threshold_1,1.0
12267,Person_34,Group_1,Item_6,Threshold_1,0.0
12268,Person_35,Group_1,Item_6,Threshold_1,0.0
12269,Person_36,Group_2,Item_6,Threshold_1,1.0
12270,Person_39,Group_1,Item_6,Threshold_1,0.0
12271,Person_44,Group_2,Item_6,Threshold_1,1.0
12272,Person_48,Group_1,Item_6,Threshold_1,1.0
12273,Person_49,Group_1,Item_6,Threshold_1,0.0
12274,Person_52,Group_2,Item_6,Threshold_1,0.0
12275,Person_54,Group_1,Item_6,Threshold_1,1.0
12276,Person_55,Group_2,Item_6,Threshold_1,0.0
12277,Person_58,Group_2,Item_6,Threshold_1,1.0
12278,Person_59,Group_1,Item_6,Threshold_1,0.0
12279,Person_62,Group_2,Item_6,Threshold_1,1.0
12280,Person_64,Group_2,Item_6,Threshold_1,0.0
12281,Person_65,Group_1,Item_6,Threshold_1,0.0
12282,Person_66,Group_2,Item_6,Threshold_1,1.0
12283,Person_67,Group_2,Item_6,Threshold_1,1.0
12284,Person_68,Group_2,Item_6,Threshold_1,0.0
12285,Person_70,Group_2,Item_6,Threshold_1,0.0
12286,Person_72,Group_1,Item_6,Threshold_1,0.0
12287,Person_74,Group_2,Item_6,Threshold_1,0.0
12288,Person_75,Group_2,Item_6,Threshold_1,1.0
12289,Person_81,Group_1,Item_6,Threshold_1,1.0
12290,Person_87,Group_2,Item_6,Threshold_1,0.0
12291,Person_91,Group_1,Item_6,Threshold_1,1.0
12292,Person_94,Group_1,Item_6,Threshold_1,1.0
12293,Person_96,Group_2,Item_6,Threshold_1,1.0
12294,Person_97,Group_2,Item_6,Threshold_1,1.0
12295,Person_98,Group_2,Item_6,Threshold_1,0.0
12296,Person_104,Group_2,Item_6,Threshold_1,0.0
12297,Person_105,Group_1,Item_6,Threshold_1,0.0
12298,Person_108,Group_2,Item_6,Threshold_1,0.0
12299,Person_110,Group_2,Item_6,Threshold_1,0.0
12300,Person_114,Group_1,Item_6,Threshold_1,0.0
12301,Person_116,Group_2,Item_6,Threshold_1,0.0
12302,Person_117,Group_2,Item_6,Threshold_1,0.0
12303,Person_121,Group_1,Item_6,Threshold_1,1.0
12304,Person_122,Group_2,Item_6,Threshold_1,1.0
12305,Person_124,Group_2,Item_6,Threshold_1,1.0
12306,Person_126,Group_2,Item_6,Threshold_1,1.0
12307,Person_127,Group_2,Item_6,Threshold_1,0.0
12308,Person_128,Group_1,Item_6,Threshold_1,1.0
12309,Person_130,Group_2,Item_6,Threshold_1,0.0
12310,Person_137,Group_2,Item_6,Threshold_1,0.0
12311,Person_140,Group_1,Item_6,Threshold_1,0.0
12312,Person_143,Group_1,Item_6,Threshold_1,0.0
12313,Person_146,Group_1,Item_6,Threshold_1,0.0
12314,Person_153,Group_2,Item_6,Threshold_1,0.0
12315,Person_154,Group_2,Item_6,Threshold_1,0.0
12316,Person_156,Group_1,Item_6,Threshold_1,0.0
12317,Person_157,Group_1,Item_6,Threshold_1,0.0
12318,Person_159,Group_2,Item_6,Threshold_1,0.0
12319,Person_164,Group_1,Item_6,Threshold_1,0.0
12320,Person_169,Group_2,Item_6,Threshold_1,0.0
12321,Person_170,Group_1,Item_6,Threshold_1,0.0
12322,Person_177,Group_1,Item_6,Threshold_1,1.0
12323,Person_178,Group_2,Item_6,Threshold_1,1.0
12324,Person_179,Group_1,Item_6,Threshold_1,0.0
12325,Person_181,Group_1,Item_6,Threshold_1,1.0
12326,Person_184,Group_2,Item_6,Threshold_1,1.0
12327,Person_185,Group_1,Item_6,Threshold_1,1.0
12328,Person_187,Group_1,Item_6,Threshold_1,0.0
12329,Person_189,Group_1,Item_6,Threshold_1,0.0
12330,Person_190,Group_1,Item_6,Threshold_1,0.0
12331,Person_191,Group_1,Item_6,Threshold_1,0.0
12332,Person_192,Group_1,Item_6,Threshold_1,0.0
12333,Person_193,Group_1,Item_6,Threshold_1,0.0
12334,Person_194,Group_2,Item_6,Threshold_1,0.0
12335,Person_199,Group_1,Item_6,Threshold_1,0.0
12336,Person_202,Group_1,Item_6,Threshold_1,1.0
12337,Person_205,Group_1,Item_6,Threshold_1,0.0
12338,Person_214,Group_2,Item_6,Threshold_1,0.0
12339,Person_217,Group_2,Item_6,Threshold_1,0.0
12340,Person_218,Group_1,Item_6,Threshold_1,1.0
12341,Person_223,Group_1,Item_6,Threshold_1,0.0
12342,Person_226,Group_2,Item_6,Threshold_1,1.0
12343,Person_229,Group_2,Item_6,Threshold_1,0.0
12344,Person_236,Group_1,Item_6,Threshold_1,0.0
12345,Person_241,Group_1,Item_6,Threshold_1,0.0
12346,Person_250,Group_1,Item_6,Threshold_1,1.0
12347,Person_251,Group_2,Item_6,Threshold_1,0.0
12348,Person_256,Group_2,Item_6,Threshold_1,1.0
12349,Person_258,Group_2,Item_6,Threshold_1,0.0
12350,Person_262,Group_1,Item_6,Threshold_1,1.0
12351,Person_263,Group_1,Item_6,Threshold_1,0.0
12352,Person_268,Group_2,Item_6,Threshold_1,0.0
12353,Person_271,Group_2,Item_6,Threshold_1,0.0
12354,Person_275,Group_2,Item_6,Threshold_1,0.0
12355,Person_281,Group_1,Item_6,Threshold_1,1.0
12356,Person_283,Group_1,Item_6,Threshold_1,1.0
12357,Person_285,Group_2,Item_6,Threshold_1,0.0
12358,Person_288,Group_2,Item_6,Threshold_1,0.0
12359,Person_293,Group_1,Item_6,Threshold_1,0.0
12360,Person_294,Group_2,Item_6,Threshold_1,1.0
12361,Person_295,Group_1,Item_6,Threshold_1,0.0
12362,Person_309,Group_1,Item_6,Threshold_1,0.0
12363,Person_312,Group_1,Item_6,Threshold_1,0.0
12364,Person_313,Group_1,Item_6,Threshold_1,0.0
12365,Person_319,Group_1,Item_6,Threshold_1,0.0
12366,Person_320,Group_1,Item_6,Threshold_1,0.0
12367,Person_321,Group_1,Item_6,Threshold_1,0.0
12368,Person_322,Group_2,Item_6,Threshold_1,0.0
12369,Person_323,Group_1,Item_6,Threshold_1,1.0
12370,Person_325,Group_2,Item_6,Threshold_1,0.0
12371,Person_326,Group_1,Item_6,Threshold_1,1.0
12372,Person_328,Group_2,Item_6,Threshold_1,1.0
12373,Person_329,Group_1,Item_6,Threshold_1,1.0
12374,Person_331,Group_1,Item_6,Threshold_1,1.0
12375,Person_332,Group_1,Item_6,Threshold_1,1.0
12376,Person_334,Group_1,Item_6,Threshold_1,0.0
12377,Person_338,Group_2,Item_6,Threshold_1,1.0
12378,Person_340,Group_2,Item_6,Threshold_1,0.0
12379,Person_342,Group_1,Item_6,Threshold_1,0.0
12380,Person_344,Group_2,Item_6,Threshold_1,0.0
12381,Person_348,Group_2,Item_6,Threshold_1,0.0
12382,Person_349,Group_2,Item_6,Threshold_1,0.0
12383,Person_350,Group_2,Item_6,Threshold_1,1.0
12384,Person_351,Group_1,Item_6,Threshold_1,0.0
12385,Person_352,Group_1,Item_6,Threshold_1,0.0
12386,Person_356,Group_2,Item_6,Threshold_1,1.0
12387,Person_358,Group_2,Item_6,Threshold_1,0.0
12388,Person_360,Group_2,Item_6,Threshold_1,1.0
12389,Person_361,Group_1,Item_6,Threshold_1,0.0
12390,Person_362,Group_2,Item_6,Threshold_1,0.0
12391,Person_367,Group_2,Item_6,Threshold_1,0.0
12392,Person_369,Group_2,Item_6,Threshold_1,0.0
12393,Person_374,Group_1,Item_6,Threshold_1,0.0
12394,Person_377,Group_1,Item_6,Threshold_1,1.0
12395,Person_378,Group_1,Item_6,Threshold_1,0.0
12396,Person_379,Group_2,Item_6,Threshold_1,1.0
12397,Person_383,Group_1,Item_6,Threshold_1,0.0
12398,Person_384,Group_2,Item_6,Threshold_1,0.0
12399,Person_386,Group_1,Item_6,Threshold_1,1.0
12400,Person_388,Group_2,Item_6,Threshold_1,0.0
12401,Person_389,Group_2,Item_6,Threshold_1,0.0
12402,Person_390,Group_1,Item_6,Threshold_1,0.0
12403,Person_391,Group_2,Item_6,Threshold_1,1.0
12404,Person_392,Group_2,Item_6,Threshold_1,0.0
12405,Person_393,Group_2,Item_6,Threshold_1,0.0
12406,Person_394,Group_2,Item_6,Threshold_1,0.0
12407,Person_396,Group_1,Item_6,Threshold_1,0.0
12408,Person_398,Group_2,Item_6,Threshold_1,0.0
12409,Person_399,Group_2,Item_6,Threshold_1,1.0
12410,Person_401,Group_1,Item_6,Threshold_1,1.0
12411,Person_402,Group_1,Item_6,Threshold_1,1.0
12412,Person_404,Group_2,Item_6,Threshold_1,1.0
12413,Person_405,Group_2,Item_6,Threshold_1,0.0
12414,Person_409,Group_1,Item_6,Threshold_1,0.0
12415,Person_412,Group_2,Item_6,Threshold_1,0.0
12416,Person_414,Group_2,Item_6,Threshold_1,1.0
12417,Person_415,Group_2,Item_6,Threshold_1,0.0
12418,Person_420,Group_1,Item_6,Threshold_1,0.0
12419,Person_421,Group_1,Item_6,Threshold_1,0.0
12420,Person_424,Group_1,Item_6,Threshold_1,0.0
12421,Person_425,Group_1,Item_6,Threshold_1,0.0
12422,Person_426,Group_2,Item_6,Threshold_1,1.0
12423,Person_430,Group_2,Item_6,Threshold_1,0.0
12424,Person_431,Group_2,Item_6,Threshold_1,0.0
12425,Person_436,Group_1,Item_6,Threshold_1,0.0
12426,Person_438,Group_1,Item_6,Threshold_1,0.0
12427,Person_446,Group_2,Item_6,Threshold_1,0.0
12428,Person_447,Group_2,Item_6,Threshold_1,0.0
12429,Person_449,Group_2,Item_6,Threshold_1,0.0
12430,Person_450,Group_2,Item_6,Threshold_1,0.0
12431,Person_452,Group_1,Item_6,Threshold_1,1.0
12432,Person_453,Group_2,Item_6,Threshold_1,1.0
12433,Person_457,Group_2,Item_6,Threshold_1,0.0
12434,Person_458,Group_2,Item_6,Threshold_1,0.0
12435,Person_460,Group_2,Item_6,Threshold_1,0.0
12436,Person_466,Group_2,Item_6,Threshold_1,1.0
12437,Person_467,Group_2,Item_6,Threshold_1,0.0
12438,Person_468,Group_2,Item_6,Threshold_1,1.0
12439,Person_470,Group_1,Item_6,Threshold_1,1.0
12440,Person_472,Group_2,Item_6,Threshold_1,1.0
12441,Person_473,Group_2,Item_6,Threshold_1,1.0
12442,Person_474,Group_1,Item_6,Threshold_1,0.0
12443,Person_475,Group_2,Item_6,Threshold_1,0.0
12444,Person_480,Group_2,Item_6,Threshold_1,0.0
12445,Person_481,Group_1,Item_6,Threshold_1,0.0
12446,Person_485,Group_2,Item_6,Threshold_1,1.0
12447,Person_487,Group_1,Item_6,Threshold_1,1.0
12448,Person_488,Group_1,Item_6,Threshold_1,0.0
12449,Person_494,Group_2,Item_6,Threshold_1,1.0
12450,Person_499,Group_1,Item_6,Threshold_1,1.0
12451,Person_500,Group_1,Item_6,Threshold_1,1.0
12452,Person_501,Group_2,Item_6,Threshold_1,0.0
12453,Person_507,Group_1,Item_6,Threshold_1,0.0
12454,Person_508,Group_2,Item_6,Threshold_1,0.0
12455,Person_509,Group_1,Item_6,Threshold_1,1.0
12456,Person_514,Group_1,Item_6,Threshold_1,1.0
12457,Person_516,Group_2,Item_6,Threshold_1,1.0
12458,Person_517,Group_2,Item_6,Threshold_1,0.0
12459,Person_522,Group_1,Item_6,Threshold_1,1.0
12460,Person_525,Group_2,Item_6,Threshold_1,0.0
12461,Person_528,Group_1,Item_6,Threshold_1,0.0
12462,Person_529,Group_2,Item_6,Threshold_1,0.0
12463,Person_532,Group_1,Item_6,Threshold_1,0.0
12464,Person_533,Group_1,Item_6,Threshold_1,0.0
12465,Person_535,Group_1,Item_6,Threshold_1,1.0
12466,Person_536,Group_2,Item_6,Threshold_1,1.0
12467,Person_538,Group_1,Item_6,Threshold_1,1.0
12468,Person_540,Group_1,Item_6,Threshold_1,0.0
12469,Person_543,Group_1,Item_6,Threshold_1,1.0
12470,Person_548,Group_1,Item_6,Threshold_1,0.0
12471,Person_550,Group_2,Item_6,Threshold_1,0.0
12472,Person_551,Group_2,Item_6,Threshold_1,0.0
12473,Person_552,Group_2,Item_6,Threshold_1,0.0
12474,Person_553,Group_1,Item_6,Threshold_1,0.0
12475,Person_554,Group_1,Item_6,Threshold_1,1.0
12476,Person_560,Group_1,Item_6,Threshold_1,0.0
12477,Person_562,Group_1,Item_6,Threshold_1,0.0
12478,Person_563,Group_2,Item_6,Threshold_1,1.0
12479,Person_564,Group_1,Item_6,Threshold_1,0.0
12480,Person_566,Group_1,Item_6,Threshold_1,1.0
12481,Person_568,Group_2,Item_6,Threshold_1,0.0
12482,Person_569,Group_2,Item_6,Threshold_1,0.0
12483,Person_573,Group_2,Item_6,Threshold_1,1.0
12484,Person_579,Group_1,Item_6,Threshold_1,1.0
12485,Person_581,Group_1,Item_6,Threshold_1,0.0
12486,Person_582,Group_2,Item_6,Threshold_1,0.0
12487,Person_583,Group_1,Item_6,Threshold_1,1.0
12488,Person_584,Group_2,Item_6,Threshold_1,0.0
12489,Person_586,Group_2,Item_6,Threshold_1,0.0
12490,Person_587,Group_2,Item_6,Threshold_1,1.0
12491,Person_590,Group_2,Item_6,Threshold_1,1.0
12492,Person_593,Group_2,Item_6,Threshold_1,0.0
12493,Person_594,Group_2,Item_6,Threshold_1,1.0
12494,Person_595,Group_1,Item_6,Threshold_1,1.0
12495,Person_597,Group_2,Item_6,Threshold_1,0.0
12496,Person_598,Group_2,Item_6,Threshold_1,0.0
12497,Person_606,Group_2,Item_6,Threshold_1,0.0
12498,Person_608,Group_2,Item_6,Threshold_1,0.0
12499,Person_609,Group_2,Item_6,Threshold_1,1.0
12500,Person_610,Group_1,Item_6,Threshold_1,1.0
12501,Person_618,Group_2,Item_6,Threshold_1,0.0
12502,Person_620,Group_2,Item_6,Threshold_1,0.0
12503,Person_622,Group_2,Item_6,Threshold_1,1.0
12504,Person_624,Group_1,Item_6,Threshold_1,0.0
12505,Person_626,Group_1,Item_6,Threshold_1,0.0
12506,Person_627,Group_1,Item_6,Threshold_1,1.0
12507,Person_638,Group_1,Item_6,Threshold_1,1.0
12508,Person_640,Group_2,Item_6,Threshold_1,0.0
12509,Person_642,Group_1,Item_6,Threshold_1,1.0
12510,Person_645,Group_1,Item_6,Threshold_1,1.0
12511,Person_656,Group_2,Item_6,Threshold_1,0.0
12512,Person_657,Group_2,Item_6,Threshold_1,1.0
12513,Person_660,Group_2,Item_6,Threshold_1,1.0
12514,Person_663,Group_2,Item_6,Threshold_1,0.0
12515,Person_665,Group_1,Item_6,Threshold_1,0.0
12516,Person_666,Group_1,Item_6,Threshold_1,0.0
12517,Person_668,Group_2,Item_6,Threshold_1,1.0
12518,Person_670,Group_2,Item_6,Threshold_1,0.0
12519,Person_672,Group_2,Item_6,Threshold_1,1.0
12520,Person_673,Group_1,Item_6,Threshold_1,0.0
12521,Person_675,Group_2,Item_6,Threshold_1,0.0
12522,Person_677,Group_2,Item_6,Threshold_1,0.0
12523,Person_678,Group_2,Item_6,Threshold_1,1.0
12524,Person_680,Group_1,Item_6,Threshold_1,0.0
12525,Person_681,Group_2,Item_6,Threshold_1,1.0
12526,Person_682,Group_2,Item_6,Threshold_1,0.0
12527,Person_697,Group_2,Item_6,Threshold_1,1.0
12528,Person_699,Group_1,Item_6,Threshold_1,0.0
12529,Person_701,Group_2,Item_6,Threshold_1,1.0
12530,Person_702,Group_1,Item_6,Threshold_1,1.0
12531,Person_703,Group_1,Item_6,Threshold_1,0.0
12532,Person_706,Group_1,Item_6,Threshold_1,0.0
12533,Person_712,Group_2,Item_6,Threshold_1,0.0
12534,Person_714,Group_2,Item_6,Threshold_1,0.0
12535,Person_715,Group_2,Item_6,Threshold_1,0.0
12536,Person_716,Group_1,Item_6,Threshold_1,0.0
12537,Person_717,Group_1,Item_6,Threshold_1,0.0
12538,Person_720,Group_1,Item_6,Threshold_1,0.0
12539,Person_721,Group_2,Item_6,Threshold_1,0.0
12540,Person_725,Group_2,Item_6,Threshold_1,1.0
12541,Person_726,Group_1,Item_6,Threshold_1,0.0
12542,Person_728,Group_1,Item_6,Threshold_1,1.0
12543,Person_729,Group_2,Item_6,Threshold_1,0.0
12544,Person_730,Group_1,Item_6,Threshold_1,0.0
12545,Person_732,Group_1,Item_6,Threshold_1,1.0
12546,Person_743,Group_1,Item_6,Threshold_1,1.0
12547,Person_749,Group_1,Item_6,Threshold_1,1.0
12548,Person_750,Group_2,Item_6,Threshold_1,0.0
12549,Person_752,Group_1,Item_6,Threshold_1,0.0
12550,Person_753,Group_2,Item_6,Threshold_1,1.0
12551,Person_754,Group_2,Item_6,Threshold_1,1.0
12552,Person_755,Group_2,Item_6,Threshold_1,0.0
12553,Person_756,Group_1,Item_6,Threshold_1,0.0
12554,Person_759,Group_2,Item_6,Threshold_1,0.0
12555,Person_760,Group_2,Item_6,Threshold_1,0.0
12556,Person_761,Group_2,Item_6,Threshold_1,1.0
12557,Person_762,Group_1,Item_6,Threshold_1,0.0
12558,Person_766,Group_1,Item_6,Threshold_1,1.0
12559,Person_767,Group_1,Item_6,Threshold_1,0.0
12560,Person_769,Group_1,Item_6,Threshold_1,0.0
12561,Person_771,Group_2,Item_6,Threshold_1,1.0
12562,Person_774,Group_1,Item_6,Threshold_1,0.0
12563,Person_779,Group_1,Item_6,Threshold_1,1.0
12564,Person_780,Group_1,Item_6,Threshold_1,0.0
12565,Person_785,Group_1,Item_6,Threshold_1,0.0
12566,Person_787,Group_1,Item_6,Threshold_1,0.0
12567,Person_788,Group_1,Item_6,Threshold_1,0.0
12568,Person_789,Group_1,Item_6,Threshold_1,0.0
12569,Person_790,Group_1,Item_6,Threshold_1,0.0
12570,Person_793,Group_1,Item_6,Threshold_1,0.0
12571,Person_794,Group_1,Item_6,Threshold_1,0.0
12572,Person_808,Group_1,Item_6,Threshold_1,0.0
12573,Person_810,Group_2,Item_6,Threshold_1,0.0
12574,Person_812,Group_1,Item_6,Threshold_1,0.0
12575,Person_816,Group_1,Item_6,Threshold_1,0.0
12576,Person_819,Group_1,Item_6,Threshold_1,1.0
12577,Person_823,Group_1,Item_6,Threshold_1,1.0
12578,Person_826,Group_2,Item_6,Threshold_1,0.0
12579,Person_827,Group_1,Item_6,Threshold_1,0.0
12580,Person_831,Group_1,Item_6,Threshold_1,1.0
12581,Person_832,Group_1,Item_6,Threshold_1,0.0
12582,Person_835,Group_1,Item_6,Threshold_1,1.0
12583,Person_836,Group_2,Item_6,Threshold_1,1.0
12584,Person_837,Group_1,Item_6,Threshold_1,0.0
12585,Person_842,Group_1,Item_6,Threshold_1,1.0
12586,Person_843,Group_1,Item_6,Threshold_1,0.0
12587,Person_846,Group_1,Item_6,Threshold_1,0.0
12588,Person_847,Group_2,Item_6,Threshold_1,0.0
12589,Person_848,Group_2,Item_6,Threshold_1,0.0
12590,Person_850,Group_2,Item_6,Threshold_1,1.0
12591,Person_856,Group_1,Item_6,Threshold_1,0.0
12592,Person_857,Group_2,Item_6,Threshold_1,0.0
12593,Person_858,Group_1,Item_6,Threshold_1,1.0
12594,Person_859,Group_2,Item_6,Threshold_1,0.0
12595,Person_862,Group_1,Item_6,Threshold_1,0.0
12596,Person_865,Group_1,Item_6,Threshold_1,0.0
12597,Person_867,Group_2,Item_6,Threshold_1,0.0
12598,Person_868,Group_2,Item_6,Threshold_1,0.0
12599,Person_869,Group_1,Item_6,Threshold_1,0.0
12600,Person_875,Group_1,Item_6,Threshold_1,0.0
12601,Person_880,Group_1,Item_6,Threshold_1,0.0
12602,Person_881,Group_2,Item_6,Threshold_1,0.0
12603,Person_882,Group_1,Item_6,Threshold_1,1.0
12604,Person_883,Group_1,Item_6,Threshold_1,0.0
12605,Person_885,Group_2,Item_6,Threshold_1,1.0
12606,Person_886,Group_2,Item_6,Threshold_1,0.0
12607,Person_888,Group_1,Item_6,Threshold_1,0.0
12608,Person_890,Group_2,Item_6,Threshold_1,0.0
12609,Person_891,Group_1,Item_6,Threshold_1,0.0
12610,Person_893,Group_2,Item_6,Threshold_1,1.0
12611,Person_896,Group_1,Item_6,Threshold_1,0.0
12612,Person_898,Group_2,Item_6,Threshold_1,1.0
12613,Person_902,Group_2,Item_6,Threshold_1,0.0
12614,Person_903,Group_2,Item_6,Threshold_1,0.0
12615,Person_907,Group_1,Item_6,Threshold_1,0.0
12616,Person_912,Group_1,Item_6,Threshold_1,0.0
12617,Person_914,Group_2,Item_6,Threshold_1,0.0
12618,Person_917,Group_1,Item_6,Threshold_1,1.0
12619,Person_922,Group_1,Item_6,Threshold_1,1.0
12620,Person_923,Group_2,Item_6,Threshold_1,0.0
12621,Person_924,Group_2,Item_6,Threshold_1,0.0
12622,Person_925,Group_1,Item_6,Threshold_1,0.0
12623,Person_932,Group_2,Item_6,Threshold_1,0.0
12624,Person_934,Group_2,Item_6,Threshold_1,0.0
12625,Person_935,Group_1,Item_6,Threshold_1,0.0
12626,Person_939,Group_2,Item_6,Threshold_1,1.0
12627,Person_940,Group_2,Item_6,Threshold_1,1.0
12628,Person_947,Group_2,Item_6,Threshold_1,0.0
12629,Person_950,Group_1,Item_6,Threshold_1,1.0
12630,Person_951,Group_2,Item_6,Threshold_1,0.0
12631,Person_953,Group_1,Item_6,Threshold_1,0.0
12632,Person_956,Group_1,Item_6,Threshold_1,0.0
12633,Person_957,Group_1,Item_6,Threshold_1,0.0
12634,Person_959,Group_2,Item_6,Threshold_1,0.0
12635,Person_961,Group_1,Item_6,Threshold_1,0.0
12636,Person_969,Group_1,Item_6,Threshold_1,0.0
12637,Person_972,Group_2,Item_6,Threshold_1,1.0
12638,Person_973,Group_2,Item_6,Threshold_1,0.0
12639,Person_974,Group_1,Item_6,Threshold_1,0.0
12640,Person_978,Group_1,Item_6,Threshold_1,0.0
12641,Person_980,Group_1,Item_6,Threshold_1,1.0
12642,Person_983,Group_1,Item_6,Threshold_1,0.0
12643,Person_984,Group_2,Item_6,Threshold_1,0.0
12644,Person_986,Group_2,Item_6,Threshold_1,0.0
12645,Person_992,Group_1,Item_6,Threshold_1,0.0
12646,Person_994,Group_2,Item_6,Threshold_1,1.0
12647,Person_999,Group_1,Item_6,Threshold_1,0.0
12648,Person_1002,Group_2,Item_6,Threshold_1,1.0
12649,Person_1006,Group_2,Item_6,Threshold_1,1.0
12650,Person_1011,Group_2,Item_6,Threshold_1,1.0
12651,Person_1012,Group_2,Item_6,Threshold_1,0.0
12652,Person_1015,Group_1,Item_6,Threshold_1,1.0
12653,Person_1018,Group_2,Item_6,Threshold_1,0.0
12654,Person_1019,Group_2,Item_6,Threshold_1,0.0
12655,Person_1020,Group_1,Item_6,Threshold_1,0.0
12656,Person_1022,Group_1,Item_6,Threshold_1,0.0
12657,Person_1024,Group_1,Item_6,Threshold_1,0.0
12658,Person_1025,Group_1,Item_6,Threshold_1,0.0
12659,Person_1027,Group_1,Item_6,Threshold_1,0.0
12660,Person_1029,Group_2,Item_6,Threshold_1,0.0
12661,Person_1033,Group_1,Item_6,Threshold_1,0.0
12662,Person_1034,Group_1,Item_6,Threshold_1,1.0
12663,Person_1036,Group_1,Item_6,Threshold_1,1.0
12664,Person_1039,Group_2,Item_6,Threshold_1,0.0
12665,Person_1040,Group_1,Item_6,Threshold_1,0.0
12666,Person_1042,Group_1,Item_6,Threshold_1,0.0
12667,Person_1043,Group_1,Item_6,Threshold_1,0.0
12668,Person_1044,Group_1,Item_6,Threshold_1,0.0
12669,Person_1047,Group_1,Item_6,Threshold_1,1.0
12670,Person_1052,Group_1,Item_6,Threshold_1,0.0
12671,Person_1054,Group_1,Item_6,Threshold_1,0.0
12672,Person_1057,Group_1,Item_6,Threshold_1,1.0
12673,Person_1062,Group_2,Item_6,Threshold_1,0.0
12674,Person_1063,Group_2,Item_6,Threshold_1,0.0
12675,Person_1064,Group_2,Item_6,Threshold_1,0.0
12676,Person_1067,Group_1,Item_6,Threshold_1,0.0
12677,Person_1069,Group_1,Item_6,Threshold_1,1.0
12678,Person_1071,Group_1,Item_6,Threshold_1,1.0
12679,Person_1072,Group_1,Item_6,Threshold_1,0.0
12680,Person_1073,Group_2,Item_6,Threshold_1,0.0
12681,Person_1075,Group_1,Item_6,Threshold_1,1.0
12682,Person_1076,Group_1,Item_6,Threshold_1,0.0
12683,Person_1077,Group_1,Item_6,Threshold_1,1.0
12684,Person_1080,Group_2,Item_6,Threshold_1,1.0
12685,Person_1081,Group_1,Item_6,Threshold_1,0.0
12686,Person_1087,Group_2,Item_6,Threshold_1,0.0
12687,Person_1091,Group_1,Item_6,Threshold_1,0.0
12688,Person_1095,Group_2,Item_6,Threshold_1,0.0
12689,Person_1096,Group_2,Item_6,Threshold_1,0.0
12690,Person_1098,Group_1,Item_6,Threshold_1,1.0
12691,Person_1101,Group_1,Item_6,Threshold_1,0.0
12692,Person_1109,Group_1,Item_6,Threshold_1,1.0
12693,Person_1112,Group_2,Item_6,Threshold_1,0.0
12694,Person_1113,Group_1,Item_6,Threshold_1,0.0
12695,Person_1114,Group_1,Item_6,Threshold_1,0.0
12696,Person_1116,Group_1,Item_6,Threshold_1,0.0
12697,Person_1117,Group_1,Item_6,Threshold_1,0.0
12698,Person_1119,Group_2,Item_6,Threshold_1,1.0
12699,Person_1120,Group_2,Item_6,Threshold_1,1.0
12700,Person_1121,Group_2,Item_6,Threshold_1,0.0
12701,Person_1123,Group_1,Item_6,Threshold_1,0.0
12702,Person_1129,Group_1,Item_6,Threshold_1,0.0
12703,Person_1132,Group_1,Item_6,Threshold_1,0.0
12704,Person_1139,Group_2,Item_6,Threshold_1,1.0
12705,Person_1141,Group_1,Item_6,Threshold_1,0.0
12706,Person_1142,Group_1,Item_6,Threshold_1,0.0
12707,Person_1143,Group_2,Item_6,Threshold_1,0.0
12708,Person_1144,Group_2,Item_6,Threshold_1,0.0
12709,Person_1149,Group_2,Item_6,Threshold_1,0.0
12710,Person_1150,Group_1,Item_6,Threshold_1,0.0
12711,Person_1154,Group_2,Item_6,Threshold_1,0.0
12712,Person_1158,Group_2,Item_6,Threshold_1,0.0
12713,Person_1163,Group_1,Item_6,Threshold_1,1.0
12714,Person_1165,Group_1,Item_6,Threshold_1,1.0
12715,Person_1168,Group_2,Item_6,Threshold_1,1.0
12716,Person_1169,Group_1,Item_6,Threshold_1,0.0
12717,Person_1170,Group_1,Item_6,Threshold_1,1.0
12718,Person_1171,Group_2,Item_6,Threshold_1,0.0
12719,Person_1173,Group_2,Item_6,Threshold_1,0.0
12720,Person_1176,Group_2,Item_6,Threshold_1,0.0
12721,Person_1178,Group_2,Item_6,Threshold_1,1.0
12722,Person_1180,Group_1,Item_6,Threshold_1,0.0
12723,Person_1192,Group_1,Item_6,Threshold_1,0.0
12724,Person_1193,Group_1,Item_6,Threshold_1,1.0
12725,Person_1194,Group_2,Item_6,Threshold_1,0.0
12726,Person_1197,Group_2,Item_6,Threshold_1,1.0
12727,Person_1198,Group_2,Item_6,Threshold_1,1.0
12728,Person_1199,Group_2,Item_6,Threshold_1,0.0
12729,Person_1203,Group_1,Item_6,Threshold_1,0.0
12730,Person_1207,Group_2,Item_6,Threshold_1,0.0
12731,Person_1211,Group_1,Item_6,Threshold_1,0.0
12732,Person_1217,Group_2,Item_6,Threshold_1,0.0
12733,Person_1219,Group_1,Item_6,Threshold_1,0.0
12734,Person_1222,Group_2,Item_6,Threshold_1,0.0
12735,Person_1228,Group_2,Item_6,Threshold_1,0.0
12736,Person_1232,Group_1,Item_6,Threshold_1,1.0
12737,Person_1235,Group_2,Item_6,Threshold_1,1.0
12738,Person_1241,Group_2,Item_6,Threshold_1,1.0
12739,Person_1243,Group_1,Item_6,Threshold_1,0.0
12740,Person_1244,Group_2,Item_6,Threshold_1,0.0
12741,Person_1248,Group_1,Item_6,Threshold_1,1.0
12742,Person_1250,Group_2,Item_6,Threshold_1,1.0
12743,Person_1252,Group_2,Item_6,Threshold_1,1.0
12744,Person_1254,Group_1,Item_6,Threshold_1,0.0
12745,Person_1256,Group_2,Item_6,Threshold_1,0.0
12746,Person_1258,Group_1,Item_6,Threshold_1,0.0
12747,Person_1259,Group_1,Item_6,Threshold_1,0.0
12748,Person_1260,Group_1,Item_6,Threshold_1,0.0
12749,Person_1262,Group_2,Item_6,Threshold_1,1.0
12750,Person_1263,Group_2,Item_6,Threshold_1,0.0
12751,Person_1264,Group_1,Item_6,Threshold_1,1.0
12752,Person_1267,Group_2,Item_6,Threshold_1,0.0
12753,Person_1268,Group_1,Item_6,Threshold_1,0.0
12754,Person_1269,Group_1,Item_6,Threshold_1,0.0
12755,Person_1271,Group_1,Item_6,Threshold_1,0.0
12756,Person_1274,Group_2,Item_6,Threshold_1,0.0
12757,Person_1275,Group_1,Item_6,Threshold_1,0.0
12758,Person_1278,Group_1,Item_6,Threshold_1,0.0
12759,Person_1280,Group_1,Item_6,Threshold_1,1.0
12760,Person_1281,Group_1,Item_6,Threshold_1,0.0
12761,Person_1284,Group_1,Item_6,Threshold_1,1.0
12762,Person_1293,Group_2,Item_6,Threshold_1,0.0
12763,Person_1294,Group_2,Item_6,Threshold_1,0.0
12764,Person_1295,Group_2,Item_6,Threshold_1,0.0
12765,Person_1300,Group_2,Item_6,Threshold_1,0.0
12766,Person_1302,Group_1,Item_6,Threshold_1,0.0
12767,Person_1303,Group_1,Item_6,Threshold_1,0.0
12768,Person_1308,Group_1,Item_6,Threshold_1,1.0
12769,Person_1313,Group_2,Item_6,Threshold_1,0.0
12770,Person_1318,Group_1,Item_6,Threshold_1,1.0
12771,Person_1320,Group_2,Item_6,Threshold_1,0.0
12772,Person_1335,Group_1,Item_6,Threshold_1,0.0
12773,Person_1336,Group_2,Item_6,Threshold_1,1.0
12774,Person_1338,Group_2,Item_6,Threshold_1,0.0
12775,Person_1339,Group_1,Item_6,Threshold_1,0.0
12776,Person_1340,Group_1,Item_6,Threshold_1,1.0
12777,Person_1341,Group_2,Item_6,Threshold_1,0.0
12778,Person_1345,Group_1,Item_6,Threshold_1,0.0
12779,Person_1350,Group_1,Item_6,Threshold_1,0.0
12780,Person_1355,Group_2,Item_6,Threshold_1,1.0
12781,Person_1356,Group_1,Item_6,Threshold_1,0.0
12782,Person_1357,Group_2,Item_6,Threshold_1,1.0
12783,Person_1359,Group_1,Item_6,Threshold_1,0.0
12784,Person_1366,Group_1,Item_6,Threshold_1,0.0
12785,Person_1367,Group_1,Item_6,Threshold_1,1.0
12786,Person_1368,Group_1,Item_6,Threshold_1,1.0
12787,Person_1369,Group_1,Item_6,Threshold_1,0.0
12788,Person_1370,Group_1,Item_6,Threshold_1,0.0
12789,Person_1371,Group_1,Item_6,Threshold_1,0.0
12790,Person_1373,Group_1,Item_6,Threshold_1,1.0
12791,Person_1374,Group_1,Item_6,Threshold_1,0.0
12792,Person_1383,Group_2,Item_6,Threshold_1,0.0
12793,Person_1387,Group_1,Item_6,Threshold_1,0.0
12794,Person_1390,Group_2,Item_6,Threshold_1,0.0
12795,Person_1392,Group_1,Item_6,Threshold_1,0.0
12796,Person_1393,Group_1,Item_6,Threshold_1,0.0
12797,Person_1394,Group_2,Item_6,Threshold_1,0.0
12798,Person_1396,Group_2,Item_6,Threshold_1,0.0
12799,Person_1397,Group_1,Item_6,Threshold_1,1.0
12800,Person_1398,Group_1,Item_6,Threshold_1,0.0
12801,Person_1399,Group_2,Item_6,Threshold_1,1.0
12802,Person_1400,Group_2,Item_6,Threshold_1,1.0
12803,Person_1402,Group_2,Item_6,Threshold_1,1.0
12804,Person_1403,Group_2,Item_6,Threshold_1,0.0
12805,Person_1404,Group_2,Item_6,Threshold_1,1.0
12806,Person_1407,Group_2,Item_6,Threshold_1,0.0
12807,Person_1410,Group_2,Item_6,Threshold_1,1.0
12808,Person_1412,Group_1,Item_6,Threshold_1,1.0
12809,Person_1414,Group_2,Item_6,Threshold_1,1.0
12810,Person_1422,Group_1,Item_6,Threshold_1,0.0
12811,Person_1424,Group_1,Item_6,Threshold_1,0.0
12812,Person_1425,Group_1,Item_6,Threshold_1,0.0
12813,Person_1428,Group_2,Item_6,Threshold_1,1.0
12814,Person_1429,Group_2,Item_6,Threshold_1,0.0
12815,Person_1430,Group_2,Item_6,Threshold_1,1.0
12816,Person_1433,Group_1,Item_6,Threshold_1,1.0
12817,Person_1434,Group_1,Item_6,Threshold_1,0.0
12818,Person_1436,Group_1,Item_6,Threshold_1,1.0
12819,Person_1437,Group_2,Item_6,Threshold_1,0.0
12820,Person_1438,Group_2,Item_6,Threshold_1,0.0
12821,Person_1439,Group_1,Item_6,Threshold_1,0.0
12822,Person_1440,Group_2,Item_6,Threshold_1,0.0
12823,Person_1443,Group_2,Item_6,Threshold_1,0.0
12824,Person_1444,Group_2,Item_6,Threshold_1,1.0
12825,Person_1446,Group_2,Item_6,Threshold_1,1.0
12826,Person_1447,Group_1,Item_6,Threshold_1,0.0
12827,Person_1449,Group_1,Item_6,Threshold_1,0.0
12828,Person_1452,Group_2,Item_6,Threshold_1,0.0
12829,Person_1453,Group_1,Item_6,Threshold_1,0.0
12830,Person_1454,Group_1,Item_6,Threshold_1,0.0
12831,Person_1455,Group_2,Item_6,Threshold_1,1.0
12832,Person_1456,Group_1,Item_6,Threshold_1,0.0
12833,Person_1457,Group_1,Item_6,Threshold_1,0.0
12834,Person_1459,Group_1,Item_6,Threshold_1,0.0
12835,Person_1465,Group_2,Item_6,Threshold_1,1.0
12836,Person_1467,Group_1,Item_6,Threshold_1,0.0
12837,Person_1468,Group_2,Item_6,Threshold_1,1.0
12838,Person_1469,Group_1,Item_6,Threshold_1,0.0
12839,Person_1470,Group_2,Item_6,Threshold_1,0.0
12840,Person_1471,Group_2,Item_6,Threshold_1,0.0
12841,Person_1476,Group_1,Item_6,Threshold_1,0.0
12842,Person_1477,Group_2,Item_6,Threshold_1,0.0
12843,Person_1479,Group_2,Item_6,Threshold_1,0.0
12844,Person_1487,Group_2,Item_6,Threshold_1,0.0
12845,Person_1488,Group_1,Item_6,Threshold_1,1.0
12846,Person_1489,Group_2,Item_6,Threshold_1,0.0
12847,Person_1492,Group_1,Item_6,Threshold_1,1.0
12848,Person_1495,Group_1,Item_6,Threshold_1,1.0
12849,Person_1496,Group_2,Item_6,Threshold_1,0.0
12850,Person_1497,Group_2,Item_6,Threshold_1,0.0
12851,Person_1501,Group_1,Item_6,Threshold_1,0.0
12852,Person_1507,Group_2,Item_6,Threshold_1,0.0
12853,Person_1508,Group_2,Item_6,Threshold_1,0.0
12854,Person_1509,Group_1,Item_6,Threshold_1,0.0
12855,Person_1513,Group_1,Item_6,Threshold_1,0.0
12856,Person_1515,Group_1,Item_6,Threshold_1,0.0
12857,Person_1518,Group_2,Item_6,Threshold_1,0.0
12858,Person_1524,Group_1,Item_6,Threshold_1,1.0
12859,Person_1525,Group_2,Item_6,Threshold_1,0.0
12860,Person_1527,Group_2,Item_6,Threshold_1,1.0
12861,Person_1528,Group_2,Item_6,Threshold_1,0.0
12862,Person_1529,Group_1,Item_6,Threshold_1,0.0
12863,Person_1530,Group_2,Item_6,Threshold_1,0.0
12864,Person_1531,Group_1,Item_6,Threshold_1,0.0
12865,Person_1532,Group_2,Item_6,Threshold_1,0.0
12866,Person_1534,Group_2,Item_6,Threshold_1,0.0
12867,Person_1535,Group_2,Item_6,Threshold_1,1.0
12868,Person_1537,Group_2,Item_6,Threshold_1,0.0
12869,Person_1541,Group_1,Item_6,Threshold_1,1.0
12870,Person_1544,Group_2,Item_6,Threshold_1,1.0
12871,Person_1546,Group_1,Item_6,Threshold_1,0.0
12872,Person_1548,Group_2,Item_6,Threshold_1,0.0
12873,Person_1557,Group_1,Item_6,Threshold_1,0.0
12874,Person_1558,Group_1,Item_6,Threshold_1,0.0
12875,Person_1559,Group_1,Item_6,Threshold_1,1.0
12876,Person_1561,Group_2,Item_6,Threshold_1,0.0
12877,Person_1563,Group_2,Item_6,Threshold_1,0.0
12878,Person_1566,Group_1,Item_6,Threshold_1,0.0
12879,Person_1570,Group_2,Item_6,Threshold_1,1.0
12880,Person_1575,Group_1,Item_6,Threshold_1,0.0
12881,Person_1576,Group_1,Item_6,Threshold_1,1.0
12882,Person_1581,Group_1,Item_6,Threshold_1,1.0
12883,Person_1584,Group_1,Item_6,Threshold_1,0.0
12884,Person_1585,Group_1,Item_6,Threshold_1,0.0
12885,Person_1586,Group_2,Item_6,Threshold_1,1.0
12886,Person_1587,Group_2,Item_6,Threshold_1,0.0
12887,Person_1589,Group_1,Item_6,Threshold_1,0.0
12888,Person_1593,Group_1,Item_6,Threshold_1,0.0
12889,Person_1599,Group_2,Item_6,Threshold_1,1.0
12890,Person_1600,Group_2,Item_6,Threshold_1,0.0
12891,Person_1601,Group_1,Item_6,Threshold_1,0.0
12892,Person_1602,Group_1,Item_6,Threshold_1,0.0
12893,Person_1605,Group_1,Item_6,Threshold_1,0.0
12894,Person_1608,Group_1,Item_6,Threshold_1,1.0
12895,Person_1609,Group_1,Item_6,Threshold_1,1.0
12896,Person_1615,Group_1,Item_6,Threshold_1,0.0
12897,Person_1616,Group_2,Item_6,Threshold_1,0.0
12898,Person_1618,Group_2,Item_6,Threshold_1,0.0
12899,Person_1620,Group_1,Item_6,Threshold_1,0.0
12900,Person_1621,Group_1,Item_6,Threshold_1,1.0
12901,Person_1622,Group_2,Item_6,Threshold_1,0.0
12902,Person_1626,Group_2,Item_6,Threshold_1,0.0
12903,Person_1627,Group_2,Item_6,Threshold_1,0.0
12904,Person_1629,Group_2,Item_6,Threshold_1,0.0
12905,Person_1631,Group_2,Item_6,Threshold_1,0.0
12906,Person_1632,Group_2,Item_6,Threshold_1,0.0
12907,Person_1635,Group_1,Item_6,Threshold_1,1.0
12908,Person_4,Group_2,Item_6,Threshold_2,0.0
12909,Person_13,Group_2,Item_6,Threshold_2,0.0
12910,Person_16,Group_2,Item_6,Threshold_2,1.0
12911,Person_19,Group_2,Item_6,Threshold_2,0.0
12912,Person_25,Group_1,Item_6,Threshold_2,0.0
12913,Person_30,Group_1,Item_6,Threshold_2,0.0
12914,Person_33,Group_1,Item_6,Threshold_2,0.0
12915,Person_36,Group_2,Item_6,Threshold_2,0.0
12916,Person_38,Group_2,Item_6,Threshold_2,1.0
12917,Person_40,Group_2,Item_6,Threshold_2,1.0
12918,Person_41,Group_1,Item_6,Threshold_2,1.0
12919,Person_44,Group_1,Item_6,Threshold_2,0.0
12920,Person_48,Group_2,Item_6,Threshold_2,0.0
12921,Person_50,Group_1,Item_6,Threshold_2,1.0
12922,Person_54,Group_1,Item_6,Threshold_2,0.0
12923,Person_56,Group_2,Item_6,Threshold_2,1.0
12924,Person_58,Group_1,Item_6,Threshold_2,0.0
12925,Person_62,Group_1,Item_6,Threshold_2,0.0
12926,Person_66,Group_1,Item_6,Threshold_2,0.0
12927,Person_67,Group_2,Item_6,Threshold_2,0.0
12928,Person_75,Group_2,Item_6,Threshold_2,0.0
12929,Person_78,Group_2,Item_6,Threshold_2,1.0
12930,Person_81,Group_2,Item_6,Threshold_2,0.0
12931,Person_91,Group_1,Item_6,Threshold_2,0.0
12932,Person_93,Group_1,Item_6,Threshold_2,1.0
12933,Person_94,Group_1,Item_6,Threshold_2,0.0
12934,Person_96,Group_2,Item_6,Threshold_2,0.0
12935,Person_97,Group_2,Item_6,Threshold_2,0.0
12936,Person_101,Group_2,Item_6,Threshold_2,1.0
12937,Person_107,Group_2,Item_6,Threshold_2,1.0
12938,Person_111,Group_1,Item_6,Threshold_2,1.0
12939,Person_113,Group_2,Item_6,Threshold_2,1.0
12940,Person_120,Group_2,Item_6,Threshold_2,1.0
12941,Person_121,Group_1,Item_6,Threshold_2,0.0
12942,Person_122,Group_1,Item_6,Threshold_2,0.0
12943,Person_124,Group_2,Item_6,Threshold_2,0.0
12944,Person_126,Group_1,Item_6,Threshold_2,0.0
12945,Person_128,Group_1,Item_6,Threshold_2,0.0
12946,Person_138,Group_2,Item_6,Threshold_2,1.0
12947,Person_158,Group_2,Item_6,Threshold_2,1.0
12948,Person_161,Group_1,Item_6,Threshold_2,1.0
12949,Person_163,Group_2,Item_6,Threshold_2,1.0
12950,Person_166,Group_1,Item_6,Threshold_2,1.0
12951,Person_171,Group_2,Item_6,Threshold_2,1.0
12952,Person_174,Group_2,Item_6,Threshold_2,1.0
12953,Person_177,Group_2,Item_6,Threshold_2,0.0
12954,Person_178,Group_1,Item_6,Threshold_2,0.0
12955,Person_180,Group_2,Item_6,Threshold_2,1.0
12956,Person_181,Group_1,Item_6,Threshold_2,0.0
12957,Person_183,Group_2,Item_6,Threshold_2,1.0
12958,Person_184,Group_2,Item_6,Threshold_2,0.0
12959,Person_185,Group_2,Item_6,Threshold_2,0.0
12960,Person_197,Group_1,Item_6,Threshold_2,1.0
12961,Person_198,Group_1,Item_6,Threshold_2,1.0
12962,Person_202,Group_1,Item_6,Threshold_2,0.0
12963,Person_203,Group_2,Item_6,Threshold_2,1.0
12964,Person_207,Group_1,Item_6,Threshold_2,1.0
12965,Person_212,Group_1,Item_6,Threshold_2,1.0
12966,Person_213,Group_1,Item_6,Threshold_2,1.0
12967,Person_218,Group_2,Item_6,Threshold_2,0.0
12968,Person_220,Group_2,Item_6,Threshold_2,1.0
12969,Person_222,Group_2,Item_6,Threshold_2,1.0
12970,Person_225,Group_1,Item_6,Threshold_2,1.0
12971,Person_226,Group_2,Item_6,Threshold_2,0.0
12972,Person_228,Group_1,Item_6,Threshold_2,1.0
12973,Person_237,Group_2,Item_6,Threshold_2,1.0
12974,Person_242,Group_1,Item_6,Threshold_2,1.0
12975,Person_243,Group_1,Item_6,Threshold_2,1.0
12976,Person_246,Group_1,Item_6,Threshold_2,1.0
12977,Person_250,Group_1,Item_6,Threshold_2,0.0
12978,Person_256,Group_2,Item_6,Threshold_2,0.0
12979,Person_261,Group_2,Item_6,Threshold_2,1.0
12980,Person_262,Group_2,Item_6,Threshold_2,0.0
12981,Person_265,Group_2,Item_6,Threshold_2,1.0
12982,Person_272,Group_2,Item_6,Threshold_2,1.0
12983,Person_273,Group_1,Item_6,Threshold_2,1.0
12984,Person_280,Group_1,Item_6,Threshold_2,1.0
12985,Person_281,Group_1,Item_6,Threshold_2,0.0
12986,Person_283,Group_2,Item_6,Threshold_2,0.0
12987,Person_294,Group_1,Item_6,Threshold_2,0.0
12988,Person_304,Group_1,Item_6,Threshold_2,1.0
12989,Person_307,Group_2,Item_6,Threshold_2,1.0
12990,Person_318,Group_2,Item_6,Threshold_2,1.0
12991,Person_323,Group_1,Item_6,Threshold_2,0.0
12992,Person_326,Group_2,Item_6,Threshold_2,0.0
12993,Person_328,Group_2,Item_6,Threshold_2,0.0
12994,Person_329,Group_1,Item_6,Threshold_2,0.0
12995,Person_331,Group_1,Item_6,Threshold_2,0.0
12996,Person_332,Group_2,Item_6,Threshold_2,0.0
12997,Person_337,Group_1,Item_6,Threshold_2,1.0
12998,Person_338,Group_1,Item_6,Threshold_2,0.0
12999,Person_350,Group_2,Item_6,Threshold_2,0.0
13000,Person_356,Group_1,Item_6,Threshold_2,0.0
13001,Person_357,Group_2,Item_6,Threshold_2,1.0
13002,Person_360,Group_1,Item_6,Threshold_2,0.0
13003,Person_365,Group_2,Item_6,Threshold_2,1.0
13004,Person_370,Group_1,Item_6,Threshold_2,1.0
13005,Person_372,Group_1,Item_6,Threshold_2,1.0
13006,Person_375,Group_1,Item_6,Threshold_2,1.0
13007,Person_376,Group_1,Item_6,Threshold_2,1.0
13008,Person_377,Group_1,Item_6,Threshold_2,0.0
13009,Person_379,Group_1,Item_6,Threshold_2,0.0
13010,Person_386,Group_2,Item_6,Threshold_2,0.0
13011,Person_391,Group_1,Item_6,Threshold_2,0.0
13012,Person_395,Group_1,Item_6,Threshold_2,1.0
13013,Person_399,Group_2,Item_6,Threshold_2,0.0
13014,Person_400,Group_1,Item_6,Threshold_2,1.0
13015,Person_401,Group_2,Item_6,Threshold_2,0.0
13016,Person_402,Group_1,Item_6,Threshold_2,0.0
13017,Person_404,Group_2,Item_6,Threshold_2,0.0
13018,Person_414,Group_1,Item_6,Threshold_2,0.0
13019,Person_419,Group_1,Item_6,Threshold_2,1.0
13020,Person_426,Group_2,Item_6,Threshold_2,0.0
13021,Person_432,Group_2,Item_6,Threshold_2,1.0
13022,Person_437,Group_2,Item_6,Threshold_2,1.0
13023,Person_444,Group_1,Item_6,Threshold_2,1.0
13024,Person_452,Group_2,Item_6,Threshold_2,0.0
13025,Person_453,Group_1,Item_6,Threshold_2,0.0
13026,Person_466,Group_2,Item_6,Threshold_2,0.0
13027,Person_468,Group_2,Item_6,Threshold_2,0.0
13028,Person_469,Group_1,Item_6,Threshold_2,1.0
13029,Person_470,Group_1,Item_6,Threshold_2,0.0
13030,Person_472,Group_1,Item_6,Threshold_2,0.0
13031,Person_473,Group_1,Item_6,Threshold_2,0.0
13032,Person_485,Group_2,Item_6,Threshold_2,0.0
13033,Person_487,Group_1,Item_6,Threshold_2,0.0
13034,Person_492,Group_1,Item_6,Threshold_2,1.0
13035,Person_494,Group_1,Item_6,Threshold_2,0.0
13036,Person_499,Group_2,Item_6,Threshold_2,0.0
13037,Person_500,Group_1,Item_6,Threshold_2,0.0
13038,Person_509,Group_2,Item_6,Threshold_2,0.0
13039,Person_511,Group_2,Item_6,Threshold_2,1.0
13040,Person_513,Group_2,Item_6,Threshold_2,1.0
13041,Person_514,Group_1,Item_6,Threshold_2,0.0
13042,Person_515,Group_1,Item_6,Threshold_2,1.0
13043,Person_516,Group_2,Item_6,Threshold_2,0.0
13044,Person_518,Group_2,Item_6,Threshold_2,1.0
13045,Person_522,Group_1,Item_6,Threshold_2,0.0
13046,Person_535,Group_1,Item_6,Threshold_2,0.0
13047,Person_536,Group_1,Item_6,Threshold_2,0.0
13048,Person_538,Group_1,Item_6,Threshold_2,0.0
13049,Person_543,Group_2,Item_6,Threshold_2,0.0
13050,Person_554,Group_2,Item_6,Threshold_2,0.0
13051,Person_559,Group_1,Item_6,Threshold_2,1.0
13052,Person_563,Group_1,Item_6,Threshold_2,0.0
13053,Person_566,Group_2,Item_6,Threshold_2,0.0
13054,Person_567,Group_2,Item_6,Threshold_2,1.0
13055,Person_571,Group_1,Item_6,Threshold_2,1.0
13056,Person_572,Group_1,Item_6,Threshold_2,1.0
13057,Person_573,Group_2,Item_6,Threshold_2,0.0
13058,Person_579,Group_1,Item_6,Threshold_2,0.0
13059,Person_583,Group_1,Item_6,Threshold_2,0.0
13060,Person_587,Group_1,Item_6,Threshold_2,0.0
13061,Person_588,Group_2,Item_6,Threshold_2,1.0
13062,Person_590,Group_2,Item_6,Threshold_2,0.0
13063,Person_594,Group_2,Item_6,Threshold_2,0.0
13064,Person_595,Group_1,Item_6,Threshold_2,0.0
13065,Person_596,Group_2,Item_6,Threshold_2,1.0
13066,Person_601,Group_1,Item_6,Threshold_2,1.0
13067,Person_603,Group_1,Item_6,Threshold_2,1.0
13068,Person_604,Group_2,Item_6,Threshold_2,1.0
13069,Person_605,Group_2,Item_6,Threshold_2,1.0
13070,Person_609,Group_1,Item_6,Threshold_2,0.0
13071,Person_610,Group_2,Item_6,Threshold_2,0.0
13072,Person_611,Group_2,Item_6,Threshold_2,1.0
13073,Person_612,Group_1,Item_6,Threshold_2,1.0
13074,Person_622,Group_2,Item_6,Threshold_2,0.0
13075,Person_627,Group_1,Item_6,Threshold_2,0.0
13076,Person_630,Group_2,Item_6,Threshold_2,1.0
13077,Person_631,Group_1,Item_6,Threshold_2,1.0
13078,Person_634,Group_2,Item_6,Threshold_2,1.0
13079,Person_638,Group_1,Item_6,Threshold_2,0.0
13080,Person_639,Group_2,Item_6,Threshold_2,1.0
13081,Person_642,Group_1,Item_6,Threshold_2,0.0
13082,Person_645,Group_2,Item_6,Threshold_2,0.0
13083,Person_647,Group_1,Item_6,Threshold_2,1.0
13084,Person_653,Group_2,Item_6,Threshold_2,1.0
13085,Person_654,Group_2,Item_6,Threshold_2,1.0
13086,Person_655,Group_1,Item_6,Threshold_2,1.0
13087,Person_657,Group_2,Item_6,Threshold_2,0.0
13088,Person_658,Group_1,Item_6,Threshold_2,1.0
13089,Person_660,Group_2,Item_6,Threshold_2,0.0
13090,Person_661,Group_1,Item_6,Threshold_2,1.0
13091,Person_662,Group_1,Item_6,Threshold_2,1.0
13092,Person_667,Group_2,Item_6,Threshold_2,1.0
13093,Person_668,Group_2,Item_6,Threshold_2,0.0
13094,Person_672,Group_1,Item_6,Threshold_2,0.0
13095,Person_678,Group_1,Item_6,Threshold_2,0.0
13096,Person_679,Group_1,Item_6,Threshold_2,1.0
13097,Person_681,Group_2,Item_6,Threshold_2,0.0
13098,Person_683,Group_2,Item_6,Threshold_2,1.0
13099,Person_685,Group_2,Item_6,Threshold_2,1.0
13100,Person_688,Group_1,Item_6,Threshold_2,1.0
13101,Person_695,Group_2,Item_6,Threshold_2,1.0
13102,Person_696,Group_2,Item_6,Threshold_2,1.0
13103,Person_697,Group_1,Item_6,Threshold_2,0.0
13104,Person_700,Group_1,Item_6,Threshold_2,1.0
13105,Person_701,Group_1,Item_6,Threshold_2,0.0
13106,Person_702,Group_1,Item_6,Threshold_2,0.0
13107,Person_718,Group_2,Item_6,Threshold_2,1.0
13108,Person_724,Group_1,Item_6,Threshold_2,1.0
13109,Person_725,Group_1,Item_6,Threshold_2,0.0
13110,Person_727,Group_1,Item_6,Threshold_2,1.0
13111,Person_728,Group_1,Item_6,Threshold_2,0.0
13112,Person_732,Group_1,Item_6,Threshold_2,0.0
13113,Person_736,Group_2,Item_6,Threshold_2,1.0
13114,Person_739,Group_2,Item_6,Threshold_2,1.0
13115,Person_740,Group_1,Item_6,Threshold_2,1.0
13116,Person_741,Group_1,Item_6,Threshold_2,1.0
13117,Person_743,Group_1,Item_6,Threshold_2,0.0
13118,Person_749,Group_2,Item_6,Threshold_2,0.0
13119,Person_753,Group_1,Item_6,Threshold_2,0.0
13120,Person_754,Group_2,Item_6,Threshold_2,0.0
13121,Person_761,Group_2,Item_6,Threshold_2,0.0
13122,Person_766,Group_2,Item_6,Threshold_2,0.0
13123,Person_768,Group_1,Item_6,Threshold_2,1.0
13124,Person_771,Group_2,Item_6,Threshold_2,0.0
13125,Person_779,Group_1,Item_6,Threshold_2,0.0
13126,Person_781,Group_1,Item_6,Threshold_2,1.0
13127,Person_783,Group_2,Item_6,Threshold_2,1.0
13128,Person_797,Group_2,Item_6,Threshold_2,1.0
13129,Person_798,Group_2,Item_6,Threshold_2,1.0
13130,Person_804,Group_1,Item_6,Threshold_2,1.0
13131,Person_809,Group_2,Item_6,Threshold_2,1.0
13132,Person_813,Group_1,Item_6,Threshold_2,1.0
13133,Person_819,Group_2,Item_6,Threshold_2,0.0
13134,Person_820,Group_2,Item_6,Threshold_2,1.0
13135,Person_823,Group_1,Item_6,Threshold_2,0.0
13136,Person_824,Group_2,Item_6,Threshold_2,1.0
13137,Person_829,Group_2,Item_6,Threshold_2,1.0
13138,Person_831,Group_1,Item_6,Threshold_2,0.0
13139,Person_834,Group_2,Item_6,Threshold_2,1.0
13140,Person_835,Group_2,Item_6,Threshold_2,0.0
13141,Person_836,Group_1,Item_6,Threshold_2,0.0
13142,Person_842,Group_1,Item_6,Threshold_2,0.0
13143,Person_844,Group_2,Item_6,Threshold_2,1.0
13144,Person_849,Group_2,Item_6,Threshold_2,1.0
13145,Person_850,Group_1,Item_6,Threshold_2,0.0
13146,Person_852,Group_2,Item_6,Threshold_2,1.0
13147,Person_858,Group_2,Item_6,Threshold_2,0.0
13148,Person_872,Group_2,Item_6,Threshold_2,1.0
13149,Person_873,Group_1,Item_6,Threshold_2,1.0
13150,Person_879,Group_1,Item_6,Threshold_2,1.0
13151,Person_882,Group_1,Item_6,Threshold_2,0.0
13152,Person_885,Group_2,Item_6,Threshold_2,0.0
13153,Person_887,Group_1,Item_6,Threshold_2,1.0
13154,Person_893,Group_1,Item_6,Threshold_2,0.0
13155,Person_898,Group_2,Item_6,Threshold_2,0.0
13156,Person_913,Group_1,Item_6,Threshold_2,1.0
13157,Person_915,Group_1,Item_6,Threshold_2,1.0
13158,Person_916,Group_1,Item_6,Threshold_2,1.0
13159,Person_917,Group_2,Item_6,Threshold_2,0.0
13160,Person_922,Group_1,Item_6,Threshold_2,0.0
13161,Person_928,Group_2,Item_6,Threshold_2,1.0
13162,Person_939,Group_1,Item_6,Threshold_2,0.0
13163,Person_940,Group_2,Item_6,Threshold_2,0.0
13164,Person_945,Group_2,Item_6,Threshold_2,1.0
13165,Person_950,Group_1,Item_6,Threshold_2,0.0
13166,Person_954,Group_1,Item_6,Threshold_2,1.0
13167,Person_955,Group_2,Item_6,Threshold_2,1.0
13168,Person_962,Group_2,Item_6,Threshold_2,1.0
13169,Person_964,Group_2,Item_6,Threshold_2,1.0
13170,Person_965,Group_1,Item_6,Threshold_2,1.0
13171,Person_967,Group_2,Item_6,Threshold_2,1.0
13172,Person_972,Group_1,Item_6,Threshold_2,0.0
13173,Person_975,Group_2,Item_6,Threshold_2,1.0
13174,Person_980,Group_1,Item_6,Threshold_2,0.0
13175,Person_994,Group_1,Item_6,Threshold_2,0.0
13176,Person_997,Group_1,Item_6,Threshold_2,1.0
13177,Person_998,Group_1,Item_6,Threshold_2,1.0
13178,Person_1002,Group_1,Item_6,Threshold_2,0.0
13179,Person_1004,Group_2,Item_6,Threshold_2,1.0
13180,Person_1006,Group_1,Item_6,Threshold_2,0.0
13181,Person_1009,Group_2,Item_6,Threshold_2,1.0
13182,Person_1011,Group_1,Item_6,Threshold_2,0.0
13183,Person_1015,Group_1,Item_6,Threshold_2,0.0
13184,Person_1016,Group_2,Item_6,Threshold_2,1.0
13185,Person_1017,Group_2,Item_6,Threshold_2,1.0
13186,Person_1030,Group_1,Item_6,Threshold_2,1.0
13187,Person_1034,Group_1,Item_6,Threshold_2,0.0
13188,Person_1036,Group_1,Item_6,Threshold_2,0.0
13189,Person_1037,Group_2,Item_6,Threshold_2,1.0
13190,Person_1046,Group_2,Item_6,Threshold_2,1.0
13191,Person_1047,Group_2,Item_6,Threshold_2,0.0
13192,Person_1049,Group_2,Item_6,Threshold_2,1.0
13193,Person_1050,Group_2,Item_6,Threshold_2,1.0
13194,Person_1053,Group_2,Item_6,Threshold_2,1.0
13195,Person_1057,Group_2,Item_6,Threshold_2,0.0
13196,Person_1059,Group_2,Item_6,Threshold_2,1.0
13197,Person_1069,Group_1,Item_6,Threshold_2,0.0
13198,Person_1071,Group_1,Item_6,Threshold_2,0.0
13199,Person_1074,Group_1,Item_6,Threshold_2,1.0
13200,Person_1075,Group_2,Item_6,Threshold_2,0.0
13201,Person_1077,Group_1,Item_6,Threshold_2,0.0
13202,Person_1080,Group_2,Item_6,Threshold_2,0.0
13203,Person_1088,Group_1,Item_6,Threshold_2,1.0
13204,Person_1092,Group_1,Item_6,Threshold_2,1.0
13205,Person_1098,Group_2,Item_6,Threshold_2,0.0
13206,Person_1099,Group_2,Item_6,Threshold_2,1.0
13207,Person_1102,Group_2,Item_6,Threshold_2,1.0
13208,Person_1104,Group_1,Item_6,Threshold_2,1.0
13209,Person_1109,Group_2,Item_6,Threshold_2,0.0
13210,Person_1115,Group_2,Item_6,Threshold_2,1.0
13211,Person_1119,Group_1,Item_6,Threshold_2,0.0
13212,Person_1120,Group_2,Item_6,Threshold_2,0.0
13213,Person_1136,Group_1,Item_6,Threshold_2,1.0
13214,Person_1139,Group_1,Item_6,Threshold_2,0.0
13215,Person_1146,Group_2,Item_6,Threshold_2,1.0
13216,Person_1147,Group_2,Item_6,Threshold_2,1.0
13217,Person_1148,Group_1,Item_6,Threshold_2,1.0
13218,Person_1151,Group_2,Item_6,Threshold_2,1.0
13219,Person_1153,Group_1,Item_6,Threshold_2,1.0
13220,Person_1163,Group_2,Item_6,Threshold_2,0.0
13221,Person_1165,Group_2,Item_6,Threshold_2,0.0
13222,Person_1168,Group_1,Item_6,Threshold_2,0.0
13223,Person_1170,Group_1,Item_6,Threshold_2,0.0
13224,Person_1178,Group_1,Item_6,Threshold_2,0.0
13225,Person_1179,Group_2,Item_6,Threshold_2,1.0
13226,Person_1183,Group_1,Item_6,Threshold_2,1.0
13227,Person_1188,Group_1,Item_6,Threshold_2,1.0
13228,Person_1193,Group_1,Item_6,Threshold_2,0.0
13229,Person_1197,Group_2,Item_6,Threshold_2,0.0
13230,Person_1198,Group_1,Item_6,Threshold_2,0.0
13231,Person_1200,Group_1,Item_6,Threshold_2,1.0
13232,Person_1204,Group_1,Item_6,Threshold_2,1.0
13233,Person_1205,Group_1,Item_6,Threshold_2,1.0
13234,Person_1214,Group_1,Item_6,Threshold_2,1.0
13235,Person_1215,Group_2,Item_6,Threshold_2,1.0
13236,Person_1216,Group_2,Item_6,Threshold_2,1.0
13237,Person_1232,Group_2,Item_6,Threshold_2,0.0
13238,Person_1235,Group_2,Item_6,Threshold_2,0.0
13239,Person_1240,Group_1,Item_6,Threshold_2,1.0
13240,Person_1241,Group_2,Item_6,Threshold_2,0.0
13241,Person_1245,Group_2,Item_6,Threshold_2,1.0
13242,Person_1248,Group_1,Item_6,Threshold_2,0.0
13243,Person_1249,Group_2,Item_6,Threshold_2,1.0
13244,Person_1250,Group_2,Item_6,Threshold_2,0.0
13245,Person_1252,Group_2,Item_6,Threshold_2,0.0
13246,Person_1262,Group_2,Item_6,Threshold_2,0.0
13247,Person_1264,Group_1,Item_6,Threshold_2,0.0
13248,Person_1265,Group_2,Item_6,Threshold_2,1.0
13249,Person_1270,Group_2,Item_6,Threshold_2,1.0
13250,Person_1272,Group_1,Item_6,Threshold_2,1.0
13251,Person_1276,Group_2,Item_6,Threshold_2,1.0
13252,Person_1279,Group_1,Item_6,Threshold_2,1.0
13253,Person_1280,Group_1,Item_6,Threshold_2,0.0
13254,Person_1282,Group_1,Item_6,Threshold_2,1.0
13255,Person_1284,Group_1,Item_6,Threshold_2,0.0
13256,Person_1287,Group_1,Item_6,Threshold_2,1.0
13257,Person_1288,Group_2,Item_6,Threshold_2,1.0
13258,Person_1290,Group_1,Item_6,Threshold_2,1.0
13259,Person_1296,Group_2,Item_6,Threshold_2,1.0
13260,Person_1297,Group_1,Item_6,Threshold_2,1.0
13261,Person_1298,Group_2,Item_6,Threshold_2,1.0
13262,Person_1301,Group_2,Item_6,Threshold_2,1.0
13263,Person_1304,Group_2,Item_6,Threshold_2,1.0
13264,Person_1306,Group_2,Item_6,Threshold_2,1.0
13265,Person_1308,Group_2,Item_6,Threshold_2,0.0
13266,Person_1316,Group_2,Item_6,Threshold_2,1.0
13267,Person_1318,Group_2,Item_6,Threshold_2,0.0
13268,Person_1322,Group_2,Item_6,Threshold_2,1.0
13269,Person_1330,Group_1,Item_6,Threshold_2,1.0
13270,Person_1336,Group_1,Item_6,Threshold_2,0.0
13271,Person_1340,Group_1,Item_6,Threshold_2,0.0
13272,Person_1342,Group_2,Item_6,Threshold_2,1.0
13273,Person_1343,Group_1,Item_6,Threshold_2,1.0
13274,Person_1354,Group_2,Item_6,Threshold_2,1.0
13275,Person_1355,Group_2,Item_6,Threshold_2,0.0
13276,Person_1357,Group_1,Item_6,Threshold_2,0.0
13277,Person_1361,Group_2,Item_6,Threshold_2,1.0
13278,Person_1364,Group_2,Item_6,Threshold_2,1.0
13279,Person_1367,Group_2,Item_6,Threshold_2,0.0
13280,Person_1368,Group_2,Item_6,Threshold_2,0.0
13281,Person_1372,Group_1,Item_6,Threshold_2,1.0
13282,Person_1373,Group_2,Item_6,Threshold_2,0.0
13283,Person_1376,Group_2,Item_6,Threshold_2,1.0
13284,Person_1381,Group_2,Item_6,Threshold_2,1.0
13285,Person_1382,Group_1,Item_6,Threshold_2,1.0
13286,Person_1384,Group_1,Item_6,Threshold_2,1.0
13287,Person_1397,Group_2,Item_6,Threshold_2,0.0
13288,Person_1399,Group_1,Item_6,Threshold_2,0.0
13289,Person_1400,Group_1,Item_6,Threshold_2,0.0
13290,Person_1402,Group_2,Item_6,Threshold_2,0.0
13291,Person_1404,Group_2,Item_6,Threshold_2,0.0
13292,Person_1408,Group_1,Item_6,Threshold_2,1.0
13293,Person_1410,Group_1,Item_6,Threshold_2,0.0
13294,Person_1412,Group_2,Item_6,Threshold_2,0.0
13295,Person_1414,Group_2,Item_6,Threshold_2,0.0
13296,Person_1419,Group_1,Item_6,Threshold_2,1.0
13297,Person_1426,Group_2,Item_6,Threshold_2,1.0
13298,Person_1428,Group_1,Item_6,Threshold_2,0.0
13299,Person_1430,Group_1,Item_6,Threshold_2,0.0
13300,Person_1433,Group_1,Item_6,Threshold_2,0.0
13301,Person_1435,Group_2,Item_6,Threshold_2,1.0
13302,Person_1436,Group_2,Item_6,Threshold_2,0.0
13303,Person_1441,Group_1,Item_6,Threshold_2,1.0
13304,Person_1444,Group_2,Item_6,Threshold_2,0.0
13305,Person_1446,Group_1,Item_6,Threshold_2,0.0
13306,Person_1448,Group_2,Item_6,Threshold_2,1.0
13307,Person_1455,Group_2,Item_6,Threshold_2,0.0
13308,Person_1460,Group_2,Item_6,Threshold_2,1.0
13309,Person_1465,Group_1,Item_6,Threshold_2,0.0
13310,Person_1468,Group_1,Item_6,Threshold_2,0.0
13311,Person_1474,Group_2,Item_6,Threshold_2,1.0
13312,Person_1475,Group_2,Item_6,Threshold_2,1.0
13313,Person_1481,Group_1,Item_6,Threshold_2,1.0
13314,Person_1485,Group_2,Item_6,Threshold_2,1.0
13315,Person_1488,Group_2,Item_6,Threshold_2,0.0
13316,Person_1492,Group_2,Item_6,Threshold_2,0.0
13317,Person_1493,Group_1,Item_6,Threshold_2,1.0
13318,Person_1495,Group_1,Item_6,Threshold_2,0.0
13319,Person_1506,Group_1,Item_6,Threshold_2,1.0
13320,Person_1516,Group_2,Item_6,Threshold_2,1.0
13321,Person_1520,Group_2,Item_6,Threshold_2,1.0
13322,Person_1521,Group_2,Item_6,Threshold_2,1.0
13323,Person_1524,Group_1,Item_6,Threshold_2,0.0
13324,Person_1527,Group_2,Item_6,Threshold_2,0.0
13325,Person_1535,Group_1,Item_6,Threshold_2,0.0
13326,Person_1538,Group_1,Item_6,Threshold_2,1.0
13327,Person_1541,Group_2,Item_6,Threshold_2,0.0
13328,Person_1544,Group_1,Item_6,Threshold_2,0.0
13329,Person_1549,Group_2,Item_6,Threshold_2,1.0
13330,Person_1559,Group_1,Item_6,Threshold_2,0.0
13331,Person_1562,Group_1,Item_6,Threshold_2,1.0
13332,Person_1564,Group_1,Item_6,Threshold_2,1.0
13333,Person_1570,Group_2,Item_6,Threshold_2,0.0
13334,Person_1576,Group_2,Item_6,Threshold_2,0.0
13335,Person_1578,Group_1,Item_6,Threshold_2,1.0
13336,Person_1581,Group_2,Item_6,Threshold_2,0.0
13337,Person_1582,Group_1,Item_6,Threshold_2,1.0
13338,Person_1586,Group_1,Item_6,Threshold_2,0.0
13339,Person_1594,Group_2,Item_6,Threshold_2,1.0
13340,Person_1596,Group_2,Item_6,Threshold_2,1.0
13341,Person_1598,Group_1,Item_6,Threshold_2,1.0
13342,Person_1599,Group_1,Item_6,Threshold_2,0.0
13343,Person_1607,Group_2,Item_6,Threshold_2,1.0
13344,Person_1608,Group_1,Item_6,Threshold_2,0.0
13345,Person_1609,Group_2,Item_6,Threshold_2,0.0
13346,Person_1612,Group_1,Item_6,Threshold_2,1.0
13347,Person_1621,Group_1,Item_6,Threshold_2,0.0
13348,Person_1635,Group_1,Item_6,Threshold_2,0.0
13349,Person_1637,Group_1,Item_6,Threshold_2,1.0
13350,Person_9,Group_2,Item_6,Threshold_3,1.0
13351,Person_16,Group_2,Item_6,Threshold_3,0.0
13352,Person_21,Group_2,Item_6,Threshold_3,1.0
13353,Person_29,Group_1,Item_6,Threshold_3,1.0
13354,Person_38,Group_1,Item_6,Threshold_3,0.0
13355,Person_40,Group_1,Item_6,Threshold_3,0.0
13356,Person_41,Group_1,Item_6,Threshold_3,0.0
13357,Person_42,Group_2,Item_6,Threshold_3,1.0
13358,Person_46,Group_1,Item_6,Threshold_3,1.0
13359,Person_50,Group_1,Item_6,Threshold_3,0.0
13360,Person_56,Group_1,Item_6,Threshold_3,0.0
13361,Person_57,Group_2,Item_6,Threshold_3,1.0
13362,Person_61,Group_2,Item_6,Threshold_3,1.0
13363,Person_73,Group_2,Item_6,Threshold_3,1.0
13364,Person_77,Group_2,Item_6,Threshold_3,1.0
13365,Person_78,Group_1,Item_6,Threshold_3,0.0
13366,Person_82,Group_1,Item_6,Threshold_3,1.0
13367,Person_85,Group_1,Item_6,Threshold_3,1.0
13368,Person_93,Group_1,Item_6,Threshold_3,0.0
13369,Person_95,Group_1,Item_6,Threshold_3,1.0
13370,Person_100,Group_2,Item_6,Threshold_3,1.0
13371,Person_101,Group_1,Item_6,Threshold_3,0.0
13372,Person_106,Group_1,Item_6,Threshold_3,1.0
13373,Person_107,Group_1,Item_6,Threshold_3,0.0
13374,Person_111,Group_1,Item_6,Threshold_3,0.0
13375,Person_113,Group_1,Item_6,Threshold_3,0.0
13376,Person_120,Group_2,Item_6,Threshold_3,0.0
13377,Person_123,Group_2,Item_6,Threshold_3,1.0
13378,Person_138,Group_1,Item_6,Threshold_3,0.0
13379,Person_158,Group_1,Item_6,Threshold_3,0.0
13380,Person_161,Group_1,Item_6,Threshold_3,0.0
13381,Person_163,Group_1,Item_6,Threshold_3,0.0
13382,Person_165,Group_1,Item_6,Threshold_3,1.0
13383,Person_166,Group_1,Item_6,Threshold_3,0.0
13384,Person_171,Group_2,Item_6,Threshold_3,0.0
13385,Person_172,Group_1,Item_6,Threshold_3,1.0
13386,Person_174,Group_2,Item_6,Threshold_3,0.0
13387,Person_180,Group_1,Item_6,Threshold_3,0.0
13388,Person_182,Group_1,Item_6,Threshold_3,1.0
13389,Person_183,Group_2,Item_6,Threshold_3,0.0
13390,Person_188,Group_2,Item_6,Threshold_3,1.0
13391,Person_197,Group_2,Item_6,Threshold_3,0.0
13392,Person_198,Group_2,Item_6,Threshold_3,0.0
13393,Person_200,Group_1,Item_6,Threshold_3,1.0
13394,Person_203,Group_1,Item_6,Threshold_3,0.0
13395,Person_207,Group_1,Item_6,Threshold_3,0.0
13396,Person_212,Group_1,Item_6,Threshold_3,0.0
13397,Person_213,Group_1,Item_6,Threshold_3,0.0
13398,Person_216,Group_2,Item_6,Threshold_3,1.0
13399,Person_219,Group_1,Item_6,Threshold_3,1.0
13400,Person_220,Group_2,Item_6,Threshold_3,0.0
13401,Person_222,Group_2,Item_6,Threshold_3,0.0
13402,Person_225,Group_2,Item_6,Threshold_3,0.0
13403,Person_228,Group_1,Item_6,Threshold_3,0.0
13404,Person_230,Group_1,Item_6,Threshold_3,1.0
13405,Person_231,Group_2,Item_6,Threshold_3,1.0
13406,Person_237,Group_1,Item_6,Threshold_3,0.0
13407,Person_242,Group_2,Item_6,Threshold_3,0.0
13408,Person_243,Group_1,Item_6,Threshold_3,0.0
13409,Person_245,Group_1,Item_6,Threshold_3,1.0
13410,Person_246,Group_2,Item_6,Threshold_3,0.0
13411,Person_255,Group_2,Item_6,Threshold_3,1.0
13412,Person_261,Group_2,Item_6,Threshold_3,0.0
13413,Person_265,Group_2,Item_6,Threshold_3,0.0
13414,Person_269,Group_2,Item_6,Threshold_3,1.0
13415,Person_272,Group_1,Item_6,Threshold_3,0.0
13416,Person_273,Group_1,Item_6,Threshold_3,0.0
13417,Person_277,Group_2,Item_6,Threshold_3,1.0
13418,Person_280,Group_2,Item_6,Threshold_3,0.0
13419,Person_282,Group_1,Item_6,Threshold_3,1.0
13420,Person_287,Group_1,Item_6,Threshold_3,1.0
13421,Person_302,Group_1,Item_6,Threshold_3,1.0
13422,Person_304,Group_1,Item_6,Threshold_3,0.0
13423,Person_307,Group_2,Item_6,Threshold_3,0.0
13424,Person_308,Group_2,Item_6,Threshold_3,1.0
13425,Person_318,Group_1,Item_6,Threshold_3,0.0
13426,Person_337,Group_1,Item_6,Threshold_3,0.0
13427,Person_353,Group_2,Item_6,Threshold_3,1.0
13428,Person_357,Group_1,Item_6,Threshold_3,0.0
13429,Person_365,Group_1,Item_6,Threshold_3,0.0
13430,Person_370,Group_1,Item_6,Threshold_3,0.0
13431,Person_371,Group_1,Item_6,Threshold_3,1.0
13432,Person_372,Group_1,Item_6,Threshold_3,0.0
13433,Person_375,Group_1,Item_6,Threshold_3,0.0
13434,Person_376,Group_1,Item_6,Threshold_3,0.0
13435,Person_395,Group_1,Item_6,Threshold_3,0.0
13436,Person_400,Group_2,Item_6,Threshold_3,0.0
13437,Person_419,Group_2,Item_6,Threshold_3,0.0
13438,Person_423,Group_2,Item_6,Threshold_3,1.0
13439,Person_428,Group_2,Item_6,Threshold_3,1.0
13440,Person_429,Group_1,Item_6,Threshold_3,1.0
13441,Person_432,Group_2,Item_6,Threshold_3,0.0
13442,Person_433,Group_1,Item_6,Threshold_3,1.0
13443,Person_434,Group_1,Item_6,Threshold_3,1.0
13444,Person_437,Group_2,Item_6,Threshold_3,0.0
13445,Person_439,Group_2,Item_6,Threshold_3,1.0
13446,Person_441,Group_2,Item_6,Threshold_3,1.0
13447,Person_444,Group_2,Item_6,Threshold_3,0.0
13448,Person_459,Group_2,Item_6,Threshold_3,1.0
13449,Person_463,Group_2,Item_6,Threshold_3,1.0
13450,Person_465,Group_1,Item_6,Threshold_3,1.0
13451,Person_469,Group_1,Item_6,Threshold_3,0.0
13452,Person_471,Group_1,Item_6,Threshold_3,1.0
13453,Person_478,Group_2,Item_6,Threshold_3,1.0
13454,Person_479,Group_2,Item_6,Threshold_3,1.0
13455,Person_491,Group_1,Item_6,Threshold_3,1.0
13456,Person_492,Group_1,Item_6,Threshold_3,0.0
13457,Person_496,Group_2,Item_6,Threshold_3,1.0
13458,Person_497,Group_2,Item_6,Threshold_3,1.0
13459,Person_504,Group_2,Item_6,Threshold_3,1.0
13460,Person_511,Group_1,Item_6,Threshold_3,0.0
13461,Person_513,Group_1,Item_6,Threshold_3,0.0
13462,Person_515,Group_2,Item_6,Threshold_3,0.0
13463,Person_518,Group_1,Item_6,Threshold_3,0.0
13464,Person_521,Group_2,Item_6,Threshold_3,1.0
13465,Person_523,Group_1,Item_6,Threshold_3,1.0
13466,Person_534,Group_1,Item_6,Threshold_3,1.0
13467,Person_537,Group_1,Item_6,Threshold_3,1.0
13468,Person_539,Group_1,Item_6,Threshold_3,1.0
13469,Person_541,Group_1,Item_6,Threshold_3,1.0
13470,Person_547,Group_1,Item_6,Threshold_3,1.0
13471,Person_559,Group_2,Item_6,Threshold_3,0.0
13472,Person_567,Group_1,Item_6,Threshold_3,0.0
13473,Person_571,Group_1,Item_6,Threshold_3,0.0
13474,Person_572,Group_1,Item_6,Threshold_3,0.0
13475,Person_576,Group_1,Item_6,Threshold_3,1.0
13476,Person_588,Group_2,Item_6,Threshold_3,0.0
13477,Person_596,Group_2,Item_6,Threshold_3,0.0
13478,Person_601,Group_1,Item_6,Threshold_3,0.0
13479,Person_603,Group_1,Item_6,Threshold_3,0.0
13480,Person_604,Group_2,Item_6,Threshold_3,0.0
13481,Person_605,Group_2,Item_6,Threshold_3,0.0
13482,Person_607,Group_1,Item_6,Threshold_3,1.0
13483,Person_611,Group_2,Item_6,Threshold_3,0.0
13484,Person_612,Group_1,Item_6,Threshold_3,0.0
13485,Person_630,Group_2,Item_6,Threshold_3,0.0
13486,Person_631,Group_1,Item_6,Threshold_3,0.0
13487,Person_634,Group_2,Item_6,Threshold_3,0.0
13488,Person_635,Group_1,Item_6,Threshold_3,1.0
13489,Person_637,Group_2,Item_6,Threshold_3,1.0
13490,Person_639,Group_1,Item_6,Threshold_3,0.0
13491,Person_644,Group_2,Item_6,Threshold_3,1.0
13492,Person_647,Group_2,Item_6,Threshold_3,0.0
13493,Person_653,Group_2,Item_6,Threshold_3,0.0
13494,Person_654,Group_1,Item_6,Threshold_3,0.0
13495,Person_655,Group_1,Item_6,Threshold_3,0.0
13496,Person_658,Group_2,Item_6,Threshold_3,0.0
13497,Person_661,Group_1,Item_6,Threshold_3,0.0
13498,Person_662,Group_1,Item_6,Threshold_3,0.0
13499,Person_667,Group_1,Item_6,Threshold_3,0.0
13500,Person_669,Group_2,Item_6,Threshold_3,1.0
13501,Person_679,Group_2,Item_6,Threshold_3,0.0
13502,Person_683,Group_2,Item_6,Threshold_3,0.0
13503,Person_685,Group_1,Item_6,Threshold_3,0.0
13504,Person_686,Group_1,Item_6,Threshold_3,1.0
13505,Person_688,Group_1,Item_6,Threshold_3,0.0
13506,Person_690,Group_1,Item_6,Threshold_3,1.0
13507,Person_695,Group_2,Item_6,Threshold_3,0.0
13508,Person_696,Group_1,Item_6,Threshold_3,0.0
13509,Person_700,Group_1,Item_6,Threshold_3,0.0
13510,Person_718,Group_2,Item_6,Threshold_3,0.0
13511,Person_724,Group_2,Item_6,Threshold_3,0.0
13512,Person_727,Group_1,Item_6,Threshold_3,0.0
13513,Person_736,Group_2,Item_6,Threshold_3,0.0
13514,Person_739,Group_2,Item_6,Threshold_3,0.0
13515,Person_740,Group_1,Item_6,Threshold_3,0.0
13516,Person_741,Group_1,Item_6,Threshold_3,0.0
13517,Person_758,Group_2,Item_6,Threshold_3,1.0
13518,Person_768,Group_2,Item_6,Threshold_3,0.0
13519,Person_770,Group_1,Item_6,Threshold_3,1.0
13520,Person_772,Group_1,Item_6,Threshold_3,1.0
13521,Person_775,Group_1,Item_6,Threshold_3,1.0
13522,Person_781,Group_1,Item_6,Threshold_3,0.0
13523,Person_783,Group_2,Item_6,Threshold_3,0.0
13524,Person_792,Group_1,Item_6,Threshold_3,1.0
13525,Person_797,Group_2,Item_6,Threshold_3,0.0
13526,Person_798,Group_1,Item_6,Threshold_3,0.0
13527,Person_799,Group_1,Item_6,Threshold_3,1.0
13528,Person_800,Group_1,Item_6,Threshold_3,1.0
13529,Person_803,Group_1,Item_6,Threshold_3,1.0
13530,Person_804,Group_2,Item_6,Threshold_3,0.0
13531,Person_806,Group_2,Item_6,Threshold_3,1.0
13532,Person_809,Group_1,Item_6,Threshold_3,0.0
13533,Person_813,Group_2,Item_6,Threshold_3,0.0
13534,Person_820,Group_1,Item_6,Threshold_3,0.0
13535,Person_822,Group_2,Item_6,Threshold_3,1.0
13536,Person_824,Group_2,Item_6,Threshold_3,0.0
13537,Person_829,Group_1,Item_6,Threshold_3,0.0
13538,Person_830,Group_2,Item_6,Threshold_3,1.0
13539,Person_834,Group_2,Item_6,Threshold_3,0.0
13540,Person_844,Group_1,Item_6,Threshold_3,0.0
13541,Person_849,Group_2,Item_6,Threshold_3,0.0
13542,Person_851,Group_2,Item_6,Threshold_3,1.0
13543,Person_852,Group_2,Item_6,Threshold_3,0.0
13544,Person_855,Group_2,Item_6,Threshold_3,1.0
13545,Person_860,Group_2,Item_6,Threshold_3,1.0
13546,Person_870,Group_2,Item_6,Threshold_3,1.0
13547,Person_872,Group_2,Item_6,Threshold_3,0.0
13548,Person_873,Group_2,Item_6,Threshold_3,0.0
13549,Person_877,Group_2,Item_6,Threshold_3,1.0
13550,Person_879,Group_2,Item_6,Threshold_3,0.0
13551,Person_887,Group_2,Item_6,Threshold_3,0.0
13552,Person_895,Group_1,Item_6,Threshold_3,1.0
13553,Person_908,Group_1,Item_6,Threshold_3,1.0
13554,Person_910,Group_1,Item_6,Threshold_3,1.0
13555,Person_913,Group_1,Item_6,Threshold_3,0.0
13556,Person_915,Group_1,Item_6,Threshold_3,0.0
13557,Person_916,Group_2,Item_6,Threshold_3,0.0
13558,Person_928,Group_2,Item_6,Threshold_3,0.0
13559,Person_930,Group_2,Item_6,Threshold_3,1.0
13560,Person_938,Group_2,Item_6,Threshold_3,1.0
13561,Person_943,Group_2,Item_6,Threshold_3,1.0
13562,Person_945,Group_1,Item_6,Threshold_3,0.0
13563,Person_954,Group_1,Item_6,Threshold_3,0.0
13564,Person_955,Group_1,Item_6,Threshold_3,0.0
13565,Person_962,Group_1,Item_6,Threshold_3,0.0
13566,Person_964,Group_1,Item_6,Threshold_3,0.0
13567,Person_965,Group_2,Item_6,Threshold_3,0.0
13568,Person_967,Group_2,Item_6,Threshold_3,0.0
13569,Person_975,Group_2,Item_6,Threshold_3,0.0
13570,Person_976,Group_2,Item_6,Threshold_3,1.0
13571,Person_987,Group_2,Item_6,Threshold_3,1.0
13572,Person_988,Group_1,Item_6,Threshold_3,1.0
13573,Person_991,Group_1,Item_6,Threshold_3,1.0
13574,Person_997,Group_1,Item_6,Threshold_3,0.0
13575,Person_998,Group_1,Item_6,Threshold_3,0.0
13576,Person_1000,Group_1,Item_6,Threshold_3,1.0
13577,Person_1004,Group_1,Item_6,Threshold_3,0.0
13578,Person_1007,Group_2,Item_6,Threshold_3,1.0
13579,Person_1008,Group_2,Item_6,Threshold_3,1.0
13580,Person_1009,Group_2,Item_6,Threshold_3,0.0
13581,Person_1014,Group_2,Item_6,Threshold_3,1.0
13582,Person_1016,Group_1,Item_6,Threshold_3,0.0
13583,Person_1017,Group_1,Item_6,Threshold_3,0.0
13584,Person_1023,Group_2,Item_6,Threshold_3,1.0
13585,Person_1026,Group_2,Item_6,Threshold_3,1.0
13586,Person_1028,Group_2,Item_6,Threshold_3,1.0
13587,Person_1030,Group_1,Item_6,Threshold_3,0.0
13588,Person_1035,Group_2,Item_6,Threshold_3,1.0
13589,Person_1037,Group_1,Item_6,Threshold_3,0.0
13590,Person_1046,Group_2,Item_6,Threshold_3,0.0
13591,Person_1048,Group_1,Item_6,Threshold_3,1.0
13592,Person_1049,Group_1,Item_6,Threshold_3,0.0
13593,Person_1050,Group_2,Item_6,Threshold_3,0.0
13594,Person_1053,Group_2,Item_6,Threshold_3,0.0
13595,Person_1056,Group_2,Item_6,Threshold_3,1.0
13596,Person_1059,Group_1,Item_6,Threshold_3,0.0
13597,Person_1061,Group_1,Item_6,Threshold_3,1.0
13598,Person_1068,Group_1,Item_6,Threshold_3,1.0
13599,Person_1074,Group_2,Item_6,Threshold_3,0.0
13600,Person_1079,Group_2,Item_6,Threshold_3,1.0
13601,Person_1088,Group_1,Item_6,Threshold_3,0.0
13602,Person_1092,Group_1,Item_6,Threshold_3,0.0
13603,Person_1093,Group_2,Item_6,Threshold_3,1.0
13604,Person_1099,Group_1,Item_6,Threshold_3,0.0
13605,Person_1102,Group_2,Item_6,Threshold_3,0.0
13606,Person_1104,Group_1,Item_6,Threshold_3,0.0
13607,Person_1106,Group_2,Item_6,Threshold_3,1.0
13608,Person_1111,Group_1,Item_6,Threshold_3,1.0
13609,Person_1115,Group_1,Item_6,Threshold_3,0.0
13610,Person_1122,Group_1,Item_6,Threshold_3,1.0
13611,Person_1130,Group_2,Item_6,Threshold_3,1.0
13612,Person_1136,Group_2,Item_6,Threshold_3,0.0
13613,Person_1138,Group_2,Item_6,Threshold_3,1.0
13614,Person_1146,Group_2,Item_6,Threshold_3,0.0
13615,Person_1147,Group_2,Item_6,Threshold_3,0.0
13616,Person_1148,Group_2,Item_6,Threshold_3,0.0
13617,Person_1151,Group_1,Item_6,Threshold_3,0.0
13618,Person_1153,Group_1,Item_6,Threshold_3,0.0
13619,Person_1157,Group_2,Item_6,Threshold_3,1.0
13620,Person_1161,Group_1,Item_6,Threshold_3,1.0
13621,Person_1166,Group_1,Item_6,Threshold_3,1.0
13622,Person_1167,Group_2,Item_6,Threshold_3,1.0
13623,Person_1175,Group_1,Item_6,Threshold_3,1.0
13624,Person_1179,Group_2,Item_6,Threshold_3,0.0
13625,Person_1183,Group_2,Item_6,Threshold_3,0.0
13626,Person_1184,Group_1,Item_6,Threshold_3,1.0
13627,Person_1188,Group_1,Item_6,Threshold_3,0.0
13628,Person_1191,Group_1,Item_6,Threshold_3,1.0
13629,Person_1200,Group_1,Item_6,Threshold_3,0.0
13630,Person_1204,Group_1,Item_6,Threshold_3,0.0
13631,Person_1205,Group_1,Item_6,Threshold_3,0.0
13632,Person_1206,Group_1,Item_6,Threshold_3,1.0
13633,Person_1210,Group_2,Item_6,Threshold_3,1.0
13634,Person_1214,Group_2,Item_6,Threshold_3,0.0
13635,Person_1215,Group_2,Item_6,Threshold_3,0.0
13636,Person_1216,Group_2,Item_6,Threshold_3,0.0
13637,Person_1225,Group_2,Item_6,Threshold_3,1.0
13638,Person_1226,Group_2,Item_6,Threshold_3,1.0
13639,Person_1229,Group_1,Item_6,Threshold_3,1.0
13640,Person_1230,Group_1,Item_6,Threshold_3,1.0
13641,Person_1236,Group_2,Item_6,Threshold_3,1.0
13642,Person_1240,Group_1,Item_6,Threshold_3,0.0
13643,Person_1245,Group_1,Item_6,Threshold_3,0.0
13644,Person_1249,Group_2,Item_6,Threshold_3,0.0
13645,Person_1261,Group_2,Item_6,Threshold_3,1.0
13646,Person_1265,Group_2,Item_6,Threshold_3,0.0
13647,Person_1266,Group_1,Item_6,Threshold_3,1.0
13648,Person_1270,Group_2,Item_6,Threshold_3,0.0
13649,Person_1272,Group_1,Item_6,Threshold_3,0.0
13650,Person_1273,Group_2,Item_6,Threshold_3,1.0
13651,Person_1276,Group_1,Item_6,Threshold_3,0.0
13652,Person_1279,Group_1,Item_6,Threshold_3,0.0
13653,Person_1282,Group_2,Item_6,Threshold_3,0.0
13654,Person_1287,Group_2,Item_6,Threshold_3,0.0
13655,Person_1288,Group_1,Item_6,Threshold_3,0.0
13656,Person_1290,Group_2,Item_6,Threshold_3,0.0
13657,Person_1296,Group_2,Item_6,Threshold_3,0.0
13658,Person_1297,Group_1,Item_6,Threshold_3,0.0
13659,Person_1298,Group_1,Item_6,Threshold_3,0.0
13660,Person_1301,Group_1,Item_6,Threshold_3,0.0
13661,Person_1304,Group_2,Item_6,Threshold_3,0.0
13662,Person_1306,Group_2,Item_6,Threshold_3,0.0
13663,Person_1309,Group_1,Item_6,Threshold_3,1.0
13664,Person_1316,Group_2,Item_6,Threshold_3,0.0
13665,Person_1317,Group_2,Item_6,Threshold_3,1.0
13666,Person_1321,Group_2,Item_6,Threshold_3,1.0
13667,Person_1322,Group_1,Item_6,Threshold_3,0.0
13668,Person_1330,Group_1,Item_6,Threshold_3,0.0
13669,Person_1342,Group_2,Item_6,Threshold_3,0.0
13670,Person_1343,Group_2,Item_6,Threshold_3,0.0
13671,Person_1352,Group_1,Item_6,Threshold_3,1.0
13672,Person_1354,Group_1,Item_6,Threshold_3,0.0
13673,Person_1360,Group_1,Item_6,Threshold_3,1.0
13674,Person_1361,Group_2,Item_6,Threshold_3,0.0
13675,Person_1364,Group_1,Item_6,Threshold_3,0.0
13676,Person_1365,Group_2,Item_6,Threshold_3,1.0
13677,Person_1372,Group_1,Item_6,Threshold_3,0.0
13678,Person_1376,Group_1,Item_6,Threshold_3,0.0
13679,Person_1381,Group_2,Item_6,Threshold_3,0.0
13680,Person_1382,Group_1,Item_6,Threshold_3,0.0
13681,Person_1384,Group_2,Item_6,Threshold_3,0.0
13682,Person_1391,Group_1,Item_6,Threshold_3,1.0
13683,Person_1408,Group_1,Item_6,Threshold_3,0.0
13684,Person_1419,Group_2,Item_6,Threshold_3,0.0
13685,Person_1421,Group_2,Item_6,Threshold_3,1.0
13686,Person_1426,Group_1,Item_6,Threshold_3,0.0
13687,Person_1435,Group_1,Item_6,Threshold_3,0.0
13688,Person_1441,Group_1,Item_6,Threshold_3,0.0
13689,Person_1442,Group_2,Item_6,Threshold_3,1.0
13690,Person_1445,Group_2,Item_6,Threshold_3,1.0
13691,Person_1448,Group_1,Item_6,Threshold_3,0.0
13692,Person_1450,Group_2,Item_6,Threshold_3,1.0
13693,Person_1460,Group_2,Item_6,Threshold_3,0.0
13694,Person_1462,Group_1,Item_6,Threshold_3,1.0
13695,Person_1474,Group_1,Item_6,Threshold_3,0.0
13696,Person_1475,Group_2,Item_6,Threshold_3,0.0
13697,Person_1480,Group_1,Item_6,Threshold_3,1.0
13698,Person_1481,Group_2,Item_6,Threshold_3,0.0
13699,Person_1485,Group_2,Item_6,Threshold_3,0.0
13700,Person_1493,Group_2,Item_6,Threshold_3,0.0
13701,Person_1504,Group_1,Item_6,Threshold_3,1.0
13702,Person_1506,Group_2,Item_6,Threshold_3,0.0
13703,Person_1516,Group_2,Item_6,Threshold_3,0.0
13704,Person_1520,Group_2,Item_6,Threshold_3,0.0
13705,Person_1521,Group_1,Item_6,Threshold_3,0.0
13706,Person_1523,Group_1,Item_6,Threshold_3,1.0
13707,Person_1538,Group_1,Item_6,Threshold_3,0.0
13708,Person_1543,Group_1,Item_6,Threshold_3,1.0
13709,Person_1549,Group_1,Item_6,Threshold_3,0.0
13710,Person_1562,Group_1,Item_6,Threshold_3,0.0
13711,Person_1564,Group_2,Item_6,Threshold_3,0.0
13712,Person_1568,Group_2,Item_6,Threshold_3,1.0
13713,Person_1578,Group_1,Item_6,Threshold_3,0.0
13714,Person_1582,Group_1,Item_6,Threshold_3,0.0
13715,Person_1591,Group_1,Item_6,Threshold_3,1.0
13716,Person_1594,Group_1,Item_6,Threshold_3,0.0
13717,Person_1596,Group_1,Item_6,Threshold_3,0.0
13718,Person_1597,Group_2,Item_6,Threshold_3,1.0
13719,Person_1598,Group_2,Item_6,Threshold_3,0.0
13720,Person_1607,Group_1,Item_6,Threshold_3,0.0
13721,Person_1612,Group_1,Item_6,Threshold_3,0.0
13722,Person_1623,Group_2,Item_6,Threshold_3,1.0
13723,Person_1630,Group_1,Item_6,Threshold_3,1.0
13724,Person_1636,Group_1,Item_6,Threshold_3,1.0
13725,Person_1637,Group_1,Item_6,Threshold_3,0.0
13726,Person_2,Group_1,Item_6,Threshold_4,1.0
13727,Person_9,Group_2,Item_6,Threshold_4,0.0
13728,Person_10,Group_1,Item_6,Threshold_4,1.0
13729,Person_21,Group_1,Item_6,Threshold_4,0.0
13730,Person_23,Group_2,Item_6,Threshold_4,1.0
13731,Person_29,Group_1,Item_6,Threshold_4,0.0
13732,Person_37,Group_1,Item_6,Threshold_4,1.0
13733,Person_42,Group_2,Item_6,Threshold_4,0.0
13734,Person_46,Group_2,Item_6,Threshold_4,0.0
13735,Person_57,Group_1,Item_6,Threshold_4,0.0
13736,Person_61,Group_1,Item_6,Threshold_4,0.0
13737,Person_69,Group_1,Item_6,Threshold_4,1.0
13738,Person_71,Group_1,Item_6,Threshold_4,1.0
13739,Person_73,Group_1,Item_6,Threshold_4,0.0
13740,Person_76,Group_2,Item_6,Threshold_4,1.0
13741,Person_77,Group_1,Item_6,Threshold_4,0.0
13742,Person_79,Group_1,Item_6,Threshold_4,1.0
13743,Person_82,Group_1,Item_6,Threshold_4,0.0
13744,Person_84,Group_1,Item_6,Threshold_4,1.0
13745,Person_85,Group_2,Item_6,Threshold_4,0.0
13746,Person_88,Group_1,Item_6,Threshold_4,1.0
13747,Person_92,Group_1,Item_6,Threshold_4,1.0
13748,Person_95,Group_2,Item_6,Threshold_4,0.0
13749,Person_100,Group_2,Item_6,Threshold_4,0.0
13750,Person_103,Group_1,Item_6,Threshold_4,1.0
13751,Person_106,Group_2,Item_6,Threshold_4,0.0
13752,Person_112,Group_1,Item_6,Threshold_4,1.0
13753,Person_115,Group_2,Item_6,Threshold_4,1.0
13754,Person_118,Group_2,Item_6,Threshold_4,1.0
13755,Person_123,Group_1,Item_6,Threshold_4,0.0
13756,Person_125,Group_1,Item_6,Threshold_4,1.0
13757,Person_129,Group_1,Item_6,Threshold_4,1.0
13758,Person_131,Group_1,Item_6,Threshold_4,1.0
13759,Person_142,Group_1,Item_6,Threshold_4,1.0
13760,Person_144,Group_2,Item_6,Threshold_4,1.0
13761,Person_145,Group_1,Item_6,Threshold_4,1.0
13762,Person_155,Group_1,Item_6,Threshold_4,1.0
13763,Person_160,Group_1,Item_6,Threshold_4,1.0
13764,Person_162,Group_2,Item_6,Threshold_4,1.0
13765,Person_165,Group_2,Item_6,Threshold_4,0.0
13766,Person_167,Group_1,Item_6,Threshold_4,1.0
13767,Person_172,Group_1,Item_6,Threshold_4,0.0
13768,Person_175,Group_1,Item_6,Threshold_4,1.0
13769,Person_182,Group_1,Item_6,Threshold_4,0.0
13770,Person_188,Group_2,Item_6,Threshold_4,0.0
13771,Person_195,Group_2,Item_6,Threshold_4,1.0
13772,Person_196,Group_2,Item_6,Threshold_4,1.0
13773,Person_200,Group_1,Item_6,Threshold_4,0.0
13774,Person_204,Group_1,Item_6,Threshold_4,1.0
13775,Person_210,Group_1,Item_6,Threshold_4,1.0
13776,Person_215,Group_1,Item_6,Threshold_4,1.0
13777,Person_216,Group_2,Item_6,Threshold_4,0.0
13778,Person_219,Group_2,Item_6,Threshold_4,0.0
13779,Person_221,Group_1,Item_6,Threshold_4,1.0
13780,Person_230,Group_2,Item_6,Threshold_4,0.0
13781,Person_231,Group_1,Item_6,Threshold_4,0.0
13782,Person_232,Group_2,Item_6,Threshold_4,1.0
13783,Person_235,Group_2,Item_6,Threshold_4,1.0
13784,Person_239,Group_1,Item_6,Threshold_4,1.0
13785,Person_240,Group_1,Item_6,Threshold_4,1.0
13786,Person_245,Group_2,Item_6,Threshold_4,0.0
13787,Person_252,Group_1,Item_6,Threshold_4,1.0
13788,Person_255,Group_2,Item_6,Threshold_4,0.0
13789,Person_257,Group_1,Item_6,Threshold_4,1.0
13790,Person_259,Group_2,Item_6,Threshold_4,1.0
13791,Person_269,Group_1,Item_6,Threshold_4,0.0
13792,Person_270,Group_1,Item_6,Threshold_4,1.0
13793,Person_274,Group_2,Item_6,Threshold_4,1.0
13794,Person_277,Group_1,Item_6,Threshold_4,0.0
13795,Person_282,Group_1,Item_6,Threshold_4,0.0
13796,Person_286,Group_2,Item_6,Threshold_4,1.0
13797,Person_287,Group_2,Item_6,Threshold_4,0.0
13798,Person_290,Group_2,Item_6,Threshold_4,1.0
13799,Person_292,Group_2,Item_6,Threshold_4,1.0
13800,Person_297,Group_2,Item_6,Threshold_4,1.0
13801,Person_298,Group_1,Item_6,Threshold_4,1.0
13802,Person_300,Group_2,Item_6,Threshold_4,1.0
13803,Person_302,Group_1,Item_6,Threshold_4,0.0
13804,Person_305,Group_2,Item_6,Threshold_4,1.0
13805,Person_308,Group_2,Item_6,Threshold_4,0.0
13806,Person_314,Group_1,Item_6,Threshold_4,1.0
13807,Person_315,Group_1,Item_6,Threshold_4,1.0
13808,Person_316,Group_2,Item_6,Threshold_4,1.0
13809,Person_317,Group_1,Item_6,Threshold_4,1.0
13810,Person_327,Group_2,Item_6,Threshold_4,1.0
13811,Person_330,Group_2,Item_6,Threshold_4,1.0
13812,Person_333,Group_1,Item_6,Threshold_4,1.0
13813,Person_341,Group_2,Item_6,Threshold_4,1.0
13814,Person_353,Group_2,Item_6,Threshold_4,0.0
13815,Person_355,Group_2,Item_6,Threshold_4,1.0
13816,Person_363,Group_1,Item_6,Threshold_4,1.0
13817,Person_366,Group_1,Item_6,Threshold_4,1.0
13818,Person_371,Group_1,Item_6,Threshold_4,0.0
13819,Person_382,Group_2,Item_6,Threshold_4,1.0
13820,Person_406,Group_2,Item_6,Threshold_4,1.0
13821,Person_408,Group_1,Item_6,Threshold_4,1.0
13822,Person_423,Group_1,Item_6,Threshold_4,0.0
13823,Person_428,Group_1,Item_6,Threshold_4,0.0
13824,Person_429,Group_1,Item_6,Threshold_4,0.0
13825,Person_433,Group_1,Item_6,Threshold_4,0.0
13826,Person_434,Group_2,Item_6,Threshold_4,0.0
13827,Person_435,Group_1,Item_6,Threshold_4,1.0
13828,Person_439,Group_2,Item_6,Threshold_4,0.0
13829,Person_441,Group_1,Item_6,Threshold_4,0.0
13830,Person_445,Group_2,Item_6,Threshold_4,1.0
13831,Person_448,Group_2,Item_6,Threshold_4,1.0
13832,Person_455,Group_2,Item_6,Threshold_4,1.0
13833,Person_459,Group_2,Item_6,Threshold_4,0.0
13834,Person_462,Group_2,Item_6,Threshold_4,1.0
13835,Person_463,Group_2,Item_6,Threshold_4,0.0
13836,Person_464,Group_2,Item_6,Threshold_4,1.0
13837,Person_465,Group_1,Item_6,Threshold_4,0.0
13838,Person_471,Group_1,Item_6,Threshold_4,0.0
13839,Person_478,Group_1,Item_6,Threshold_4,0.0
13840,Person_479,Group_1,Item_6,Threshold_4,0.0
13841,Person_489,Group_1,Item_6,Threshold_4,1.0
13842,Person_491,Group_1,Item_6,Threshold_4,0.0
13843,Person_493,Group_1,Item_6,Threshold_4,1.0
13844,Person_496,Group_1,Item_6,Threshold_4,0.0
13845,Person_497,Group_1,Item_6,Threshold_4,0.0
13846,Person_504,Group_2,Item_6,Threshold_4,0.0
13847,Person_506,Group_2,Item_6,Threshold_4,1.0
13848,Person_521,Group_2,Item_6,Threshold_4,0.0
13849,Person_523,Group_1,Item_6,Threshold_4,0.0
13850,Person_527,Group_2,Item_6,Threshold_4,1.0
13851,Person_530,Group_2,Item_6,Threshold_4,1.0
13852,Person_531,Group_1,Item_6,Threshold_4,1.0
13853,Person_534,Group_1,Item_6,Threshold_4,0.0
13854,Person_537,Group_1,Item_6,Threshold_4,0.0
13855,Person_539,Group_1,Item_6,Threshold_4,0.0
13856,Person_541,Group_2,Item_6,Threshold_4,0.0
13857,Person_542,Group_1,Item_6,Threshold_4,1.0
13858,Person_545,Group_2,Item_6,Threshold_4,1.0
13859,Person_546,Group_1,Item_6,Threshold_4,1.0
13860,Person_547,Group_2,Item_6,Threshold_4,0.0
13861,Person_549,Group_2,Item_6,Threshold_4,1.0
13862,Person_555,Group_1,Item_6,Threshold_4,1.0
13863,Person_556,Group_1,Item_6,Threshold_4,1.0
13864,Person_557,Group_2,Item_6,Threshold_4,1.0
13865,Person_558,Group_2,Item_6,Threshold_4,1.0
13866,Person_565,Group_2,Item_6,Threshold_4,1.0
13867,Person_570,Group_2,Item_6,Threshold_4,1.0
13868,Person_574,Group_1,Item_6,Threshold_4,1.0
13869,Person_575,Group_1,Item_6,Threshold_4,1.0
13870,Person_576,Group_1,Item_6,Threshold_4,0.0
13871,Person_577,Group_1,Item_6,Threshold_4,1.0
13872,Person_578,Group_2,Item_6,Threshold_4,1.0
13873,Person_599,Group_2,Item_6,Threshold_4,1.0
13874,Person_607,Group_1,Item_6,Threshold_4,0.0
13875,Person_614,Group_2,Item_6,Threshold_4,1.0
13876,Person_615,Group_2,Item_6,Threshold_4,1.0
13877,Person_623,Group_2,Item_6,Threshold_4,1.0
13878,Person_635,Group_2,Item_6,Threshold_4,0.0
13879,Person_637,Group_2,Item_6,Threshold_4,0.0
13880,Person_644,Group_1,Item_6,Threshold_4,0.0
13881,Person_648,Group_2,Item_6,Threshold_4,1.0
13882,Person_652,Group_1,Item_6,Threshold_4,1.0
13883,Person_669,Group_1,Item_6,Threshold_4,0.0
13884,Person_674,Group_1,Item_6,Threshold_4,1.0
13885,Person_684,Group_2,Item_6,Threshold_4,1.0
13886,Person_686,Group_1,Item_6,Threshold_4,0.0
13887,Person_690,Group_2,Item_6,Threshold_4,0.0
13888,Person_693,Group_1,Item_6,Threshold_4,1.0
13889,Person_708,Group_1,Item_6,Threshold_4,1.0
13890,Person_719,Group_2,Item_6,Threshold_4,1.0
13891,Person_722,Group_2,Item_6,Threshold_4,1.0
13892,Person_734,Group_1,Item_6,Threshold_4,1.0
13893,Person_738,Group_1,Item_6,Threshold_4,1.0
13894,Person_744,Group_1,Item_6,Threshold_4,1.0
13895,Person_745,Group_2,Item_6,Threshold_4,1.0
13896,Person_746,Group_2,Item_6,Threshold_4,1.0
13897,Person_757,Group_1,Item_6,Threshold_4,1.0
13898,Person_758,Group_2,Item_6,Threshold_4,0.0
13899,Person_770,Group_2,Item_6,Threshold_4,0.0
13900,Person_772,Group_1,Item_6,Threshold_4,0.0
13901,Person_775,Group_2,Item_6,Threshold_4,0.0
13902,Person_776,Group_1,Item_6,Threshold_4,1.0
13903,Person_778,Group_2,Item_6,Threshold_4,1.0
13904,Person_784,Group_1,Item_6,Threshold_4,1.0
13905,Person_786,Group_1,Item_6,Threshold_4,1.0
13906,Person_792,Group_1,Item_6,Threshold_4,0.0
13907,Person_795,Group_2,Item_6,Threshold_4,1.0
13908,Person_799,Group_1,Item_6,Threshold_4,0.0
13909,Person_800,Group_2,Item_6,Threshold_4,0.0
13910,Person_803,Group_1,Item_6,Threshold_4,0.0
13911,Person_806,Group_2,Item_6,Threshold_4,0.0
13912,Person_814,Group_2,Item_6,Threshold_4,1.0
13913,Person_815,Group_1,Item_6,Threshold_4,1.0
13914,Person_821,Group_2,Item_6,Threshold_4,1.0
13915,Person_822,Group_2,Item_6,Threshold_4,0.0
13916,Person_828,Group_1,Item_6,Threshold_4,1.0
13917,Person_830,Group_1,Item_6,Threshold_4,0.0
13918,Person_838,Group_2,Item_6,Threshold_4,1.0
13919,Person_839,Group_2,Item_6,Threshold_4,1.0
13920,Person_840,Group_2,Item_6,Threshold_4,1.0
13921,Person_841,Group_1,Item_6,Threshold_4,1.0
13922,Person_851,Group_2,Item_6,Threshold_4,0.0
13923,Person_854,Group_1,Item_6,Threshold_4,1.0
13924,Person_855,Group_2,Item_6,Threshold_4,0.0
13925,Person_860,Group_2,Item_6,Threshold_4,0.0
13926,Person_863,Group_1,Item_6,Threshold_4,1.0
13927,Person_870,Group_1,Item_6,Threshold_4,0.0
13928,Person_874,Group_2,Item_6,Threshold_4,1.0
13929,Person_877,Group_2,Item_6,Threshold_4,0.0
13930,Person_894,Group_1,Item_6,Threshold_4,1.0
13931,Person_895,Group_2,Item_6,Threshold_4,0.0
13932,Person_904,Group_1,Item_6,Threshold_4,1.0
13933,Person_906,Group_1,Item_6,Threshold_4,1.0
13934,Person_908,Group_2,Item_6,Threshold_4,0.0
13935,Person_910,Group_2,Item_6,Threshold_4,0.0
13936,Person_911,Group_1,Item_6,Threshold_4,1.0
13937,Person_927,Group_2,Item_6,Threshold_4,1.0
13938,Person_930,Group_1,Item_6,Threshold_4,0.0
13939,Person_931,Group_1,Item_6,Threshold_4,1.0
13940,Person_936,Group_1,Item_6,Threshold_4,1.0
13941,Person_938,Group_1,Item_6,Threshold_4,0.0
13942,Person_941,Group_1,Item_6,Threshold_4,1.0
13943,Person_943,Group_1,Item_6,Threshold_4,0.0
13944,Person_944,Group_2,Item_6,Threshold_4,1.0
13945,Person_958,Group_2,Item_6,Threshold_4,1.0
13946,Person_963,Group_2,Item_6,Threshold_4,1.0
13947,Person_966,Group_2,Item_6,Threshold_4,1.0
13948,Person_976,Group_1,Item_6,Threshold_4,0.0
13949,Person_977,Group_2,Item_6,Threshold_4,1.0
13950,Person_979,Group_1,Item_6,Threshold_4,1.0
13951,Person_985,Group_2,Item_6,Threshold_4,1.0
13952,Person_987,Group_2,Item_6,Threshold_4,0.0
13953,Person_988,Group_2,Item_6,Threshold_4,0.0
13954,Person_989,Group_1,Item_6,Threshold_4,1.0
13955,Person_991,Group_2,Item_6,Threshold_4,0.0
13956,Person_1000,Group_1,Item_6,Threshold_4,0.0
13957,Person_1003,Group_2,Item_6,Threshold_4,1.0
13958,Person_1007,Group_2,Item_6,Threshold_4,0.0
13959,Person_1008,Group_2,Item_6,Threshold_4,0.0
13960,Person_1014,Group_2,Item_6,Threshold_4,0.0
13961,Person_1023,Group_1,Item_6,Threshold_4,0.0
13962,Person_1026,Group_2,Item_6,Threshold_4,0.0
13963,Person_1028,Group_2,Item_6,Threshold_4,0.0
13964,Person_1031,Group_1,Item_6,Threshold_4,1.0
13965,Person_1035,Group_2,Item_6,Threshold_4,0.0
13966,Person_1041,Group_2,Item_6,Threshold_4,1.0
13967,Person_1048,Group_1,Item_6,Threshold_4,0.0
13968,Person_1051,Group_1,Item_6,Threshold_4,1.0
13969,Person_1056,Group_2,Item_6,Threshold_4,0.0
13970,Person_1058,Group_2,Item_6,Threshold_4,1.0
13971,Person_1060,Group_1,Item_6,Threshold_4,1.0
13972,Person_1061,Group_1,Item_6,Threshold_4,0.0
13973,Person_1065,Group_1,Item_6,Threshold_4,1.0
13974,Person_1068,Group_1,Item_6,Threshold_4,0.0
13975,Person_1070,Group_1,Item_6,Threshold_4,1.0
13976,Person_1079,Group_1,Item_6,Threshold_4,0.0
13977,Person_1086,Group_2,Item_6,Threshold_4,1.0
13978,Person_1093,Group_2,Item_6,Threshold_4,0.0
13979,Person_1094,Group_2,Item_6,Threshold_4,1.0
13980,Person_1103,Group_1,Item_6,Threshold_4,1.0
13981,Person_1106,Group_2,Item_6,Threshold_4,0.0
13982,Person_1110,Group_1,Item_6,Threshold_4,1.0
13983,Person_1111,Group_1,Item_6,Threshold_4,0.0
13984,Person_1122,Group_1,Item_6,Threshold_4,0.0
13985,Person_1124,Group_2,Item_6,Threshold_4,1.0
13986,Person_1127,Group_2,Item_6,Threshold_4,1.0
13987,Person_1128,Group_2,Item_6,Threshold_4,1.0
13988,Person_1130,Group_1,Item_6,Threshold_4,0.0
13989,Person_1131,Group_1,Item_6,Threshold_4,1.0
13990,Person_1133,Group_2,Item_6,Threshold_4,1.0
13991,Person_1134,Group_2,Item_6,Threshold_4,1.0
13992,Person_1138,Group_2,Item_6,Threshold_4,0.0
13993,Person_1140,Group_1,Item_6,Threshold_4,1.0
13994,Person_1152,Group_2,Item_6,Threshold_4,1.0
13995,Person_1156,Group_1,Item_6,Threshold_4,1.0
13996,Person_1157,Group_2,Item_6,Threshold_4,0.0
13997,Person_1159,Group_2,Item_6,Threshold_4,1.0
13998,Person_1161,Group_2,Item_6,Threshold_4,0.0
13999,Person_1162,Group_2,Item_6,Threshold_4,1.0
14000,Person_1164,Group_1,Item_6,Threshold_4,1.0
14001,Person_1166,Group_2,Item_6,Threshold_4,0.0
14002,Person_1167,Group_1,Item_6,Threshold_4,0.0
14003,Person_1175,Group_1,Item_6,Threshold_4,0.0
14004,Person_1184,Group_2,Item_6,Threshold_4,0.0
14005,Person_1191,Group_2,Item_6,Threshold_4,0.0
14006,Person_1202,Group_1,Item_6,Threshold_4,1.0
14007,Person_1206,Group_2,Item_6,Threshold_4,0.0
14008,Person_1208,Group_2,Item_6,Threshold_4,1.0
14009,Person_1209,Group_2,Item_6,Threshold_4,1.0
14010,Person_1210,Group_1,Item_6,Threshold_4,0.0
14011,Person_1213,Group_1,Item_6,Threshold_4,1.0
14012,Person_1218,Group_2,Item_6,Threshold_4,1.0
14013,Person_1225,Group_2,Item_6,Threshold_4,0.0
14014,Person_1226,Group_1,Item_6,Threshold_4,0.0
14015,Person_1227,Group_1,Item_6,Threshold_4,1.0
14016,Person_1229,Group_2,Item_6,Threshold_4,0.0
14017,Person_1230,Group_2,Item_6,Threshold_4,0.0
14018,Person_1234,Group_1,Item_6,Threshold_4,1.0
14019,Person_1236,Group_2,Item_6,Threshold_4,0.0
14020,Person_1237,Group_1,Item_6,Threshold_4,1.0
14021,Person_1255,Group_1,Item_6,Threshold_4,1.0
14022,Person_1261,Group_2,Item_6,Threshold_4,0.0
14023,Person_1266,Group_2,Item_6,Threshold_4,0.0
14024,Person_1273,Group_1,Item_6,Threshold_4,0.0
14025,Person_1277,Group_2,Item_6,Threshold_4,1.0
14026,Person_1307,Group_2,Item_6,Threshold_4,1.0
14027,Person_1309,Group_1,Item_6,Threshold_4,0.0
14028,Person_1310,Group_1,Item_6,Threshold_4,1.0
14029,Person_1314,Group_1,Item_6,Threshold_4,1.0
14030,Person_1317,Group_1,Item_6,Threshold_4,0.0
14031,Person_1321,Group_1,Item_6,Threshold_4,0.0
14032,Person_1324,Group_1,Item_6,Threshold_4,1.0
14033,Person_1333,Group_1,Item_6,Threshold_4,1.0
14034,Person_1334,Group_2,Item_6,Threshold_4,1.0
14035,Person_1352,Group_2,Item_6,Threshold_4,0.0
14036,Person_1360,Group_2,Item_6,Threshold_4,0.0
14037,Person_1363,Group_2,Item_6,Threshold_4,1.0
14038,Person_1365,Group_2,Item_6,Threshold_4,0.0
14039,Person_1375,Group_2,Item_6,Threshold_4,1.0
14040,Person_1379,Group_1,Item_6,Threshold_4,1.0
14041,Person_1386,Group_1,Item_6,Threshold_4,1.0
14042,Person_1391,Group_2,Item_6,Threshold_4,0.0
14043,Person_1405,Group_1,Item_6,Threshold_4,1.0
14044,Person_1409,Group_2,Item_6,Threshold_4,1.0
14045,Person_1413,Group_2,Item_6,Threshold_4,1.0
14046,Person_1417,Group_1,Item_6,Threshold_4,1.0
14047,Person_1421,Group_1,Item_6,Threshold_4,0.0
14048,Person_1431,Group_1,Item_6,Threshold_4,1.0
14049,Person_1442,Group_1,Item_6,Threshold_4,0.0
14050,Person_1445,Group_2,Item_6,Threshold_4,0.0
14051,Person_1450,Group_1,Item_6,Threshold_4,0.0
14052,Person_1462,Group_2,Item_6,Threshold_4,0.0
14053,Person_1463,Group_1,Item_6,Threshold_4,1.0
14054,Person_1466,Group_1,Item_6,Threshold_4,1.0
14055,Person_1472,Group_2,Item_6,Threshold_4,1.0
14056,Person_1478,Group_1,Item_6,Threshold_4,1.0
14057,Person_1480,Group_1,Item_6,Threshold_4,0.0
14058,Person_1482,Group_1,Item_6,Threshold_4,1.0
14059,Person_1483,Group_2,Item_6,Threshold_4,1.0
14060,Person_1490,Group_1,Item_6,Threshold_4,1.0
14061,Person_1499,Group_2,Item_6,Threshold_4,1.0
14062,Person_1504,Group_2,Item_6,Threshold_4,0.0
14063,Person_1519,Group_1,Item_6,Threshold_4,1.0
14064,Person_1522,Group_2,Item_6,Threshold_4,1.0
14065,Person_1523,Group_1,Item_6,Threshold_4,0.0
14066,Person_1526,Group_2,Item_6,Threshold_4,1.0
14067,Person_1533,Group_2,Item_6,Threshold_4,1.0
14068,Person_1536,Group_1,Item_6,Threshold_4,1.0
14069,Person_1540,Group_1,Item_6,Threshold_4,1.0
14070,Person_1543,Group_2,Item_6,Threshold_4,0.0
14071,Person_1545,Group_1,Item_6,Threshold_4,1.0
14072,Person_1551,Group_2,Item_6,Threshold_4,1.0
14073,Person_1552,Group_1,Item_6,Threshold_4,1.0
14074,Person_1553,Group_2,Item_6,Threshold_4,1.0
14075,Person_1555,Group_1,Item_6,Threshold_4,1.0
14076,Person_1565,Group_2,Item_6,Threshold_4,1.0
14077,Person_1567,Group_1,Item_6,Threshold_4,1.0
14078,Person_1568,Group_2,Item_6,Threshold_4,0.0
14079,Person_1573,Group_1,Item_6,Threshold_4,1.0
14080,Person_1577,Group_2,Item_6,Threshold_4,1.0
14081,Person_1579,Group_2,Item_6,Threshold_4,1.0
14082,Person_1580,Group_2,Item_6,Threshold_4,1.0
14083,Person_1590,Group_2,Item_6,Threshold_4,1.0
14084,Person_1591,Group_2,Item_6,Threshold_4,0.0
14085,Person_1595,Group_2,Item_6,Threshold_4,1.0
14086,Person_1597,Group_2,Item_6,Threshold_4,0.0
14087,Person_1604,Group_1,Item_6,Threshold_4,1.0
14088,Person_1606,Group_2,Item_6,Threshold_4,1.0
14089,Person_1611,Group_2,Item_6,Threshold_4,1.0
14090,Person_1614,Group_1,Item_6,Threshold_4,1.0
14091,Person_1623,Group_2,Item_6,Threshold_4,0.0
14092,Person_1624,Group_1,Item_6,Threshold_4,1.0
14093,Person_1628,Group_1,Item_6,Threshold_4,1.0
14094,Person_1630,Group_1,Item_6,Threshold_4,0.0
14095,Person_1634,Group_1,Item_6,Threshold_4,1.0
14096,Person_1636,Group_1,Item_6,Threshold_4,0.0
14097,Person_1638,Group_1,Item_6,Threshold_4,1.0
14098,Person_2,Group_2,Item_6,Threshold_5,0.0
14099,Person_5,Group_1,Item_6,Threshold_5,1.0
14100,Person_6,Group_2,Item_6,Threshold_5,1.0
14101,Person_10,Group_1,Item_6,Threshold_5,0.0
14102,Person_11,Group_1,Item_6,Threshold_5,1.0
14103,Person_12,Group_2,Item_6,Threshold_5,1.0
14104,Person_20,Group_2,Item_6,Threshold_5,1.0
14105,Person_22,Group_1,Item_6,Threshold_5,1.0
14106,Person_23,Group_2,Item_6,Threshold_5,0.0
14107,Person_24,Group_2,Item_6,Threshold_5,1.0
14108,Person_32,Group_1,Item_6,Threshold_5,1.0
14109,Person_37,Group_1,Item_6,Threshold_5,0.0
14110,Person_43,Group_1,Item_6,Threshold_5,1.0
14111,Person_45,Group_1,Item_6,Threshold_5,1.0
14112,Person_47,Group_2,Item_6,Threshold_5,1.0
14113,Person_51,Group_2,Item_6,Threshold_5,1.0
14114,Person_53,Group_1,Item_6,Threshold_5,1.0
14115,Person_60,Group_2,Item_6,Threshold_5,1.0
14116,Person_63,Group_1,Item_6,Threshold_5,1.0
14117,Person_69,Group_1,Item_6,Threshold_5,0.0
14118,Person_71,Group_2,Item_6,Threshold_5,0.0
14119,Person_76,Group_2,Item_6,Threshold_5,0.0
14120,Person_79,Group_2,Item_6,Threshold_5,0.0
14121,Person_80,Group_1,Item_6,Threshold_5,1.0
14122,Person_83,Group_2,Item_6,Threshold_5,1.0
14123,Person_84,Group_2,Item_6,Threshold_5,0.0
14124,Person_86,Group_1,Item_6,Threshold_5,1.0
14125,Person_88,Group_1,Item_6,Threshold_5,0.0
14126,Person_89,Group_1,Item_6,Threshold_5,1.0
14127,Person_90,Group_2,Item_6,Threshold_5,1.0
14128,Person_92,Group_2,Item_6,Threshold_5,0.0
14129,Person_99,Group_1,Item_6,Threshold_5,1.0
14130,Person_102,Group_1,Item_6,Threshold_5,1.0
14131,Person_103,Group_2,Item_6,Threshold_5,0.0
14132,Person_109,Group_1,Item_6,Threshold_5,1.0
14133,Person_112,Group_2,Item_6,Threshold_5,0.0
14134,Person_115,Group_2,Item_6,Threshold_5,0.0
14135,Person_118,Group_1,Item_6,Threshold_5,0.0
14136,Person_119,Group_2,Item_6,Threshold_5,1.0
14137,Person_125,Group_2,Item_6,Threshold_5,0.0
14138,Person_129,Group_1,Item_6,Threshold_5,0.0
14139,Person_131,Group_1,Item_6,Threshold_5,0.0
14140,Person_132,Group_1,Item_6,Threshold_5,1.0
14141,Person_133,Group_2,Item_6,Threshold_5,1.0
14142,Person_134,Group_1,Item_6,Threshold_5,1.0
14143,Person_135,Group_1,Item_6,Threshold_5,1.0
14144,Person_136,Group_1,Item_6,Threshold_5,1.0
14145,Person_139,Group_2,Item_6,Threshold_5,1.0
14146,Person_141,Group_2,Item_6,Threshold_5,1.0
14147,Person_142,Group_1,Item_6,Threshold_5,0.0
14148,Person_144,Group_1,Item_6,Threshold_5,0.0
14149,Person_145,Group_1,Item_6,Threshold_5,0.0
14150,Person_147,Group_1,Item_6,Threshold_5,1.0
14151,Person_148,Group_2,Item_6,Threshold_5,1.0
14152,Person_149,Group_1,Item_6,Threshold_5,1.0
14153,Person_150,Group_1,Item_6,Threshold_5,1.0
14154,Person_151,Group_1,Item_6,Threshold_5,1.0
14155,Person_152,Group_1,Item_6,Threshold_5,1.0
14156,Person_155,Group_2,Item_6,Threshold_5,0.0
14157,Person_160,Group_2,Item_6,Threshold_5,0.0
14158,Person_162,Group_2,Item_6,Threshold_5,0.0
14159,Person_167,Group_2,Item_6,Threshold_5,0.0
14160,Person_168,Group_2,Item_6,Threshold_5,1.0
14161,Person_173,Group_1,Item_6,Threshold_5,1.0
14162,Person_175,Group_2,Item_6,Threshold_5,0.0
14163,Person_176,Group_1,Item_6,Threshold_5,1.0
14164,Person_186,Group_2,Item_6,Threshold_5,1.0
14165,Person_195,Group_2,Item_6,Threshold_5,0.0
14166,Person_196,Group_1,Item_6,Threshold_5,0.0
14167,Person_201,Group_1,Item_6,Threshold_5,1.0
14168,Person_204,Group_1,Item_6,Threshold_5,0.0
14169,Person_206,Group_2,Item_6,Threshold_5,1.0
14170,Person_208,Group_1,Item_6,Threshold_5,1.0
14171,Person_209,Group_2,Item_6,Threshold_5,1.0
14172,Person_210,Group_1,Item_6,Threshold_5,0.0
14173,Person_211,Group_1,Item_6,Threshold_5,1.0
14174,Person_215,Group_1,Item_6,Threshold_5,0.0
14175,Person_221,Group_1,Item_6,Threshold_5,0.0
14176,Person_224,Group_2,Item_6,Threshold_5,1.0
14177,Person_227,Group_2,Item_6,Threshold_5,1.0
14178,Person_232,Group_2,Item_6,Threshold_5,0.0
14179,Person_233,Group_1,Item_6,Threshold_5,1.0
14180,Person_234,Group_2,Item_6,Threshold_5,1.0
14181,Person_235,Group_2,Item_6,Threshold_5,0.0
14182,Person_238,Group_1,Item_6,Threshold_5,1.0
14183,Person_239,Group_2,Item_6,Threshold_5,0.0
14184,Person_240,Group_1,Item_6,Threshold_5,0.0
14185,Person_244,Group_2,Item_6,Threshold_5,1.0
14186,Person_247,Group_1,Item_6,Threshold_5,1.0
14187,Person_248,Group_2,Item_6,Threshold_5,1.0
14188,Person_249,Group_1,Item_6,Threshold_5,1.0
14189,Person_252,Group_2,Item_6,Threshold_5,0.0
14190,Person_253,Group_1,Item_6,Threshold_5,1.0
14191,Person_254,Group_2,Item_6,Threshold_5,1.0
14192,Person_257,Group_1,Item_6,Threshold_5,0.0
14193,Person_259,Group_2,Item_6,Threshold_5,0.0
14194,Person_260,Group_1,Item_6,Threshold_5,1.0
14195,Person_264,Group_2,Item_6,Threshold_5,1.0
14196,Person_266,Group_1,Item_6,Threshold_5,1.0
14197,Person_267,Group_2,Item_6,Threshold_5,1.0
14198,Person_270,Group_1,Item_6,Threshold_5,0.0
14199,Person_274,Group_1,Item_6,Threshold_5,0.0
14200,Person_276,Group_1,Item_6,Threshold_5,1.0
14201,Person_278,Group_1,Item_6,Threshold_5,1.0
14202,Person_279,Group_2,Item_6,Threshold_5,1.0
14203,Person_284,Group_2,Item_6,Threshold_5,1.0
14204,Person_286,Group_1,Item_6,Threshold_5,0.0
14205,Person_289,Group_1,Item_6,Threshold_5,1.0
14206,Person_290,Group_2,Item_6,Threshold_5,0.0
14207,Person_291,Group_2,Item_6,Threshold_5,1.0
14208,Person_292,Group_2,Item_6,Threshold_5,0.0
14209,Person_296,Group_2,Item_6,Threshold_5,1.0
14210,Person_297,Group_2,Item_6,Threshold_5,0.0
14211,Person_298,Group_1,Item_6,Threshold_5,0.0
14212,Person_299,Group_1,Item_6,Threshold_5,1.0
14213,Person_300,Group_1,Item_6,Threshold_5,0.0
14214,Person_301,Group_2,Item_6,Threshold_5,1.0
14215,Person_303,Group_1,Item_6,Threshold_5,1.0
14216,Person_305,Group_2,Item_6,Threshold_5,0.0
14217,Person_306,Group_1,Item_6,Threshold_5,1.0
14218,Person_310,Group_1,Item_6,Threshold_5,1.0
14219,Person_311,Group_1,Item_6,Threshold_5,1.0
14220,Person_314,Group_2,Item_6,Threshold_5,0.0
14221,Person_315,Group_1,Item_6,Threshold_5,0.0
14222,Person_316,Group_2,Item_6,Threshold_5,0.0
14223,Person_317,Group_2,Item_6,Threshold_5,0.0
14224,Person_324,Group_2,Item_6,Threshold_5,1.0
14225,Person_327,Group_2,Item_6,Threshold_5,0.0
14226,Person_330,Group_2,Item_6,Threshold_5,0.0
14227,Person_333,Group_2,Item_6,Threshold_5,0.0
14228,Person_335,Group_2,Item_6,Threshold_5,1.0
14229,Person_336,Group_2,Item_6,Threshold_5,1.0
14230,Person_339,Group_1,Item_6,Threshold_5,1.0
14231,Person_341,Group_2,Item_6,Threshold_5,0.0
14232,Person_343,Group_1,Item_6,Threshold_5,1.0
14233,Person_345,Group_1,Item_6,Threshold_5,1.0
14234,Person_346,Group_2,Item_6,Threshold_5,1.0
14235,Person_347,Group_1,Item_6,Threshold_5,1.0
14236,Person_354,Group_1,Item_6,Threshold_5,1.0
14237,Person_355,Group_2,Item_6,Threshold_5,0.0
14238,Person_359,Group_1,Item_6,Threshold_5,1.0
14239,Person_363,Group_2,Item_6,Threshold_5,0.0
14240,Person_364,Group_2,Item_6,Threshold_5,1.0
14241,Person_366,Group_2,Item_6,Threshold_5,0.0
14242,Person_368,Group_2,Item_6,Threshold_5,1.0
14243,Person_373,Group_2,Item_6,Threshold_5,1.0
14244,Person_380,Group_2,Item_6,Threshold_5,1.0
14245,Person_381,Group_2,Item_6,Threshold_5,1.0
14246,Person_382,Group_2,Item_6,Threshold_5,0.0
14247,Person_385,Group_2,Item_6,Threshold_5,1.0
14248,Person_387,Group_2,Item_6,Threshold_5,1.0
14249,Person_397,Group_1,Item_6,Threshold_5,1.0
14250,Person_403,Group_2,Item_6,Threshold_5,1.0
14251,Person_406,Group_2,Item_6,Threshold_5,0.0
14252,Person_407,Group_2,Item_6,Threshold_5,1.0
14253,Person_408,Group_2,Item_6,Threshold_5,0.0
14254,Person_410,Group_2,Item_6,Threshold_5,1.0
14255,Person_411,Group_2,Item_6,Threshold_5,1.0
14256,Person_413,Group_2,Item_6,Threshold_5,1.0
14257,Person_416,Group_1,Item_6,Threshold_5,1.0
14258,Person_417,Group_2,Item_6,Threshold_5,1.0
14259,Person_418,Group_1,Item_6,Threshold_5,1.0
14260,Person_422,Group_2,Item_6,Threshold_5,1.0
14261,Person_427,Group_2,Item_6,Threshold_5,1.0
14262,Person_435,Group_2,Item_6,Threshold_5,0.0
14263,Person_440,Group_2,Item_6,Threshold_5,1.0
14264,Person_442,Group_2,Item_6,Threshold_5,1.0
14265,Person_443,Group_2,Item_6,Threshold_5,1.0
14266,Person_445,Group_2,Item_6,Threshold_5,0.0
14267,Person_448,Group_2,Item_6,Threshold_5,0.0
14268,Person_451,Group_1,Item_6,Threshold_5,1.0
14269,Person_454,Group_1,Item_6,Threshold_5,1.0
14270,Person_455,Group_1,Item_6,Threshold_5,0.0
14271,Person_456,Group_1,Item_6,Threshold_5,1.0
14272,Person_461,Group_2,Item_6,Threshold_5,1.0
14273,Person_462,Group_1,Item_6,Threshold_5,0.0
14274,Person_464,Group_2,Item_6,Threshold_5,0.0
14275,Person_476,Group_1,Item_6,Threshold_5,1.0
14276,Person_477,Group_1,Item_6,Threshold_5,1.0
14277,Person_482,Group_1,Item_6,Threshold_5,1.0
14278,Person_483,Group_1,Item_6,Threshold_5,1.0
14279,Person_484,Group_2,Item_6,Threshold_5,1.0
14280,Person_486,Group_1,Item_6,Threshold_5,1.0
14281,Person_489,Group_1,Item_6,Threshold_5,0.0
14282,Person_490,Group_2,Item_6,Threshold_5,1.0
14283,Person_493,Group_2,Item_6,Threshold_5,0.0
14284,Person_495,Group_2,Item_6,Threshold_5,1.0
14285,Person_498,Group_1,Item_6,Threshold_5,1.0
14286,Person_502,Group_2,Item_6,Threshold_5,1.0
14287,Person_503,Group_2,Item_6,Threshold_5,1.0
14288,Person_505,Group_2,Item_6,Threshold_5,1.0
14289,Person_506,Group_1,Item_6,Threshold_5,0.0
14290,Person_510,Group_2,Item_6,Threshold_5,1.0
14291,Person_512,Group_2,Item_6,Threshold_5,1.0
14292,Person_519,Group_1,Item_6,Threshold_5,1.0
14293,Person_520,Group_1,Item_6,Threshold_5,1.0
14294,Person_524,Group_2,Item_6,Threshold_5,1.0
14295,Person_526,Group_1,Item_6,Threshold_5,1.0
14296,Person_527,Group_2,Item_6,Threshold_5,0.0
14297,Person_530,Group_1,Item_6,Threshold_5,0.0
14298,Person_531,Group_1,Item_6,Threshold_5,0.0
14299,Person_542,Group_1,Item_6,Threshold_5,0.0
14300,Person_544,Group_2,Item_6,Threshold_5,1.0
14301,Person_545,Group_2,Item_6,Threshold_5,0.0
14302,Person_546,Group_2,Item_6,Threshold_5,0.0
14303,Person_549,Group_1,Item_6,Threshold_5,0.0
14304,Person_555,Group_1,Item_6,Threshold_5,0.0
14305,Person_556,Group_2,Item_6,Threshold_5,0.0
14306,Person_557,Group_1,Item_6,Threshold_5,0.0
14307,Person_558,Group_1,Item_6,Threshold_5,0.0
14308,Person_561,Group_2,Item_6,Threshold_5,1.0
14309,Person_565,Group_1,Item_6,Threshold_5,0.0
14310,Person_570,Group_2,Item_6,Threshold_5,0.0
14311,Person_574,Group_1,Item_6,Threshold_5,0.0
14312,Person_575,Group_2,Item_6,Threshold_5,0.0
14313,Person_577,Group_1,Item_6,Threshold_5,0.0
14314,Person_578,Group_1,Item_6,Threshold_5,0.0
14315,Person_580,Group_1,Item_6,Threshold_5,1.0
14316,Person_585,Group_1,Item_6,Threshold_5,1.0
14317,Person_589,Group_2,Item_6,Threshold_5,1.0
14318,Person_591,Group_2,Item_6,Threshold_5,1.0
14319,Person_592,Group_2,Item_6,Threshold_5,1.0
14320,Person_599,Group_2,Item_6,Threshold_5,0.0
14321,Person_600,Group_2,Item_6,Threshold_5,1.0
14322,Person_602,Group_2,Item_6,Threshold_5,1.0
14323,Person_613,Group_2,Item_6,Threshold_5,1.0
14324,Person_614,Group_1,Item_6,Threshold_5,0.0
14325,Person_615,Group_1,Item_6,Threshold_5,0.0
14326,Person_616,Group_2,Item_6,Threshold_5,1.0
14327,Person_617,Group_2,Item_6,Threshold_5,1.0
14328,Person_619,Group_1,Item_6,Threshold_5,1.0
14329,Person_621,Group_2,Item_6,Threshold_5,1.0
14330,Person_623,Group_1,Item_6,Threshold_5,0.0
14331,Person_625,Group_1,Item_6,Threshold_5,1.0
14332,Person_628,Group_1,Item_6,Threshold_5,1.0
14333,Person_629,Group_2,Item_6,Threshold_5,1.0
14334,Person_632,Group_1,Item_6,Threshold_5,1.0
14335,Person_633,Group_1,Item_6,Threshold_5,1.0
14336,Person_636,Group_2,Item_6,Threshold_5,1.0
14337,Person_641,Group_1,Item_6,Threshold_5,1.0
14338,Person_643,Group_2,Item_6,Threshold_5,1.0
14339,Person_646,Group_2,Item_6,Threshold_5,1.0
14340,Person_648,Group_1,Item_6,Threshold_5,0.0
14341,Person_649,Group_1,Item_6,Threshold_5,1.0
14342,Person_650,Group_2,Item_6,Threshold_5,1.0
14343,Person_651,Group_1,Item_6,Threshold_5,1.0
14344,Person_652,Group_1,Item_6,Threshold_5,0.0
14345,Person_659,Group_1,Item_6,Threshold_5,1.0
14346,Person_664,Group_1,Item_6,Threshold_5,1.0
14347,Person_671,Group_2,Item_6,Threshold_5,1.0
14348,Person_674,Group_1,Item_6,Threshold_5,0.0
14349,Person_676,Group_1,Item_6,Threshold_5,1.0
14350,Person_684,Group_2,Item_6,Threshold_5,0.0
14351,Person_687,Group_1,Item_6,Threshold_5,1.0
14352,Person_689,Group_1,Item_6,Threshold_5,1.0
14353,Person_691,Group_1,Item_6,Threshold_5,1.0
14354,Person_692,Group_2,Item_6,Threshold_5,1.0
14355,Person_693,Group_1,Item_6,Threshold_5,0.0
14356,Person_694,Group_1,Item_6,Threshold_5,1.0
14357,Person_698,Group_1,Item_6,Threshold_5,1.0
14358,Person_704,Group_2,Item_6,Threshold_5,1.0
14359,Person_705,Group_1,Item_6,Threshold_5,1.0
14360,Person_707,Group_2,Item_6,Threshold_5,1.0
14361,Person_708,Group_2,Item_6,Threshold_5,0.0
14362,Person_709,Group_1,Item_6,Threshold_5,1.0
14363,Person_710,Group_1,Item_6,Threshold_5,1.0
14364,Person_711,Group_1,Item_6,Threshold_5,1.0
14365,Person_713,Group_2,Item_6,Threshold_5,1.0
14366,Person_719,Group_1,Item_6,Threshold_5,0.0
14367,Person_722,Group_2,Item_6,Threshold_5,0.0
14368,Person_723,Group_1,Item_6,Threshold_5,1.0
14369,Person_731,Group_2,Item_6,Threshold_5,1.0
14370,Person_733,Group_1,Item_6,Threshold_5,1.0
14371,Person_734,Group_2,Item_6,Threshold_5,0.0
14372,Person_735,Group_1,Item_6,Threshold_5,1.0
14373,Person_737,Group_1,Item_6,Threshold_5,1.0
14374,Person_738,Group_1,Item_6,Threshold_5,0.0
14375,Person_742,Group_1,Item_6,Threshold_5,1.0
14376,Person_744,Group_2,Item_6,Threshold_5,0.0
14377,Person_745,Group_2,Item_6,Threshold_5,0.0
14378,Person_746,Group_1,Item_6,Threshold_5,0.0
14379,Person_747,Group_1,Item_6,Threshold_5,1.0
14380,Person_748,Group_2,Item_6,Threshold_5,1.0
14381,Person_751,Group_1,Item_6,Threshold_5,1.0
14382,Person_757,Group_2,Item_6,Threshold_5,0.0
14383,Person_763,Group_1,Item_6,Threshold_5,1.0
14384,Person_764,Group_2,Item_6,Threshold_5,1.0
14385,Person_765,Group_1,Item_6,Threshold_5,1.0
14386,Person_773,Group_1,Item_6,Threshold_5,1.0
14387,Person_776,Group_1,Item_6,Threshold_5,0.0
14388,Person_777,Group_2,Item_6,Threshold_5,1.0
14389,Person_778,Group_1,Item_6,Threshold_5,0.0
14390,Person_782,Group_1,Item_6,Threshold_5,1.0
14391,Person_784,Group_1,Item_6,Threshold_5,0.0
14392,Person_786,Group_2,Item_6,Threshold_5,0.0
14393,Person_791,Group_2,Item_6,Threshold_5,1.0
14394,Person_795,Group_1,Item_6,Threshold_5,0.0
14395,Person_796,Group_1,Item_6,Threshold_5,1.0
14396,Person_801,Group_1,Item_6,Threshold_5,1.0
14397,Person_802,Group_2,Item_6,Threshold_5,1.0
14398,Person_805,Group_2,Item_6,Threshold_5,1.0
14399,Person_807,Group_1,Item_6,Threshold_5,1.0
14400,Person_811,Group_2,Item_6,Threshold_5,1.0
14401,Person_814,Group_1,Item_6,Threshold_5,0.0
14402,Person_815,Group_1,Item_6,Threshold_5,0.0
14403,Person_817,Group_2,Item_6,Threshold_5,1.0
14404,Person_818,Group_1,Item_6,Threshold_5,1.0
14405,Person_821,Group_1,Item_6,Threshold_5,0.0
14406,Person_825,Group_2,Item_6,Threshold_5,1.0
14407,Person_828,Group_1,Item_6,Threshold_5,0.0
14408,Person_833,Group_2,Item_6,Threshold_5,1.0
14409,Person_838,Group_1,Item_6,Threshold_5,0.0
14410,Person_839,Group_2,Item_6,Threshold_5,0.0
14411,Person_840,Group_2,Item_6,Threshold_5,0.0
14412,Person_841,Group_1,Item_6,Threshold_5,0.0
14413,Person_845,Group_2,Item_6,Threshold_5,1.0
14414,Person_853,Group_2,Item_6,Threshold_5,1.0
14415,Person_854,Group_1,Item_6,Threshold_5,0.0
14416,Person_861,Group_1,Item_6,Threshold_5,1.0
14417,Person_863,Group_1,Item_6,Threshold_5,0.0
14418,Person_864,Group_1,Item_6,Threshold_5,1.0
14419,Person_866,Group_2,Item_6,Threshold_5,1.0
14420,Person_871,Group_2,Item_6,Threshold_5,1.0
14421,Person_874,Group_1,Item_6,Threshold_5,0.0
14422,Person_876,Group_2,Item_6,Threshold_5,1.0
14423,Person_878,Group_1,Item_6,Threshold_5,1.0
14424,Person_884,Group_1,Item_6,Threshold_5,1.0
14425,Person_889,Group_1,Item_6,Threshold_5,1.0
14426,Person_892,Group_2,Item_6,Threshold_5,1.0
14427,Person_894,Group_2,Item_6,Threshold_5,0.0
14428,Person_897,Group_2,Item_6,Threshold_5,1.0
14429,Person_899,Group_2,Item_6,Threshold_5,1.0
14430,Person_900,Group_2,Item_6,Threshold_5,1.0
14431,Person_901,Group_2,Item_6,Threshold_5,1.0
14432,Person_904,Group_2,Item_6,Threshold_5,0.0
14433,Person_905,Group_2,Item_6,Threshold_5,1.0
14434,Person_906,Group_2,Item_6,Threshold_5,0.0
14435,Person_909,Group_1,Item_6,Threshold_5,1.0
14436,Person_911,Group_2,Item_6,Threshold_5,0.0
14437,Person_918,Group_2,Item_6,Threshold_5,1.0
14438,Person_919,Group_2,Item_6,Threshold_5,1.0
14439,Person_920,Group_1,Item_6,Threshold_5,1.0
14440,Person_921,Group_2,Item_6,Threshold_5,1.0
14441,Person_926,Group_2,Item_6,Threshold_5,1.0
14442,Person_927,Group_2,Item_6,Threshold_5,0.0
14443,Person_929,Group_2,Item_6,Threshold_5,1.0
14444,Person_931,Group_2,Item_6,Threshold_5,0.0
14445,Person_933,Group_2,Item_6,Threshold_5,1.0
14446,Person_936,Group_2,Item_6,Threshold_5,0.0
14447,Person_937,Group_2,Item_6,Threshold_5,1.0
14448,Person_941,Group_2,Item_6,Threshold_5,0.0
14449,Person_942,Group_2,Item_6,Threshold_5,1.0
14450,Person_944,Group_1,Item_6,Threshold_5,0.0
14451,Person_946,Group_1,Item_6,Threshold_5,1.0
14452,Person_948,Group_2,Item_6,Threshold_5,1.0
14453,Person_949,Group_2,Item_6,Threshold_5,1.0
14454,Person_952,Group_2,Item_6,Threshold_5,1.0
14455,Person_958,Group_2,Item_6,Threshold_5,0.0
14456,Person_960,Group_2,Item_6,Threshold_5,1.0
14457,Person_963,Group_2,Item_6,Threshold_5,0.0
14458,Person_966,Group_1,Item_6,Threshold_5,0.0
14459,Person_968,Group_2,Item_6,Threshold_5,1.0
14460,Person_970,Group_1,Item_6,Threshold_5,1.0
14461,Person_971,Group_2,Item_6,Threshold_5,1.0
14462,Person_977,Group_2,Item_6,Threshold_5,0.0
14463,Person_979,Group_2,Item_6,Threshold_5,0.0
14464,Person_981,Group_1,Item_6,Threshold_5,1.0
14465,Person_982,Group_1,Item_6,Threshold_5,1.0
14466,Person_985,Group_1,Item_6,Threshold_5,0.0
14467,Person_989,Group_2,Item_6,Threshold_5,0.0
14468,Person_990,Group_2,Item_6,Threshold_5,1.0
14469,Person_993,Group_1,Item_6,Threshold_5,1.0
14470,Person_995,Group_2,Item_6,Threshold_5,1.0
14471,Person_996,Group_2,Item_6,Threshold_5,1.0
14472,Person_1001,Group_2,Item_6,Threshold_5,1.0
14473,Person_1003,Group_2,Item_6,Threshold_5,0.0
14474,Person_1005,Group_1,Item_6,Threshold_5,1.0
14475,Person_1010,Group_1,Item_6,Threshold_5,1.0
14476,Person_1013,Group_2,Item_6,Threshold_5,1.0
14477,Person_1021,Group_1,Item_6,Threshold_5,1.0
14478,Person_1031,Group_2,Item_6,Threshold_5,0.0
14479,Person_1032,Group_2,Item_6,Threshold_5,1.0
14480,Person_1038,Group_1,Item_6,Threshold_5,1.0
14481,Person_1041,Group_2,Item_6,Threshold_5,0.0
14482,Person_1045,Group_1,Item_6,Threshold_5,1.0
14483,Person_1051,Group_1,Item_6,Threshold_5,0.0
14484,Person_1055,Group_2,Item_6,Threshold_5,1.0
14485,Person_1058,Group_2,Item_6,Threshold_5,0.0
14486,Person_1060,Group_1,Item_6,Threshold_5,0.0
14487,Person_1065,Group_2,Item_6,Threshold_5,0.0
14488,Person_1066,Group_2,Item_6,Threshold_5,1.0
14489,Person_1070,Group_2,Item_6,Threshold_5,0.0
14490,Person_1078,Group_1,Item_6,Threshold_5,1.0
14491,Person_1082,Group_2,Item_6,Threshold_5,1.0
14492,Person_1083,Group_2,Item_6,Threshold_5,1.0
14493,Person_1084,Group_2,Item_6,Threshold_5,1.0
14494,Person_1085,Group_2,Item_6,Threshold_5,1.0
14495,Person_1086,Group_1,Item_6,Threshold_5,0.0
14496,Person_1089,Group_2,Item_6,Threshold_5,1.0
14497,Person_1090,Group_2,Item_6,Threshold_5,1.0
14498,Person_1094,Group_1,Item_6,Threshold_5,0.0
14499,Person_1097,Group_1,Item_6,Threshold_5,1.0
14500,Person_1100,Group_2,Item_6,Threshold_5,1.0
14501,Person_1103,Group_2,Item_6,Threshold_5,0.0
14502,Person_1105,Group_1,Item_6,Threshold_5,1.0
14503,Person_1107,Group_1,Item_6,Threshold_5,1.0
14504,Person_1108,Group_2,Item_6,Threshold_5,1.0
14505,Person_1110,Group_2,Item_6,Threshold_5,0.0
14506,Person_1118,Group_1,Item_6,Threshold_5,1.0
14507,Person_1124,Group_2,Item_6,Threshold_5,0.0
14508,Person_1125,Group_1,Item_6,Threshold_5,1.0
14509,Person_1126,Group_1,Item_6,Threshold_5,1.0
14510,Person_1127,Group_1,Item_6,Threshold_5,0.0
14511,Person_1128,Group_1,Item_6,Threshold_5,0.0
14512,Person_1131,Group_1,Item_6,Threshold_5,0.0
14513,Person_1133,Group_2,Item_6,Threshold_5,0.0
14514,Person_1134,Group_1,Item_6,Threshold_5,0.0
14515,Person_1135,Group_2,Item_6,Threshold_5,1.0
14516,Person_1137,Group_2,Item_6,Threshold_5,1.0
14517,Person_1140,Group_1,Item_6,Threshold_5,0.0
14518,Person_1145,Group_1,Item_6,Threshold_5,1.0
14519,Person_1152,Group_2,Item_6,Threshold_5,0.0
14520,Person_1155,Group_2,Item_6,Threshold_5,1.0
14521,Person_1156,Group_1,Item_6,Threshold_5,0.0
14522,Person_1159,Group_1,Item_6,Threshold_5,0.0
14523,Person_1160,Group_1,Item_6,Threshold_5,1.0
14524,Person_1162,Group_2,Item_6,Threshold_5,0.0
14525,Person_1164,Group_1,Item_6,Threshold_5,0.0
14526,Person_1172,Group_1,Item_6,Threshold_5,1.0
14527,Person_1174,Group_2,Item_6,Threshold_5,1.0
14528,Person_1177,Group_2,Item_6,Threshold_5,1.0
14529,Person_1181,Group_2,Item_6,Threshold_5,1.0
14530,Person_1182,Group_2,Item_6,Threshold_5,1.0
14531,Person_1185,Group_2,Item_6,Threshold_5,1.0
14532,Person_1186,Group_2,Item_6,Threshold_5,1.0
14533,Person_1187,Group_2,Item_6,Threshold_5,1.0
14534,Person_1189,Group_2,Item_6,Threshold_5,1.0
14535,Person_1190,Group_1,Item_6,Threshold_5,1.0
14536,Person_1195,Group_2,Item_6,Threshold_5,1.0
14537,Person_1196,Group_2,Item_6,Threshold_5,1.0
14538,Person_1201,Group_1,Item_6,Threshold_5,1.0
14539,Person_1202,Group_2,Item_6,Threshold_5,0.0
14540,Person_1208,Group_1,Item_6,Threshold_5,0.0
14541,Person_1209,Group_1,Item_6,Threshold_5,0.0
14542,Person_1212,Group_2,Item_6,Threshold_5,1.0
14543,Person_1213,Group_2,Item_6,Threshold_5,0.0
14544,Person_1218,Group_2,Item_6,Threshold_5,0.0
14545,Person_1220,Group_2,Item_6,Threshold_5,1.0
14546,Person_1221,Group_1,Item_6,Threshold_5,1.0
14547,Person_1223,Group_1,Item_6,Threshold_5,1.0
14548,Person_1224,Group_2,Item_6,Threshold_5,1.0
14549,Person_1227,Group_2,Item_6,Threshold_5,0.0
14550,Person_1231,Group_2,Item_6,Threshold_5,1.0
14551,Person_1233,Group_2,Item_6,Threshold_5,1.0
14552,Person_1234,Group_2,Item_6,Threshold_5,0.0
14553,Person_1237,Group_2,Item_6,Threshold_5,0.0
14554,Person_1238,Group_1,Item_6,Threshold_5,1.0
14555,Person_1239,Group_2,Item_6,Threshold_5,1.0
14556,Person_1242,Group_1,Item_6,Threshold_5,1.0
14557,Person_1246,Group_2,Item_6,Threshold_5,1.0
14558,Person_1247,Group_1,Item_6,Threshold_5,1.0
14559,Person_1251,Group_2,Item_6,Threshold_5,1.0
14560,Person_1253,Group_1,Item_6,Threshold_5,1.0
14561,Person_1255,Group_1,Item_6,Threshold_5,0.0
14562,Person_1257,Group_2,Item_6,Threshold_5,1.0
14563,Person_1277,Group_1,Item_6,Threshold_5,0.0
14564,Person_1283,Group_2,Item_6,Threshold_5,1.0
14565,Person_1285,Group_2,Item_6,Threshold_5,1.0
14566,Person_1286,Group_1,Item_6,Threshold_5,1.0
14567,Person_1289,Group_1,Item_6,Threshold_5,1.0
14568,Person_1291,Group_2,Item_6,Threshold_5,1.0
14569,Person_1292,Group_1,Item_6,Threshold_5,1.0
14570,Person_1299,Group_1,Item_6,Threshold_5,1.0
14571,Person_1305,Group_2,Item_6,Threshold_5,1.0
14572,Person_1307,Group_1,Item_6,Threshold_5,0.0
14573,Person_1310,Group_1,Item_6,Threshold_5,0.0
14574,Person_1311,Group_2,Item_6,Threshold_5,1.0
14575,Person_1312,Group_1,Item_6,Threshold_5,1.0
14576,Person_1314,Group_2,Item_6,Threshold_5,0.0
14577,Person_1315,Group_1,Item_6,Threshold_5,1.0
14578,Person_1319,Group_2,Item_6,Threshold_5,1.0
14579,Person_1323,Group_2,Item_6,Threshold_5,1.0
14580,Person_1324,Group_1,Item_6,Threshold_5,0.0
14581,Person_1325,Group_1,Item_6,Threshold_5,1.0
14582,Person_1326,Group_1,Item_6,Threshold_5,1.0
14583,Person_1327,Group_1,Item_6,Threshold_5,1.0
14584,Person_1328,Group_1,Item_6,Threshold_5,1.0
14585,Person_1329,Group_1,Item_6,Threshold_5,1.0
14586,Person_1331,Group_1,Item_6,Threshold_5,1.0
14587,Person_1332,Group_2,Item_6,Threshold_5,1.0
14588,Person_1333,Group_1,Item_6,Threshold_5,0.0
14589,Person_1334,Group_2,Item_6,Threshold_5,0.0
14590,Person_1337,Group_2,Item_6,Threshold_5,1.0
14591,Person_1344,Group_1,Item_6,Threshold_5,1.0
14592,Person_1346,Group_1,Item_6,Threshold_5,1.0
14593,Person_1347,Group_1,Item_6,Threshold_5,1.0
14594,Person_1348,Group_2,Item_6,Threshold_5,1.0
14595,Person_1349,Group_2,Item_6,Threshold_5,1.0
14596,Person_1351,Group_2,Item_6,Threshold_5,1.0
14597,Person_1353,Group_2,Item_6,Threshold_5,1.0
14598,Person_1358,Group_1,Item_6,Threshold_5,1.0
14599,Person_1362,Group_1,Item_6,Threshold_5,1.0
14600,Person_1363,Group_2,Item_6,Threshold_5,0.0
14601,Person_1375,Group_1,Item_6,Threshold_5,0.0
14602,Person_1377,Group_1,Item_6,Threshold_5,1.0
14603,Person_1378,Group_2,Item_6,Threshold_5,1.0
14604,Person_1379,Group_1,Item_6,Threshold_5,0.0
14605,Person_1380,Group_1,Item_6,Threshold_5,1.0
14606,Person_1385,Group_1,Item_6,Threshold_5,1.0
14607,Person_1386,Group_2,Item_6,Threshold_5,0.0
14608,Person_1388,Group_1,Item_6,Threshold_5,1.0
14609,Person_1389,Group_1,Item_6,Threshold_5,1.0
14610,Person_1395,Group_2,Item_6,Threshold_5,1.0
14611,Person_1401,Group_2,Item_6,Threshold_5,1.0
14612,Person_1405,Group_1,Item_6,Threshold_5,0.0
14613,Person_1406,Group_2,Item_6,Threshold_5,1.0
14614,Person_1409,Group_1,Item_6,Threshold_5,0.0
14615,Person_1411,Group_2,Item_6,Threshold_5,1.0
14616,Person_1413,Group_2,Item_6,Threshold_5,0.0
14617,Person_1415,Group_2,Item_6,Threshold_5,1.0
14618,Person_1416,Group_1,Item_6,Threshold_5,1.0
14619,Person_1417,Group_2,Item_6,Threshold_5,0.0
14620,Person_1418,Group_1,Item_6,Threshold_5,1.0
14621,Person_1420,Group_1,Item_6,Threshold_5,1.0
14622,Person_1423,Group_2,Item_6,Threshold_5,1.0
14623,Person_1427,Group_1,Item_6,Threshold_5,1.0
14624,Person_1431,Group_2,Item_6,Threshold_5,0.0
14625,Person_1432,Group_1,Item_6,Threshold_5,1.0
14626,Person_1451,Group_1,Item_6,Threshold_5,1.0
14627,Person_1458,Group_1,Item_6,Threshold_5,1.0
14628,Person_1461,Group_2,Item_6,Threshold_5,1.0
14629,Person_1463,Group_1,Item_6,Threshold_5,0.0
14630,Person_1464,Group_2,Item_6,Threshold_5,1.0
14631,Person_1466,Group_1,Item_6,Threshold_5,0.0
14632,Person_1472,Group_2,Item_6,Threshold_5,0.0
14633,Person_1473,Group_2,Item_6,Threshold_5,1.0
14634,Person_1478,Group_2,Item_6,Threshold_5,0.0
14635,Person_1482,Group_1,Item_6,Threshold_5,0.0
14636,Person_1483,Group_2,Item_6,Threshold_5,0.0
14637,Person_1484,Group_1,Item_6,Threshold_5,1.0
14638,Person_1486,Group_2,Item_6,Threshold_5,1.0
14639,Person_1490,Group_2,Item_6,Threshold_5,0.0
14640,Person_1491,Group_1,Item_6,Threshold_5,1.0
14641,Person_1494,Group_2,Item_6,Threshold_5,1.0
14642,Person_1498,Group_1,Item_6,Threshold_5,1.0
14643,Person_1499,Group_2,Item_6,Threshold_5,0.0
14644,Person_1500,Group_2,Item_6,Threshold_5,1.0
14645,Person_1502,Group_1,Item_6,Threshold_5,1.0
14646,Person_1503,Group_1,Item_6,Threshold_5,1.0
14647,Person_1505,Group_1,Item_6,Threshold_5,1.0
14648,Person_1510,Group_1,Item_6,Threshold_5,1.0
14649,Person_1511,Group_2,Item_6,Threshold_5,1.0
14650,Person_1512,Group_1,Item_6,Threshold_5,1.0
14651,Person_1514,Group_1,Item_6,Threshold_5,1.0
14652,Person_1517,Group_2,Item_6,Threshold_5,1.0
14653,Person_1519,Group_1,Item_6,Threshold_5,0.0
14654,Person_1522,Group_1,Item_6,Threshold_5,0.0
14655,Person_1526,Group_2,Item_6,Threshold_5,0.0
14656,Person_1533,Group_2,Item_6,Threshold_5,0.0
14657,Person_1536,Group_2,Item_6,Threshold_5,0.0
14658,Person_1539,Group_2,Item_6,Threshold_5,1.0
14659,Person_1540,Group_1,Item_6,Threshold_5,0.0
14660,Person_1542,Group_2,Item_6,Threshold_5,1.0
14661,Person_1545,Group_2,Item_6,Threshold_5,0.0
14662,Person_1547,Group_1,Item_6,Threshold_5,1.0
14663,Person_1550,Group_1,Item_6,Threshold_5,1.0
14664,Person_1551,Group_1,Item_6,Threshold_5,0.0
14665,Person_1552,Group_2,Item_6,Threshold_5,0.0
14666,Person_1553,Group_1,Item_6,Threshold_5,0.0
14667,Person_1554,Group_1,Item_6,Threshold_5,1.0
14668,Person_1555,Group_1,Item_6,Threshold_5,0.0
14669,Person_1556,Group_2,Item_6,Threshold_5,1.0
14670,Person_1560,Group_2,Item_6,Threshold_5,1.0
14671,Person_1565,Group_2,Item_6,Threshold_5,0.0
14672,Person_1567,Group_2,Item_6,Threshold_5,0.0
14673,Person_1569,Group_1,Item_6,Threshold_5,1.0
14674,Person_1571,Group_1,Item_6,Threshold_5,1.0
14675,Person_1572,Group_1,Item_6,Threshold_5,1.0
14676,Person_1573,Group_1,Item_6,Threshold_5,0.0
14677,Person_1574,Group_1,Item_6,Threshold_5,1.0
14678,Person_1577,Group_2,Item_6,Threshold_5,0.0
14679,Person_1579,Group_1,Item_6,Threshold_5,0.0
14680,Person_1580,Group_1,Item_6,Threshold_5,0.0
14681,Person_1583,Group_2,Item_6,Threshold_5,1.0
14682,Person_1588,Group_2,Item_6,Threshold_5,1.0
14683,Person_1590,Group_1,Item_6,Threshold_5,0.0
14684,Person_1592,Group_2,Item_6,Threshold_5,1.0
14685,Person_1595,Group_2,Item_6,Threshold_5,0.0
14686,Person_1603,Group_1,Item_6,Threshold_5,1.0
14687,Person_1604,Group_2,Item_6,Threshold_5,0.0
14688,Person_1606,Group_1,Item_6,Threshold_5,0.0
14689,Person_1610,Group_1,Item_6,Threshold_5,1.0
14690,Person_1611,Group_2,Item_6,Threshold_5,0.0
14691,Person_1613,Group_1,Item_6,Threshold_5,1.0
14692,Person_1614,Group_2,Item_6,Threshold_5,0.0
14693,Person_1617,Group_1,Item_6,Threshold_5,1.0
14694,Person_1619,Group_2,Item_6,Threshold_5,1.0
14695,Person_1624,Group_1,Item_6,Threshold_5,0.0
14696,Person_1625,Group_1,Item_6,Threshold_5,1.0
14697,Person_1628,Group_2,Item_6,Threshold_5,0.0
14698,Person_1633,Group_2,Item_6,Threshold_5,1.0
14699,Person_1634,Group_2,Item_6,Threshold_5,0.0
14700,Person_1638,Group_1,Item_6,Threshold_5,0.0
